# SiegelIndex,RA,Dec,(B-V)0,Mu,Mb,Mv,u,B,V,I,E(B-V)=0.01, m-M = 15.55
1806,81.058569,-24.516246,-0.39,2.74,2.65,3.04,18.3452,18.2600,18.6306,18.1549
2007,81.056368,-24.533323,-0.33,2.25,2.04,2.38,17.8556,17.6545,17.9687,99.9999
2037,81.056043,-24.539113,-0.06,0.81,0.18,0.24,16.4171,15.7788,15.8270,15.9514
2423,81.052294,-24.531677,-0.32,1.88,1.21,1.54,17.4835,16.8243,17.1260,99.9999
2692,81.049718,-24.538930,-0.37,1.94,2.47,2.84,17.5439,18.0807,18.4271,19.0826
2726,81.049558,-24.523934,-0.26,84.39,0.27,0.53,99.9999,15.8764,16.1172,99.9999
3603,81.042139,-24.492901,-0.67,84.39,4.21,4.89,99.9999,19.8383,20.4812,99.9999
4560,81.032323,-24.519964,-0.44,5.11,3.60,4.05,20.7208,19.2206,19.6387,18.8474
5363,81.020361,-24.536787,-0.63,84.39,3.33,3.96,99.9999,18.9543,19.5551,18.6892
