           1   224.72979212603934       -82.340335376052550     
           2   225.06331481455425       -82.339967840741352     
           3   225.26967157757832       -82.339428954872247     
           4   225.57251679127427       -82.338593744586348     
           5   224.62448967426650       -82.338958498774289     
           6   224.68280554037091       -82.338690755165914     
           7   225.35638630849178       -82.337379424152147     
           8   224.81512198643185       -82.337706578205498     
           9   224.73478907510446       -82.337454059847047     
          10   225.55286015610079       -82.336344948909769     
          11   225.52320835249213       -82.336115889707713     
          12   224.41623882343984       -82.335894346797474     
          13   225.17966219461354       -82.335342957916694     
          14   224.97229767538573       -82.335265283910019     
          15   225.36395142765170       -82.334367321681015     
          16   224.47799056503476       -82.333755758782900     
          17   224.51819158841556       -82.333634025264104     
          18   225.69400404653172       -82.331525157036097     
          19   225.15439208621032       -82.332447685776771     
          20   225.05039300055157       -82.331570740581682     
          21   224.69509956688412       -82.331591268069090     
          22   225.07944785833595       -82.331111034853805     
          23   225.13356867182267       -82.330919956701990     
          24   224.82887253660493       -82.331194135970520     
          25   225.78007999536948       -82.328761092057547     
          26   225.03909852958427       -82.330109507116759     
          27   225.23274362750479       -82.328734908046059     
          28   225.99463454388464       -82.326775748379916     
          29   224.66659267301557       -82.327898683979370     
          30   224.90936443030748       -82.327345998059585     
          31   225.04403387247240       -82.327150989339643     
          32   224.34137488265503       -82.327216649021480     
          33   225.66150456002717       -82.325933819810203     
          34   225.29890278980866       -82.326509858588011     
          35   225.88462555950045       -82.324717386102463     
          36   225.58866395526584       -82.325315765370277     
          37   225.15183495270261       -82.325994800168161     
          38   225.21429859711051       -82.325547357623634     
          39   224.46649448887430       -82.325487518763836     
          40   225.04849988176426       -82.324761988466591     
          41   224.49588014115596       -82.324763796119441     
          42   225.38818063996851       -82.323937532139382     
          43   225.19825715883968       -82.323923420451777     
          44   225.18466314020242       -82.323263616054561     
          45   225.76711949341995       -82.321962197052528     
          46   225.02471808544277       -82.322929079650180     
          47   224.50140566990450       -82.322984358780715     
          48   224.40681955673730       -82.322090031446265     
          49   225.81299916125644       -82.320203039393604     
          50   224.29226694059238       -82.321436342962031     
          51   224.35538697425804       -82.321291351691670     
          52   224.27419249039940       -82.321226587201650     
          53   224.95308094675218       -82.320682881982208     
          54   224.34975122212799       -82.320753587797014     
          55   225.43152054973743       -82.319796537138672     
          56   225.32497844934900       -82.319663309323644     
          57   224.44495197936175       -82.320023766119164     
          58   224.53251287926849       -82.319351308723483     
          59   224.28917787233650       -82.318866803221553     
          60   225.34108326831009       -82.317905058883767     
          61   225.50152816564650       -82.317388987115820     
          62   225.58458334609875       -82.316267401280953     
          63   225.84378632850584       -82.315319584235226     
          64   224.88288194493850       -82.316372430714011     
          65   224.99584605011711       -82.316065353127087     
          66   225.34436218696385       -82.315578281908344     
          67   225.67159054393582       -82.314654339339199     
          68   224.97774807993417       -82.314649452498386     
          69   225.28006521660816       -82.313959521922214     
          70   225.00626755497947       -82.313658768272234     
          71   224.80022318448528       -82.313361216186308     
          72   224.51897921366114       -82.313066602959680     
          73   225.68597816526093       -82.311064069722434     
          74   225.16426647629260       -82.311863361172698     
          75   224.37536626665755       -82.312154583327512     
          76   224.70482005203425       -82.312133842616262     
          77   224.62686418251982       -82.311845731671809     
          78   224.29728851578616       -82.311654180286240     
          79   225.70824990956061       -82.310245367446470     
          80   224.20031029559942       -82.311514507207320     
          81   224.93241835110524       -82.310925834499699     
          82   224.24264700502121       -82.310773172718569     
          83   224.17629674408803       -82.310447503152048     
          84   225.84996236606145       -82.308788355530822     
          85   225.42080114849335       -82.309814909840597     
          86   224.72306364926604       -82.310580897758925     
          87   224.98661007829648       -82.310405065388792     
          88   224.70139286802609       -82.310538195118326     
          89   225.10755567095623       -82.310064360833906     
          90   225.88925786165856       -82.308253909039806     
          91   224.73094279214757       -82.309942651702343     
          92   225.99304564126501       -82.307309247702250     
          93   225.66622654744012       -82.308001828065599     
          94   224.37665016603702       -82.309092331340537     
          95   225.48935178333346       -82.308133293863975     
          96   225.34418547240952       -82.308397907604970     
          97   224.96125835573545       -82.308769739846767     
          98   224.58102535240954       -82.307689053241802     
          99   224.80418181883203       -82.307535527150719     
         100   225.30915742585125       -82.305839292692013     
         101   224.74093065403906       -82.306227827257487     
         102   224.51752401259486       -82.306070152542858     
         103   225.49395919723560       -82.305019166646701     
         104   224.61985646518161       -82.305753875748849     
         105   225.59784663079748       -82.304025063434750     
         106   225.29668350298934       -82.304611097520976     
         107   225.88495157066629       -82.302869634357990     
         108   224.57252487556329       -82.304379214931700     
         109   224.58154319774587       -82.303129585025488     
         110   224.45231084970752       -82.302889651017495     
         111   225.99785412378699       -82.300571756044391     
         112   224.69234201466583       -82.302436400786732     
         113   224.46456040348340       -82.302217820651720     
         114   224.25225108375770       -82.301402438595801     
         115   225.36933275681815       -82.300732849226350     
         116   224.32403720858784       -82.300229106852342     
         117   225.37457503081524       -82.298951167395415     
         118   225.86031508443656       -82.297394549368533     
         119   225.65163561143004       -82.297741453015490     
         120   225.15472806925737       -82.298348037207703     
         121   225.98623872803543       -82.296031895535862     
         122   224.86906694884792       -82.298037467328967     
         123   224.42904235742719       -82.297824021052051     
         124   225.47606406353509       -82.296759894613160     
         125   224.47895467609712       -82.297576061899136     
         126   224.93203722290485       -82.297044517041371     
         127   224.46068134790957       -82.297075243402574     
         128   225.52596623207290       -82.295969589506768     
         129   224.92168643333213       -82.296698195339488     
         130   224.39578816156586       -82.295089050532297     
         131   225.04030805281641       -82.293551523554143     
         132   224.44663856852003       -82.293643186122068     
         133   225.67633602979157       -82.292119731704190     
         134   225.14948082332478       -82.292583570738728     
         135   225.91094137052605       -82.290738936862638     
         136   224.92456876947492       -82.292407133695178     
         137   224.59205137391942       -82.291522230457645     
         138   224.90742722667375       -82.290922193597225     
         139   224.85789989554880       -82.290889657410204     
         140   225.47079585999816       -82.289784936594245     
         141   225.08737785402141       -82.289999204661598     
         142   224.60788263943556       -82.289993276324466     
         143   225.54656103743733       -82.288810197958796     
         144   225.20071091161890       -82.289274916765237     
         145   225.56721957818075       -82.288296493595496     
         146   225.55244945220429       -82.288161392924977     
         147   225.23046390991112       -82.287114932043139     
         148   224.34907039810466       -82.287505493652901     
         149   225.49941852917468       -82.286424012404154     
         150   224.98803135971121       -82.286628411181624     
         151   225.16850334852327       -82.286131957224327     
         152   225.21184500393218       -82.286041704944921     
         153   225.40269019889800       -82.285699025652747     
         154   225.10650245604009       -82.285792989011483     
         155   225.97522237218038       -82.283366327382410     
         156   224.77815034431347       -82.285295065803254     
         157   224.44332892782003       -82.285015680156036     
         158   224.59872331412126       -82.284776043608730     
         159   224.71124443999059       -82.284355541207532     
         160   224.38642354021746       -82.284066220246189     
         161   224.24384981263614       -82.283186195602113     
         162   225.94079852086196       -82.280363795011169     
         163   224.79986178842759       -82.282427512452003     
         164   225.11149894986167       -82.281630118447097     
         165   224.98556439271582       -82.281148612110471     
         166   225.57291281863149       -82.280003724769983     
         167   224.28224585422444       -82.280760488832627     
         168   224.80374084829035       -82.280559665831461     
         169   225.86467328947293       -82.278461032190208     
         170   225.96280437781772       -82.278075310928116     
         171   225.06750528087474       -82.279882317016117     
         172   224.22438781221226       -82.279949071077667     
         173   225.19417513646496       -82.279559619371284     
         174   224.49719822477178       -82.279601024460504     
         175   225.90190026274590       -82.277395282129561     
         176   225.26990988147347       -82.278812374910402     
         177   224.38272777388025       -82.279146487825173     
         178   226.00044218464592       -82.276649652344773     
         179   225.20830501290249       -82.278055981168407     
         180   224.40597751009909       -82.278065207319301     
         181   224.70764630373381       -82.277507186381470     
         182   224.56545801449985       -82.277203988906550     
         183   225.75044875111104       -82.275500572745045     
         184   225.93669224031342       -82.274796171233845     
         185   225.07145723211343       -82.276358836676195     
         186   225.65524682396008       -82.275187387553984     
         187   224.80291246718159       -82.276300693068364     
         188   224.72637091087387       -82.276166186604129     
         189   225.37118134046767       -82.275291857080674     
         190   224.88522915411417       -82.275699973558119     
         191   224.96170892236046       -82.275414758873239     
         192   225.25176903054364       -82.274228978643336     
         193   225.62454798246159       -82.273341361344620     
         194   224.83599687162797       -82.274332650057630     
         195   224.51545987905257       -82.273865550107075     
         196   225.05185269600076       -82.273327743369236     
         197   225.36615270642361       -82.272443976909912     
         198   225.22873951213739       -82.272555678746997     
         199   224.37341127429775       -82.272868787755428     
         200   225.03043608895368       -82.272356987252309     
         201   224.32948027313469       -82.271830680919237     
         202   225.69123098601381       -82.270162480307178     
         203   224.94467081224397       -82.271017109393540     
         204   224.44547915631270       -82.270486250451484     
         205   225.36616019373102       -82.269004995270393     
         206   225.77818140920809       -82.267978789470007     
         207   225.21484866155538       -82.269155646481252     
         208   225.34687420639295       -82.268456362683523     
         209   225.60638653483085       -82.267713467431747     
         210   224.57370577315885       -82.268705033705345     
         211   225.88991900568044       -82.266654771630357     
         212   225.04778228397225       -82.268001568219276     
         213   225.28718277194855       -82.267535975578426     
         214   224.41655251396369       -82.267994393485466     
         215   224.91867687881989       -82.267815833888562     
         216   225.51425916776117       -82.266487978641734     
         217   224.33831332552589       -82.267194730290981     
         218   225.55059694565026       -82.266018724688834     
         219   225.43895742999058       -82.266022149473244     
         220   225.03383736687701       -82.266523919992210     
         221   224.51640709572490       -82.266581428835607     
         222   224.61396876794677       -82.266173422666157     
         223   225.25217328149481       -82.265470080327574     
         224   225.48750059559583       -82.265009882563902     
         225   225.30409694749454       -82.265247669330535     
         226   225.60567029224055       -82.264484762653169     
         227   224.98484215778097       -82.265494704827049     
         228   224.36124309198917       -82.264748036946258     
         229   224.25163404397364       -82.264636677926788     
         230   225.02341922804146       -82.264350231858700     
         231   225.00171624731146       -82.264216869044390     
         232   225.54539531826893       -82.262580135217945     
         233   224.42144921918225       -82.263445856758153     
         234   224.29162460083549       -82.263209841811161     
         235   225.73226376154014       -82.261721683123525     
         236   224.79324497629324       -82.263046245475564     
         237   224.52209020521519       -82.262862988497119     
         238   225.91612414449645       -82.260103318625241     
         239   225.36381855080307       -82.261376176402734     
         240   225.98087495080651       -82.259611840185116     
         241   224.18224018009289       -82.261365475728184     
         242   225.88112352082982       -82.259358300428545     
         243   225.08179958154756       -82.260713148466991     
         244   224.68305582473565       -82.260926744025426     
         245   224.82144653587127       -82.260857047847551     
         246   225.55912784725757       -82.259692148994532     
         247   224.19968227715088       -82.260616600604180     
         248   225.03793169248570       -82.260482188589876     
         249   224.78779768934484       -82.259936285048099     
         250   225.11406273128731       -82.258818931425196     
         251   225.32783068387295       -82.258397964095735     
         252   225.00836750670382       -82.258386541719617     
         253   225.56199970870932       -82.256917043413637     
         254   225.16915647919262       -82.257619481624616     
         255   224.79969187985662       -82.257942653826859     
         256   225.95125959782862       -82.255740006968111     
         257   224.70183008216682       -82.257658897730437     
         258   225.18182193292307       -82.256970236201482     
         259   225.25349289636992       -82.256765603629091     
         260   224.44671116359586       -82.257258776130811     
         261   225.08021254578867       -82.256797656037605     
         262   224.81960840398969       -82.256948463304525     
         263   225.27819617527854       -82.255711146258093     
         264   224.80827156893656       -82.256162556515619     
         265   224.81391664924294       -82.255473395121115     
         266   225.10646420185216       -82.255134989931335     
         267   224.21403484614362       -82.255192498505721     
         268   225.95156853159020       -82.253021459129656     
         269   225.68926847216173       -82.253424977599494     
         270   224.78584649629519       -82.254732720662659     
         271   224.37457361119468       -82.253712213380069     
         272   224.52148934034105       -82.253683733785081     
         273   225.34929238779250       -82.252599335858960     
         274   225.06265309310342       -82.252961280786622     
         275   225.78292345723847       -82.251271716751575     
         276   225.17005886152560       -82.251850974934655     
         277   225.47834149071738       -82.251157338625987     
         278   225.12791698110260       -82.251623409004239     
         279   224.31938986172113       -82.251700489559894     
         280   225.25282442563662       -82.251051733776606     
         281   225.02368510403309       -82.251185064538802     
         282   224.34025270835764       -82.251227606547019     
         283   225.53204932781810       -82.250201575923171     
         284   225.33160605215915       -82.250479527855418     
         285   224.65614184441222       -82.251018096298935     
         286   224.17464055502683       -82.250729508544097     
         287   225.09109031790024       -82.250214184471631     
         288   224.96278573447012       -82.250274586494797     
         289   225.83143686413317       -82.248589506149699     
         290   224.31210375486552       -82.249825541469619     
         291   225.18128161369484       -82.249494367068579     
         292   225.05867275031378       -82.249454281294277     
         293   224.49761844845324       -82.249575484742110     
         294   225.16912116721906       -82.248721537166190     
         295   224.40080163584079       -82.249027465731032     
         296   225.75188946250063       -82.247455997749128     
         297   224.19779973999533       -82.248849592067728     
         298   224.34793945047602       -82.248834804301211     
         299   225.22163953686908       -82.248269158959019     
         300   224.60916001390964       -82.248363786940644     
         301   225.47797507454217       -82.247228973224679     
         302   225.27797104159274       -82.247321632905937     
         303   225.14843595780627       -82.247470583976593     
         304   224.42215400916874       -82.247577684748961     
         305   225.02752201730809       -82.247358716801173     
         306   225.24019383423891       -82.247057440345017     
         307   225.86111636337679       -82.245589219888487     
         308   225.34431175457649       -82.246681373245011     
         309   225.52178820603885       -82.246321294795379     
         310   224.66936097242569       -82.247307747946081     
         311   225.06646840514043       -82.246883654365803     
         312   225.62260011458096       -82.245633697794005     
         313   224.93842300546572       -82.246453767363647     
         314   225.04659745512768       -82.246279866815470     
         315   225.30968023839000       -82.245852247159021     
         316   224.52167803618386       -82.246344132380187     
         317   225.14276117849064       -82.245933812513471     
         318   225.19421185658049       -82.245398997882106     
         319   225.84225765550016       -82.243943550415594     
         320   225.53724436632859       -82.244580427237295     
         321   225.11786513986837       -82.244944324648657     
         322   224.82762794349955       -82.244793726185975     
         323   225.03473226107766       -82.244495437730350     
         324   224.87025715958197       -82.244425534328954     
         325   224.84562212747500       -82.244393355206341     
         326   225.25063978181490       -82.243906238960349     
         327   225.26467445380550       -82.243756681722346     
         328   224.58579348964997       -82.244126734473852     
         329   225.08481113986903       -82.243687634560928     
         330   224.76357028144821       -82.243913581413068     
         331   225.20839279425101       -82.243462814696713     
         332   224.49515640611051       -82.243903113898739     
         333   225.31061322190638       -82.243216321042112     
         334   224.90098484152782       -82.243509406049597     
         335   225.88551377671183       -82.241550433339967     
         336   224.30071196731021       -82.242958892257477     
         337   225.06886526615466       -82.242760935632234     
         338   224.49225769569966       -82.242988468949619     
         339   225.61414058800921       -82.241744884123307     
         340   225.66510455662177       -82.241595226461754     
         341   224.44019265959255       -82.242922409621826     
         342   225.13667596613396       -82.242496226304581     
         343   225.53103001832233       -82.241730137220515     
         344   225.21453091717777       -82.242203480084214     
         345   225.03236551185523       -82.242413797635535     
         346   224.19398067347120       -82.242420740563176     
         347   225.21689219727963       -82.242096891709352     
         348   224.73138713038384       -82.242343814593866     
         349   225.01134633443732       -82.241995605578353     
         350   225.14070703522594       -82.241716320787873     
         351   225.36572639939280       -82.241284338887212     
         352   225.12257979020066       -82.241484160143898     
         353   224.94257975387319       -82.241559910697561     
         354   224.76529721969061       -82.241597689908971     
         355   225.15942184953943       -82.241244634667524     
         356   224.79975878383124       -82.241151983383730     
         357   224.35212886208504       -82.241053816643884     
         358   225.14278744121452       -82.240093029229513     
         359   225.06440832811856       -82.240104763589088     
         360   225.13531450877585       -82.239750461943999     
         361   224.43761282285513       -82.239987020144810     
         362   224.96396805606878       -82.239826576534000     
         363   225.71968606914439       -82.238343270275962     
         364   225.11931238348191       -82.239251799089672     
         365   224.90692302596497       -82.239306351501867     
         366   225.17098486578018       -82.238929654886462     
         367   225.08071033272677       -82.238941515608076     
         368   225.18263337843990       -82.238729940129517     
         369   224.85961005199266       -82.239044853785458     
         370   225.46786266713596       -82.237660610842923     
         371   224.94484691434170       -82.238278001003366     
         372   224.88901359761741       -82.238314381849307     
         373   225.31478135240849       -82.237380754116174     
         374   225.09268009900771       -82.237518930371550     
         375   225.56969895373669       -82.236452049604623     
         376   224.87988998579027       -82.237282707302469     
         377   224.94954545324410       -82.236973556089893     
         378   224.93121358286916       -82.236876838644392     
         379   225.40895958858252       -82.236077436382857     
         380   224.66620992992168       -82.236853875352097     
         381   225.24539203490463       -82.235790218424299     
         382   224.59337114442229       -82.236272958068355     
         383   224.53605253628643       -82.236185137986922     
         384   225.57673670975589       -82.235007386640802     
         385   225.09460706374873       -82.235850737441993     
         386   225.12447204121889       -82.235753463385265     
         387   225.08054224784701       -82.235710112397712     
         388   225.63680817515828       -82.234522335277902     
         389   225.18478227283765       -82.235351438787859     
         390   225.58751334724028       -82.234557235062368     
         391   225.94258697265266       -82.233499220837771     
         392   224.98202055672351       -82.235403774186224     
         393   224.72641536564234       -82.235391403125888     
         394   225.03398542305777       -82.235069099056204     
         395   225.38598646886794       -82.234301273771905     
         396   224.85187533402888       -82.234945772686757     
         397   224.99007455647893       -82.234708582659394     
         398   225.33158115228818       -82.234209366704960     
         399   225.67247238053548       -82.233416008649826     
         400   224.97118463690984       -82.234574587615342     
         401   225.05343338614793       -82.234418262991497     
         402   225.21186457570141       -82.234202128576840     
         403   225.89203525474389       -82.232630178309748     
         404   225.49434011902383       -82.233631799883426     
         405   224.64680169677553       -82.234584617666329     
         406   225.06641247953644       -82.234315138820705     
         407   224.45251571540680       -82.234290772491050     
         408   224.93508019829630       -82.234131329499562     
         409   225.12252429052415       -82.233850544598525     
         410   225.03893725388596       -82.233867584814021     
         411   225.70649256996862       -82.232632208476545     
         412   225.08999677510266       -82.233565366564250     
         413   225.82747691052353       -82.231804933530924     
         414   225.06472421661775       -82.233152646313243     
         415   225.36950115014193       -82.232632328325522     
         416   225.24869799857595       -82.232657131637282     
         417   224.81674421128571       -82.232951535469795     
         418   224.60284565815334       -82.232960572967855     
         419   225.21421681073977       -82.232316244734832     
         420   225.18968926543425       -82.231931319819523     
         421   225.30070588322241       -82.231730765932497     
         422   225.20266605293085       -82.231824788792196     
         423   224.89084968758459       -82.232104342768011     
         424   224.99255803615381       -82.231941480538140     
         425   225.38637059494621       -82.231312943347845     
         426   225.08868622054001       -82.231683552227793     
         427   225.13052792902261       -82.231617510356841     
         428   224.91343468176302       -82.231687517297800     
         429   225.00291820765673       -82.231584093181439     
         430   225.51480408641245       -82.230663103320168     
         431   224.29043285641151       -82.231180691171872     
         432   225.58800190380296       -82.229725248978326     
         433   224.46341120509993       -82.230820658935997     
         434   225.09243484024236       -82.230535040923755     
         435   224.47153891940039       -82.230769835578513     
         436   225.19063927374211       -82.230195026437499     
         437   224.85601495760957       -82.230411434332908     
         438   225.35772435099295       -82.229728909456966     
         439   225.46629229359118       -82.229460118843690     
         440   224.81130275818433       -82.230255748397099     
         441   225.08600249299406       -82.229926522190567     
         442   225.52278155231807       -82.229165306950577     
         443   225.17461584167674       -82.229677935782391     
         444   225.34003220039244       -82.229231768695385     
         445   225.05013287279834       -82.229549764211271     
         446   224.97996630297484       -82.229536538424853     
         447   225.23999796481317       -82.229164092667887     
         448   224.93953065997925       -82.229488557470859     
         449   225.07529661509275       -82.229352072573263     
         450   225.39979265050209       -82.228835605034249     
         451   224.92794604670297       -82.229354162090630     
         452   225.21203978614818       -82.228959036103006     
         453   225.47607394353682       -82.228449197248977     
         454   225.43750450227822       -82.228514040595243     
         455   225.28701448572204       -82.228690598373277     
         456   225.17707422118787       -82.228833232517943     
         457   224.79385132730604       -82.229062191688598     
         458   225.14178239839381       -82.228483185676723     
         459   225.54581873171500       -82.227765433252472     
         460   225.06344995498290       -82.228397764656748     
         461   225.20730531616513       -82.228194631785371     
         462   225.45774114814162       -82.227647341543374     
         463   225.05330139292096       -82.228111885728666     
         464   225.13004365055343       -82.228017346879895     
         465   224.80204658008901       -82.228247179428067     
         466   224.97540420241452       -82.227984958613746     
         467   225.10741025682788       -82.227788849903490     
         468   225.08274100493472       -82.227701750361319     
         469   224.96321962166229       -82.227727689662231     
         470   225.12113642693291       -82.227282072579044     
         471   225.06558920863688       -82.227204263651501     
         472   224.95099369125671       -82.227193674072510     
         473   225.18222721778818       -82.226850569094267     
         474   224.51241141532165       -82.227221262505751     
         475   225.10427340267123       -82.226731747033696     
         476   225.07428707069766       -82.226689748102089     
         477   224.47237140361480       -82.226944488356125     
         478   225.02804020399290       -82.226564171754561     
         479   225.25637425065332       -82.226176561465238     
         480   224.77681817780564       -82.226657688407244     
         481   225.53509359294290       -82.225593118330281     
         482   225.51394565575430       -82.225512549415129     
         483   224.82632319727384       -82.226313886884853     
         484   225.26284852240528       -82.225817247114847     
         485   225.08668384322689       -82.225957383525113     
         486   224.99269764692534       -82.226024816428051     
         487   225.07810942167828       -82.225728145788281     
         488   225.72258230371696       -82.224416932984198     
         489   225.63156795793378       -82.224634128840208     
         490   225.02555211143388       -82.225590193849499     
         491   225.41977378324032       -82.224945123489931     
         492   225.87413109505292       -82.223744142055423     
         493   225.05294776112626       -82.225330220146006     
         494   224.89530795550053       -82.225449513965955     
         495   225.24835105783538       -82.225008096966405     
         496   225.19835963820796       -82.224974684117399     
         497   224.83039616046699       -82.225291653713612     
         498   225.09635286254090       -82.224996815551350     
         499   224.95284475845497       -82.225078493457559     
         500   225.74953526726358       -82.223642909224282     
         501   225.13074383006813       -82.224581147184381     
         502   225.44842893184793       -82.223961141285855     
         503   224.85178722307117       -82.224659491288293     
         504   224.91633354632080       -82.224523806084520     
         505   225.37111767167136       -82.223881260597253     
         506   225.02991347551117       -82.224347925113193     
         507   224.99099403471726       -82.224329364653457     
         508   225.21016641861931       -82.223997323375855     
         509   225.37972107778566       -82.223686439484780     
         510   225.08880658585011       -82.224008191560245     
         511   225.00740821424657       -82.224069779918409     
         512   225.16970825537373       -82.223868308185544     
         513   224.95611070737368       -82.224018155158376     
         514   224.92430360932508       -82.223830997905210     
         515   225.27458493800370       -82.223361427131195     
         516   224.99818444081441       -82.223712786737337     
         517   225.75517746300571       -82.222305742057330     
         518   224.20695901491641       -82.223641335990322     
         519   225.61542659331039       -82.222460576142808     
         520   224.94337734275132       -82.223521594338919     
         521   225.05202636318100       -82.223407265087175     
         522   225.24267463557123       -82.223069632773544     
         523   224.97813895141209       -82.223390348559477     
         524   225.22966196315713       -82.223071929254004     
         525   225.00308294303352       -82.223326544810533     
         526   225.57071323007628       -82.222368044361133     
         527   225.31080506500714       -82.222703336649417     
         528   225.85020902649237       -82.221397770179337     
         529   224.24362098490130       -82.223107003898292     
         530   225.11501943924569       -82.222811365638179     
         531   225.62734727087332       -82.221836154681824     
         532   225.12283270599440       -82.222629475875834     
         533   224.84524686056400       -82.222873407910186     
         534   225.67687376902754       -82.221541038678865     
         535   224.92628830059388       -82.222612831867707     
         536   225.08206311473947       -82.222338941734620     
         537   225.09315746246276       -82.222256625331937     
         538   224.95766046746238       -82.222346698310162     
         539   225.37030598552542       -82.221778194120532     
         540   225.03898730171812       -82.222241576318936     
         541   225.04033082309601       -82.222173785524575     
         542   225.22565488023577       -82.221932031444723     
         543   225.02987878403508       -82.222144666886777     
         544   224.72226454987418       -82.222284523910943     
         545   224.87158468802059       -82.222161907414716     
         546   224.98849885435740       -82.221974814240951     
         547   224.47239159897933       -82.222089715922820     
         548   224.79570495761453       -82.221965875680993     
         549   224.84901133227993       -82.221908837218947     
         550   225.16308908797168       -82.221388217770382     
         551   224.81122315481474       -82.221547951464274     
         552   225.18490718430212       -82.221186374300373     
         553   225.99001502275863       -82.219261980967801     
         554   225.13348873798077       -82.221173880144988     
         555   224.92158483572425       -82.221259884811403     
         556   225.24557280768497       -82.220737038317864     
         557   225.11266324540711       -82.220888847807316     
         558   225.06159196388822       -82.220816627350231     
         559   224.42759751645195       -82.221012251932279     
         560   224.47568756926219       -82.220860587007436     
         561   225.20772796604928       -82.220267695658151     
         562   225.14809440651726       -82.220341142018995     
         563   224.41221609649668       -82.220655296478498     
         564   224.73525819298007       -82.220567412209348     
         565   224.98018042532976       -82.220342810503411     
         566   225.13932905933703       -82.219946823061321     
         567   225.07107899333215       -82.220019411221983     
         568   225.10684443655344       -82.219972744997506     
         569   225.03146279403927       -82.220000511560400     
         570   225.05708714842865       -82.219913738888238     
         571   224.99626143580065       -82.219919080672071     
         572   225.17636045285010       -82.219628338920117     
         573   225.12013563414396       -82.219441975823941     
         574   224.96153570438236       -82.219603222529670     
         575   224.91903970763511       -82.219566039920124     
         576   225.28532075085829       -82.219080903805079     
         577   224.88806595359335       -82.219445537900114     
         578   225.41247292838059       -82.218749913073580     
         579   225.04715684322525       -82.219293146902743     
         580   225.64569384969522       -82.218109271690238     
         581   225.08120933734301       -82.218988788123028     
         582   225.09756229596940       -82.218966573055170     
         583   225.15884401738265       -82.218762819052301     
         584   225.11238592316744       -82.218791510334725     
         585   225.73548170356128       -82.217564551398240     
         586   225.26572491780223       -82.218566573635300     
         587   224.92309195376635       -82.218842809060092     
         588   225.03337294406325       -82.218576303541141     
         589   225.18560685188800       -82.218223417203205     
         590   225.14047269270796       -82.218211730872468     
         591   224.71617517312302       -82.218512482355862     
         592   225.05923087863022       -82.218233502778716     
         593   225.97715034468001       -82.216206146961810     
         594   225.10695748762006       -82.218100847826634     
         595   224.90045412543643       -82.218277517542035     
         596   224.49620259308114       -82.218301555942304     
         597   224.71721078698371       -82.218288429242008     
         598   224.90890143202319       -82.218118172408140     
         599   225.43763608447631       -82.217218872179302     
         600   224.94567164790240       -82.217908365752407     
         601   225.37912341764920       -82.217298324864998     
         602   225.15523335720164       -82.217409849902367     
         603   225.13521940790770       -82.217319815352838     
         604   225.02242223835668       -82.217450115599434     
         605   224.44521475980824       -82.217649463889416     
         606   225.29448469624128       -82.216997159231980     
         607   224.98030595457215       -82.217397240512838     
         608   224.77635641196491       -82.217517597115474     
         609   224.80671644409256       -82.217440786578379     
         610   225.08167599295501       -82.216879332285600     
         611   225.14004307985638       -82.216715831751600     
         612   225.73615593663433       -82.215288094310196     
         613   224.38207692824960       -82.216723751376463     
         614   225.15234774839951       -82.216389738569617     
         615   225.03516334410989       -82.216522453788912     
         616   225.20891981445203       -82.216190320841378     
         617   225.23046897896421       -82.216061346389253     
         618   225.27395994261633       -82.215902729597715     
         619   225.12237375838274       -82.216035057010245     
         620   224.63519802447860       -82.216317476918348     
         621   224.93844874570172       -82.215914796595030     
         622   224.90735704483345       -82.215834120934758     
         623   225.04314095728350       -82.215586502380020     
         624   225.08362870256587       -82.215465595617673     
         625   225.24696457016987       -82.214991329765525     
         626   225.05293673608713       -82.215232112852320     
         627   224.78128417484450       -82.215229928432436     
         628   224.72583381923366       -82.215179646275871     
         629   225.52375283048556       -82.214078696788292     
         630   224.40542196534105       -82.215055425903770     
         631   225.19732350641911       -82.214284899449908     
         632   225.04846458416267       -82.214456380728990     
         633   225.18019797263943       -82.214207350260693     
         634   225.21397632545398       -82.214155408068947     
         635   224.98213328450407       -82.214427013904981     
         636   225.81125754198769       -82.212529962269514     
         637   225.22076778769781       -82.213802294246705     
         638   224.83854608139671       -82.214138998701671     
         639   225.20005139180699       -82.213529978500148     
         640   224.95367449447940       -82.213737211890546     
         641   225.01785619082852       -82.213653264933171     
         642   224.99808464937689       -82.213655457762812     
         643   225.15603413737171       -82.213444504963775     
         644   224.52351351752520       -82.213718838645605     
         645   224.43769069436911       -82.213532728462468     
         646   224.65831700463602       -82.213427268309189     
         647   224.34493481397487       -82.213219989995338     
         648   225.06839741157930       -82.212713859150170     
         649   225.19057904962526       -82.212533341938709     
         650   225.22240133447423       -82.212410615308215     
         651   225.24215730109844       -82.212318635940392     
         652   225.33502231725510       -82.212062191698109     
         653   224.63914410511009       -82.212676013318827     
         654   224.98263098952410       -82.212421009767283     
         655   224.92045336859172       -82.212398015334315     
         656   225.00540263098887       -82.212241692940822     
         657   225.05196313469932       -82.212081242518494     
         658   225.12122950651275       -82.211894072101657     
         659   224.94003651846978       -82.212052077166987     
         660   225.11110618864035       -82.211797289680092     
         661   224.89806490853036       -82.211949060851680     
         662   225.09344923215673       -82.211731043619125     
         663   225.69841559376732       -82.210573867122946     
         664   225.10331192007951       -82.211700204500374     
         665   225.23841089586551       -82.211501448948013     
         666   224.86231430949627       -82.211900540965289     
         667   224.66642663641957       -82.211962055033865     
         668   225.15269988017377       -82.211588658962597     
         669   224.46877126875648       -82.211725398589152     
         670   225.21632275690462       -82.211186080263346     
         671   224.55003834799055       -82.211595240498724     
         672   224.96239530636612       -82.211423332991998     
         673   225.61638414802286       -82.210272804211584     
         674   224.74952924926720       -82.211398670438641     
         675   224.32332637594340       -82.211297873462328     
         676   224.82785288145880       -82.211213348799802     
         677   225.29489647551577       -82.210689323617444     
         678   224.81330306200638       -82.211092525014394     
         679   225.18457733366745       -82.210550364344925     
         680   224.41496779787875       -82.210913935337061     
         681   225.02060744313695       -82.210665601532924     
         682   225.10753247522641       -82.210503106780777     
         683   224.97812561075736       -82.210616800526225     
         684   225.46532318884897       -82.209887480295237     
         685   225.27506436902021       -82.210206791069055     
         686   225.63607359429253       -82.209466528995051     
         687   225.26130682576294       -82.210208028136734     
         688   225.07463364627893       -82.210412912050003     
         689   225.03190915132330       -82.210453982704351     
         690   225.37485281194191       -82.209899200827607     
         691   224.86742603457762       -82.210430270773386     
         692   225.00002276151673       -82.210198991738196     
         693   225.09505051863124       -82.209971126021927     
         694   225.18859240233891       -82.209578407686934     
         695   225.13177763496526       -82.209638561949589     
         696   224.82243305600190       -82.209884993308222     
         697   225.16360319729935       -82.209110662836338     
         698   225.14848042086913       -82.209092466274726     
         699   224.85926292867347       -82.209367457953377     
         700   224.98378869179263       -82.209187901319481     
         701   225.06129501223253       -82.209017998123855     
         702   224.94308062281783       -82.209117505151454     
         703   224.99907604362596       -82.208951894210330     
         704   225.03226690124805       -82.208785667643411     
         705   225.05297272330887       -82.208677523694163     
         706   224.97675589418054       -82.208671393389238     
         707   224.60864416609840       -82.208826873800902     
         708   224.88160358152700       -82.208655313933292     
         709   225.17318123124127       -82.208317914430395     
         710   225.17905507172446       -82.208128090517761     
         711   225.19311778154574       -82.208100425045473     
         712   224.95283046943908       -82.208273500830856     
         713   225.63239097287908       -82.207108186021287     
         714   224.98836229118129       -82.208141670908176     
         715   225.20008599769480       -82.207880108496880     
         716   225.01165098377172       -82.208089033130946     
         717   225.59361296139778       -82.206893384769032     
         718   225.13433014788276       -82.207672489936755     
         719   224.98157467308465       -82.207597079745895     
         720   225.23190382358581       -82.207268652507935     
         721   225.38112053901105       -82.206831762984393     
         722   225.41398307539700       -82.206591693572022     
         723   224.97072493224925       -82.207133700484405     
         724   225.11468530303245       -82.206882279812575     
         725   224.88030310973392       -82.206960859916748     
         726   225.04497609515181       -82.206802024899929     
         727   225.06662359577123       -82.206727593632365     
         728   225.01589160298903       -82.206706315573342     
         729   225.66797690595766       -82.205453627042857     
         730   225.55845950993614       -82.205673596704187     
         731   225.07701525692889       -82.206334618916159     
         732   224.91678435290788       -82.206330285769468     
         733   225.82245866662933       -82.204629453891243     
         734   225.02588678812742       -82.206153745329289     
         735   225.28862459986669       -82.205486049620575     
         736   224.94831481518207       -82.205835486806194     
         737   225.44687072421419       -82.205078675947149     
         738   224.90134025906457       -82.205819856427368     
         739   225.08948688740870       -82.205620293716322     
         740   225.33566344200256       -82.205103635270845     
         741   225.24817482884094       -82.205248559867556     
         742   225.08254061272817       -82.205458989940340     
         743   225.17440336512422       -82.205029689914554     
         744   224.98195335878086       -82.205051490086419     
         745   225.15030900700228       -82.204691597278796     
         746   224.94823580546466       -82.204895762089890     
         747   225.03983221531078       -82.204734421579531     
         748   225.70190389029025       -82.203497217916819     
         749   225.28844069721688       -82.204276714530721     
         750   225.14199191657985       -82.204460657105031     
         751   225.27945026592434       -82.204238627032552     
         752   224.59934997183774       -82.204773763927221     
         753   225.56300979649919       -82.203448640353940     
         754   224.22499583582487       -82.204365482143032     
         755   225.01511264391448       -82.204213600178335     
         756   224.91008241947051       -82.204304070630002     
         757   224.96662189952909       -82.204219740441516     
         758   224.67048584270856       -82.204290431081333     
         759   225.08517863014012       -82.203555747284454     
         760   225.00863785970139       -82.203596604121046     
         761   224.93747061155764       -82.203581241776348     
         762   225.04464989535967       -82.203443870807376     
         763   225.21203497721578       -82.203026502807134     
         764   224.96600034106555       -82.203270468959701     
         765   224.99236027613682       -82.203140451239193     
         766   224.40370067790536       -82.203286438633029     
         767   225.71366106020295       -82.201779537864113     
         768   224.97323207292231       -82.202995004441505     
         769   225.06527862613379       -82.202866068599192     
         770   225.24154582922861       -82.202369462434405     
         771   225.13849601566227       -82.202452497308158     
         772   225.10781334728168       -82.202469837066928     
         773   225.16099301425675       -82.202398036186423     
         774   224.85419013303547       -82.202662640514561     
         775   225.12828622704504       -82.202214450795694     
         776   225.23341519018643       -82.202062536404526     
         777   224.44934583807361       -82.202511097635124     
         778   225.49978130872003       -82.201438564917552     
         779   224.35452321953483       -82.202325438812721     
         780   225.00132870202646       -82.202089249928903     
         781   225.57187433949190       -82.201125400000393     
         782   225.71900440777651       -82.200571776875520     
         783   225.10342224552909       -82.201486445195059     
         784   225.15322448928407       -82.201294101377655     
         785   225.18558915988191       -82.201067079990096     
         786   225.11690691884593       -82.201122061380232     
         787   225.06866664312267       -82.200897664730491     
         788   225.16542039407207       -82.200638710812981     
         789   225.00165330149969       -82.200658394369839     
         790   225.26859974616900       -82.200118231895644     
         791   224.90760734271771       -82.200325237585062     
         792   225.08624644742298       -82.200068939152672     
         793   225.09461873531586       -82.199984421280746     
         794   224.86787061270431       -82.200160321159146     
         795   225.05791239859050       -82.199965575510078     
         796   225.46448807089931       -82.198862099925563     
         797   225.11271420317479       -82.199287192355840     
         798   224.80223496129335       -82.199547800675759     
         799   225.04597674828798       -82.199313238044866     
         800   225.12988941760588       -82.199207911496259     
         801   225.20390255476340       -82.198825432267839     
         802   225.06007541429906       -82.199002810442849     
         803   225.02945679793297       -82.199028116154693     
         804   224.20299645139971       -82.199072032744468     
         805   225.40430423066363       -82.198449473286928     
         806   225.21589763667674       -82.198731567925151     
         807   224.51975519395683       -82.199155165641187     
         808   225.60725210276493       -82.197810274237511     
         809   225.04342847995576       -82.198473494688145     
         810   225.45585157119930       -82.197788014195012     
         811   224.91173652405203       -82.198481925779134     
         812   225.06971028288885       -82.198045881777247     
         813   225.10568300018889       -82.197989168629135     
         814   224.42539786597922       -82.198033224683570     
         815   225.93636669357784       -82.195900978759141     
         816   225.02859052427351       -82.197813753454582     
         817   224.77645109913357       -82.197813576428914     
         818   225.25414064805628       -82.197277789009590     
         819   225.14139121742539       -82.197426794782174     
         820   225.27720165558594       -82.197169271358447     
         821   225.85102513969306       -82.195832469160692     
         822   224.79228043777186       -82.197608912944503     
         823   225.23364029108171       -82.197090951520380     
         824   225.55491960548244       -82.196458528203877     
         825   224.97968840002693       -82.197273695774598     
         826   225.65616646737129       -82.195865818215907     
         827   224.95528254749701       -82.196991122513680     
         828   224.80633967954313       -82.196906711442594     
         829   225.72652842594417       -82.195414759962006     
         830   224.62213747974383       -82.196854515290767     
         831   224.76336819416431       -82.196709662969425     
         832   224.66714125677794       -82.196666426071289     
         833   225.10004529598564       -82.196296754249062     
         834   224.51211200717856       -82.196502145728999     
         835   225.18509990619555       -82.196044838803317     
         836   224.99927477678378       -82.196137015926908     
         837   225.07252310564076       -82.196000116325010     
         838   225.12213313414802       -82.195728438223156     
         839   224.97000018255773       -82.195823123236536     
         840   225.07789012532660       -82.195652472950201     
         841   224.80013866294024       -82.195880531517304     
         842   225.24819208584185       -82.195333214701179     
         843   225.08411802682795       -82.195514311310376     
         844   225.27091427555183       -82.195250921231874     
         845   225.94715681705603       -82.193556006715212     
         846   224.60240677140308       -82.195546382744553     
         847   224.91698327785747       -82.195246942997983     
         848   225.11779303046958       -82.194935019419802     
         849   225.06211333082715       -82.194843776029373     
         850   225.37944922899166       -82.194181663667223     
         851   224.86701006428947       -82.194642953331552     
         852   224.90231159868844       -82.194558283691450     
         853   225.66584380027086       -82.193177999266339     
         854   225.14178179258332       -82.194144619970203     
         855   224.96149029351886       -82.193916469141442     
         856   224.94210593374183       -82.193755603952738     
         857   225.14671095424339       -82.193169806435364     
         858   225.15420358312508       -82.192853311226358     
         859   224.30849890097340       -82.193089422516138     
         860   225.59548670353024       -82.191903163081577     
         861   225.10897128471998       -82.192527357442330     
         862   224.28424180641807       -82.192307254391139     
         863   225.27419049487148       -82.191321656204593     
         864   225.19851575916547       -82.191277162985514     
         865   224.99848909845684       -82.191413531486305     
         866   225.46848642207829       -82.190684434035262     
         867   224.29389450531048       -82.191441021560820     
         868   224.92619322767160       -82.191246993421018     
         869   225.07842041991796       -82.191097407764985     
         870   224.67319448968152       -82.191356089766046     
         871   225.11586115803345       -82.191027085056376     
         872   224.77391149264315       -82.191309653034011     
         873   224.23960167278196       -82.190912461277193     
         874   225.30876443679182       -82.190264708989901     
         875   225.10439568997452       -82.190438548184332     
         876   225.38559983433444       -82.189866971116956     
         877   225.61139276224549       -82.189181846680953     
         878   225.06919891185981       -82.190142560880886     
         879   225.13938814860083       -82.189970382061631     
         880   225.50126037703572       -82.189307750123760     
         881   224.68876526859444       -82.190144830029283     
         882   225.21990470284459       -82.189683693365978     
         883   224.99624149746617       -82.189773406115734     
         884   225.39380847582862       -82.188976865895469     
         885   224.75571541456773       -82.189610267167211     
         886   224.91786494471461       -82.189390579065389     
         887   225.18670348112843       -82.188911049695164     
         888   225.10769042737942       -82.188998392585560     
         889   225.94049019197124       -82.186696161992828     
         890   224.83688891250188       -82.188772100485195     
         891   225.48186548964128       -82.187753389517695     
         892   225.46209817695606       -82.187758934056234     
         893   225.62397963919366       -82.187327173604459     
         894   224.65343871138649       -82.188393061246657     
         895   225.04431176823471       -82.188040335643649     
         896   224.36684403683148       -82.187874118896332     
         897   224.31802611994016       -82.187794906410431     
         898   224.60469750985465       -82.187766676286373     
         899   225.02139992304618       -82.187465037266975     
         900   225.50007671558993       -82.186666287789294     
         901   224.85982059765357       -82.187523323373441     
         902   225.11012371732099       -82.187219606105202     
         903   225.37568327291382       -82.186393713337537     
         904   225.66603415036775       -82.185737593825394     
         905   225.15968096011036       -82.186666246919444     
         906   225.07115491246526       -82.186504650750123     
         907   225.63602873417420       -82.185314375719727     
         908   224.78761036240584       -82.186467889158379     
         909   225.26211633537662       -82.185956957868655     
         910   225.93152039886706       -82.184302483210004     
         911   225.44311337968981       -82.185561175705402     
         912   225.45899902291143       -82.185494255480464     
         913   225.31237445872225       -82.185747543159621     
         914   224.71239190276788       -82.186291937282306     
         915   224.96467568831230       -82.186041038280408     
         916   225.21773531372341       -82.185685009012360     
         917   224.92204169856549       -82.185999222876433     
         918   224.94722565797068       -82.185863701311618     
         919   225.10822955553144       -82.185494635586451     
         920   224.81562571035653       -82.185745201180112     
         921   225.50975341310760       -82.184485008228137     
         922   225.18482458776393       -82.184997526101910     
         923   225.23620656558376       -82.184910716071997     
         924   225.43784200168523       -82.184518633219213     
         925   224.80641823585140       -82.185064258534027     
         926   225.29556900458277       -82.184435867161469     
         927   225.33859878123440       -82.184328565505837     
         928   225.05331767158478       -82.184522731417118     
         929   225.00148071404021       -82.184510296022523     
         930   225.14034709119019       -82.184054040150301     
         931   225.41813286585878       -82.183436268736145     
         932   225.06464185503378       -82.183869837355687     
         933   225.18467231023749       -82.183643065413833     
         934   224.64437379621674       -82.184059392438968     
         935   224.81175067482070       -82.183880412769341     
         936   224.67464656899998       -82.183853927983108     
         937   225.07642674750289       -82.182953803097803     
         938   225.34585180137611       -82.182539175434101     
         939   224.70530218743460       -82.183034231634295     
         940   224.24050473356971       -82.182826940200130     
         941   225.42457433387841       -82.181669947795456     
         942   225.97849173614134       -82.180021727352383     
         943   225.23331683972015       -82.181632911202385     
         944   224.93809146917928       -82.181868539038192     
         945   225.40747869812213       -82.181187797935294     
         946   225.48659189843144       -82.180873354077605     
         947   224.63268808948439       -82.181784989596252     
         948   225.17650196917589       -82.181201907241629     
         949   225.33450020511739       -82.180845121395095     
         950   225.10248270134966       -82.180748223321757     
         951   225.05405735454093       -82.180588647149776     
         952   224.75585562436072       -82.180781414276282     
         953   224.97909588564795       -82.180276026492137     
         954   224.86104891556116       -82.180356737379313     
         955   225.48165297134628       -82.179329941338992     
         956   225.46887228709849       -82.179304741266350     
         957   224.49289233149960       -82.180097569304451     
         958   225.10097911283282       -82.179701464156452     
         959   225.11100043852440       -82.178697149701208     
         960   224.78675749307891       -82.178836231219933     
         961   225.44682013521842       -82.177948382785090     
         962   225.11815009877702       -82.178351966081493     
         963   224.76970990182130       -82.178633784315082     
         964   224.57656672828853       -82.178409113892428     
         965   224.68851558893408       -82.178370983109005     
         966   224.32640046198964       -82.178234771180598     
         967   225.25859387967225       -82.177574270350704     
         968   224.65341429427201       -82.177499466425218     
         969   224.92702473419789       -82.176975107187729     
         970   225.09412247590311       -82.176804117813830     
         971   224.90687697382319       -82.176841688780158     
         972   224.66998349137054       -82.176680598550590     
         973   225.05777856875892       -82.176195804491130     
         974   225.30007921134771       -82.175795672799794     
         975   225.97148105309981       -82.174092494415447     
         976   225.74084664425516       -82.174536898591114     
         977   224.41983040410250       -82.176073899384562     
         978   225.12974025827367       -82.175123898752403     
         979   224.66086992774802       -82.175248915253519     
         980   224.18384865370558       -82.174764187321969     
         981   225.28239956231272       -82.174085236635932     
         982   224.36690130490999       -82.173602257038510     
         983   224.76177521363522       -82.173368014210766     
         984   224.22125180802297       -82.173054283199036     
         985   224.64596019013919       -82.173145992636634     
         986   224.33063088870696       -82.173039235245625     
         987   224.85087068618336       -82.172844017231114     
         988   225.20683907429304       -82.172433785560273     
         989   224.94626100678977       -82.171911776941684     
         990   225.02454186365995       -82.171705477594884     
         991   224.68716730216190       -82.171898180290270     
         992   225.73976848993775       -82.170094294650212     
         993   225.95619000528649       -82.169394221126169     
         994   224.46587495139741       -82.171427442589618     
         995   224.40109730985654       -82.171362007817876     
         996   224.86133478216394       -82.170432348633113     
         997   224.98428100802008       -82.170194794631371     
         998   225.12534563221632       -82.169844077420493     
         999   225.14415778516280       -82.169265384040656     
        1000   225.85162583492044       -82.167700605560796     
        1001   225.04168057590900       -82.169050151719361     
        1002   224.56050113627506       -82.169239966177500     
        1003   225.76297890033968       -82.167467653371446     
        1004   225.27598701305206       -82.168266077116428     
        1005   224.27240184314655       -82.168332040333070     
        1006   224.92581272155505       -82.168303941759561     
        1007   224.96135916782035       -82.168037845189133     
        1008   225.17831862084518       -82.167658601213702     
        1009   225.18649703515769       -82.167307903493779     
        1010   224.43613512378460       -82.167433296975730     
        1011   224.87581931251592       -82.167284230390820     
        1012   225.52257269438630       -82.166263509493135     
        1013   225.23016051255965       -82.166805719025675     
        1014   224.28161105428561       -82.167155262033759     
        1015   225.05995260736623       -82.166958304346181     
        1016   225.75932870137663       -82.165176166652245     
        1017   224.29846131082792       -82.166656529323504     
        1018   225.72707744696112       -82.165088426381743     
        1019   225.04290112170864       -82.166291091736724     
        1020   225.46114989107173       -82.165591626116310     
        1021   224.46720829112317       -82.165673627130573     
        1022   225.86198654052291       -82.163698714372913     
        1023   225.80261354352038       -82.163837531082919     
        1024   224.94492716010680       -82.165378135506131     
        1025   225.06934235650567       -82.165223526325406     
        1026   225.34390319294266       -82.164716320302219     
        1027   225.15780760471159       -82.164867692470722     
        1028   225.90292900615199       -82.162969929131208     
        1029   225.22240149390882       -82.164186531807630     
        1030   225.71957312017500       -82.162854864020716     
        1031   225.10787765800023       -82.164010254686602     
        1032   224.51577264086225       -82.163988762821688     
        1033   224.47484007772098       -82.163861774192696     
        1034   225.78094042711078       -82.161976216800625     
        1035   224.41163569225989       -82.163490003504251     
        1036   225.80240634414767       -82.161632487567246     
        1037   225.24426003368788       -82.162809073621091     
        1038   225.36899340557071       -82.161481226820854     
        1039   225.25054193236861       -82.161391509749009     
        1040   225.69012617589468       -82.159065028568534     
        1041   225.43000397086328       -82.159623195267457     
        1042   225.29389322452906       -82.159382589629033     
        1043   224.79065350795148       -82.159886669059389     
        1044   224.53531939536671       -82.159725854759188     
        1045   225.04413865990136       -82.159457437182198     
        1046   225.00547146050238       -82.159383314821127     
        1047   225.10468491944889       -82.158576945618449     
        1048   225.80197657138820       -82.156676194395999     
        1049   224.63327170088382       -82.158069845457007     
        1050   224.90765206605954       -82.157906405163345     
        1051   225.15555458561968       -82.157305303025325     
        1052   224.98451010398318       -82.157168161950310     
        1053   225.07724969670215       -82.157040735020260     
        1054   224.60602475801451       -82.157126014843868     
        1055   225.35877521003636       -82.156406770309630     
        1056   224.70565123877904       -82.156733590513696     
        1057   224.75475852044755       -82.156643021774229     
        1058   225.40159655324121       -82.155302059943210     
        1059   225.58871224360576       -82.154881628083146     
        1060   225.19732998531632       -82.155334969374337     
        1061   225.96785305544157       -82.153364154745731     
        1062   225.00599031147945       -82.155108346772650     
        1063   224.88931256908404       -82.154980358985370     
        1064   225.03949286331044       -82.154806003722939     
        1065   225.46799262295636       -82.153865402595230     
        1066   224.76294428453124       -82.154334420235870     
        1067   224.30419510450344       -82.154235696998114     
        1068   224.96817626758082       -82.153629313549075     
        1069   225.52821091362560       -82.152442849673022     
        1070   225.12901431914543       -82.153047653903897     
        1071   225.43330003427437       -82.152232070976851     
        1072   224.45164840037287       -82.152937460815053     
        1073   225.94570006769072       -82.150597565983730     
        1074   224.52516278427146       -82.152730482311213     
        1075   224.72781274907197       -82.152376910264294     
        1076   225.33078457651982       -82.151576158351531     
        1077   224.97987574021633       -82.151921634669975     
        1078   224.83285401078621       -82.151828665222482     
        1079   225.60454365641556       -82.150247980396969     
        1080   224.20438062853464       -82.151249220438629     
        1081   224.80825780426267       -82.150457397074263     
        1082   224.93464651659829       -82.149508988732876     
        1083   225.34022821466311       -82.148745311949369     
        1084   225.43059476064971       -82.148337658221038     
        1085   225.65387417735820       -82.147087476326220     
        1086   224.31668996090377       -82.148017083201850     
        1087   225.58262724522555       -82.146867417143127     
        1088   225.20210026575165       -82.147532185458815     
        1089   225.23403037193370       -82.147105952053224     
        1090   225.81285769294851       -82.145711058029335     
        1091   224.93423937127892       -82.146542864340532     
        1092   224.68931019730672       -82.146181916142453     
        1093   224.67122627242867       -82.145964429944556     
        1094   225.85864025650233       -82.143760429208740     
        1095   224.88352384006870       -82.145525381801505     
        1096   224.85057266154996       -82.145485696010866     
        1097   225.32197155398435       -82.144603361751507     
        1098   224.58097814896470       -82.144777297982074     
        1099   224.94231194500364       -82.144326211800077     
        1100   224.60872963251580       -82.143993530090214     
        1101   225.71130744523734       -82.142436721970810     
        1102   225.50422262134109       -82.142818551965135     
        1103   225.05590947985576       -82.143416429945148     
        1104   225.23221347995269       -82.142924418377248     
        1105   224.97493716902204       -82.142597077426487     
        1106   225.17583109387468       -82.142326863506611     
        1107   224.19909528119140       -82.142488518057164     
        1108   224.74594160149152       -82.142583718914636     
        1109   225.19436340998314       -82.142064619098662     
        1110   224.57986426790319       -82.141913870039446     
        1111   225.49915980279664       -82.140669178159612     
        1112   224.68067125500977       -82.141447866420108     
        1113   225.90393482950228       -82.138047586353935     
        1114   225.09409697566517       -82.139086074163714     
        1115   225.71050146378187       -82.137282275212556     
        1116   225.55623769787383       -82.137607759213850     
        1117   225.33899454502588       -82.137939193459886     
        1118   225.28274986698017       -82.137615332400969     
        1119   225.34367490243281       -82.137406319703089     
        1120   225.42262457967709       -82.136831389098944     
        1121   224.91771833479339       -82.137094144177539     
        1122   224.31868287085166       -82.136659190552464     
        1123   225.66559353943182       -82.134935679942075     
        1124   224.89717522832822       -82.136151067332108     
        1125   224.79845818876538       -82.135787816023438     
        1126   224.76276363124711       -82.135314683358601     
        1127   225.27636590311604       -82.134222108241588     
        1128   224.22750472628965       -82.134057230782133     
        1129   225.07662632612502       -82.133633406854869     
        1130   225.53443212566475       -82.132247488568723     
        1131   225.33809419030783       -82.132269788504161     
        1132   224.66637494234814       -82.132175246492636     
        1133   225.62871271458567       -82.130551080915097     
        1134   225.96408449340962       -82.128958041610218     
        1135   225.00151625313472       -82.130804454642302     
        1136   224.21824154871547       -82.129949890885058     
        1137   224.82423834605129       -82.129844294821822     
        1138   225.62403528786123       -82.128488505878053     
        1139   225.08397180258194       -82.129192067710321     
        1140   224.97774889199374       -82.129003482510441     
        1141   224.68430541332981       -82.128966656813986     
        1142   225.68931799282953       -82.127089126040772     
        1143   225.92152262405691       -82.126331535603867     
        1144   225.95080189451653       -82.125845620039286     
        1145   225.70588985971727       -82.126223376355426     
        1146   224.73444808175540       -82.127564040845485     
        1147   225.43162523225786       -82.126664323921887     
        1148   225.00217943281314       -82.127058280131365     
        1149   224.23433771532811       -82.127103474636797     
        1150   225.38143062051054       -82.125318669557430     
        1151   225.44678352199404       -82.125073290894335     
        1152   225.45588571457716       -82.124462392504284     
        1153   225.22559543594926       -82.124628737057975     
        1154   225.79126233092578       -82.123389271751861     
        1155   225.11899853659523       -82.124608427402592     
        1156   225.91249174651395       -82.122718459570962     
        1157   225.33964467270229       -82.123942566659238     
        1158   225.04670239815260       -82.124136217890864     
        1159   225.97463755551752       -82.122073560396288     
        1160   224.60618372419557       -82.124262397307390     
        1161   224.91383125373193       -82.123935141951705     
        1162   225.21626332539901       -82.123302134288565     
        1163   225.65719264546857       -82.122105258711528     
        1164   225.26145057411111       -82.122834915693204     
        1165   224.77348932758596       -82.123332431042343     
        1166   224.82593506059760       -82.122805469383266     
        1167   225.66411876052072       -82.121488944575205     
        1168   224.68763380588899       -82.121858660669631     
        1169   225.62315739349859       -82.120525951582891     
        1170   225.73370372834503       -82.119142914811448     
        1171   224.85895695264875       -82.119749141298328     
        1172   225.92796045506799       -82.117408436593948     
        1173   224.79980983449605       -82.118248585992220     
        1174   224.69525819008928       -82.117681623877900     
        1175   224.99174143653099       -82.117234686684753     
        1176   225.66680523382658       -82.115893976095364     
        1177   225.73833176474844       -82.115049126813204     
        1178   225.23962657379070       -82.115593312807661     
        1179   224.88617655662634       -82.115725487069952     
        1180   224.91756830135779       -82.115333831766847     
        1181   225.22849512681935       -82.114363718398081     
        1182   224.55831565571285       -82.114430732342612     
        1183   224.36993520132512       -82.113766119716146     
        1184   225.72142117803040       -82.111822585633988     
        1185   225.31975535742828       -82.112670403007755     
        1186   224.33833005992366       -82.113199685972603     
        1187   225.05690901981174       -82.112157514031082     
        1188   224.67195573338975       -82.111634488992706     
        1189   224.21413667943543       -82.111475387733336     
        1190   225.17143981632034       -82.110663623891412     
        1191   225.31193230006656       -82.110442864388148     
        1192   224.80887657508217       -82.110879897295519     
        1193   224.93633526945547       -82.110604089652483     
        1194   224.57068735751562       -82.110744669089584     
        1195   225.11649342529157       -82.110391667929733     
        1196   225.45452797987394       -82.109604802734182     
        1197   225.94751578942262       -82.107754887581990     
        1198   224.63186340010643       -82.109800241479007     
        1199   225.30414745451381       -82.109154346212435     
        1200   224.84394275045574       -82.109079737911514     
        1201   225.25998270266058       -82.108380416241332     
        1202   225.40170928369469       -82.107805027400673     
        1203   225.29400773203329       -82.107549812467980     
        1204   225.26945707835870       -82.107389878532857     
        1205   225.19105518466074       -82.106464163557391     
        1206   224.71985174919516       -82.106526690604937     
        1207   225.10772503055000       -82.106125698759229     
        1208   225.05153366549837       -82.105688503678010     
        1209   224.85626298142199       -82.105092646760369     
        1210   224.42951207404133       -82.104838790863738     
        1211   225.18053177399082       -82.103417977885229     
        1212   224.62554022336570       -82.103698879051194     
        1213   225.66159061222547       -82.102176370394503     
        1214   224.80965322584734       -82.103170915924053     
        1215   225.45382910689642       -82.101909188248499     
        1216   224.63973306652906       -82.102720393372124     
        1217   225.62652437151448       -82.101273799063776     
        1218   225.95087856603354       -82.100287128247288     
        1219   225.60138807911886       -82.101088519070231     
        1220   224.23767132944474       -82.102064490512845     
        1221   224.96219464496437       -82.101831872177442     
        1222   224.82983045001416       -82.101776532355217     
        1223   224.42756239872389       -82.101754419247683     
        1224   225.48803372568113       -82.100812811836306     
        1225   225.28295040126872       -82.101003695604476     
        1226   225.53151490776060       -82.099546971873423     
        1227   224.25150923697606       -82.100363048193017     
        1228   224.60243512399956       -82.100482671239206     
        1229   225.18124992052171       -82.099061768338018     
        1230   225.19784916635237       -82.098285814904386     
        1231   225.13602157943697       -82.098284678442283     
        1232   225.14428441437914       -82.098212245094729     
        1233   224.55654219392744       -82.098520828111575     
        1234   224.53916966861036       -82.098398796035355     
        1235   224.33441886922523       -82.097193661808475     
        1236   225.01947889526750       -82.096940712277686     
        1237   225.75771401480785       -82.095006145941610     
        1238   224.37603959208894       -82.096519445319203     
        1239   224.71506017731951       -82.096424747397322     
        1240   224.25046363509429       -82.095614595544447     
        1241   224.35771516949148       -82.095076167566589     
        1242   224.61954389887521       -82.095039308093888     
        1243   224.36427389877204       -82.094790421979482     
        1244   224.59388762246033       -82.093790341879739     
        1245   224.89627025102024       -82.093631184748062     
        1246   224.83581001072119       -82.093634006157970     
        1247   225.14817805570763       -82.092919448209670     
        1248   225.77512175941672       -82.091492128550414     
