           1   56.526313940830335       -71.691502229087490     
           2   56.517243128342493       -71.574006004416304     
           3   56.514744772710905       -71.738348678977857     
           4   56.509269355380667       -71.754628063911781     
           5   56.507472842065937       -71.730196232892638     
           6   56.506622699256958       -71.721908777133237     
           7   56.502910832066611       -71.661847604298373     
           8   56.499817107351838       -71.707952229491397     
           9   56.499690197073299       -71.749072637641945     
          10   56.498337591224342       -71.604181646205831     
          11   56.492706827922042       -71.682268819771068     
          12   56.489096571618944       -71.749613118125183     
          13   56.483497429594017       -71.703222293568246     
          14   56.478492401690140       -71.585535763956088     
          15   56.476690098616892       -71.614229231952663     
          16   56.475022222534271       -71.563750191893590     
          17   56.471816279497830       -71.622505559147328     
          18   56.469091445122018       -71.582320626986501     
          19   56.467809856713970       -71.679713880004556     
          20   56.463846195554844       -71.589777050989795     
          21   56.462516224213751       -71.582823390597554     
          22   56.461114566101415       -71.583122755979304     
          23   56.459873433256234       -71.642920842908524     
          24   56.458095475815981       -71.719183612472548     
          25   56.457180309874481       -71.760470453821299     
          26   56.455518382415747       -71.693018078774074     
          27   56.453791502673567       -71.695307523610339     
          28   56.448389483782734       -71.589154434228860     
          29   56.442964044046327       -71.618814602881784     
          30   56.443346338721021       -71.732584693085613     
          31   56.440292086839193       -71.680756669759617     
          32   56.437842978273878       -71.711657338974049     
          33   56.436715783999439       -71.647746066734641     
          34   56.436234433417631       -71.711477737404834     
          35   56.431907316123002       -71.756924422485795     
          36   56.431475953255180       -71.681048594416765     
          37   56.431677504200522       -71.718791933077711     
          38   56.431800215947597       -71.740678534494890     
          39   56.431455308490925       -71.680591663366059     
          40   56.431429398890650       -71.678814030412440     
          41   56.431483515299611       -71.690605935585438     
          42   56.431831064888172       -71.753630461069321     
          43   56.431396057306365       -71.677796643111733     
          44   56.431584890739984       -71.714261627891830     
          45   56.431785056005644       -71.751091486696552     
          46   56.429429123621553       -71.679818672704471     
          47   56.429381557135265       -71.697131556616867     
          48   56.428601758883858       -71.680014760964113     
          49   56.424784514417624       -71.775319476961940     
          50   56.423540526126246       -71.648044274256563     
          51   56.423603436869797       -71.769561942025774     
          52   56.419198021979732       -71.590093110992598     
          53   56.417220077643485       -71.739103781845742     
          54   56.415641516572371       -71.771373862802847     
          55   56.414087399191644       -71.657784649086210     
          56   56.409852878720386       -71.597201847749744     
          57   56.410103044358451       -71.674727397990623     
          58   56.407927492331524       -71.676801225142185     
          59   56.405317171704169       -71.716915021580292     
          60   56.404713456728253       -71.736280070725940     
          61   56.402728754768319       -71.696957996100167     
          62   56.399297614139748       -71.645588664749212     
          63   56.398198840030886       -71.657944017521075     
          64   56.392963855054496       -71.739778224547152     
          65   56.390487031831000       -71.700554820176180     
          66   56.389364442842300       -71.639775190722091     
          67   56.388867785045043       -71.620858680770070     
          68   56.388213906614354       -71.595953126155308     
          69   56.381500111065229       -71.653427416757268     
          70   56.379029852623475       -71.594770981914280     
          71   56.378980174420001       -71.658341188657801     
          72   56.376959194033617       -71.654069180067083     
          73   56.368486308789073       -71.658036443705285     
          74   56.368536898724706       -71.755677864335055     
          75   56.367600348632706       -71.658162641508454     
          76   56.366804789113701       -71.658036108764435     
          77   56.365412735867153       -71.658018777387596     
          78   56.364644815890479       -71.719669542973989     
          79   56.364201229623838       -71.738506948593098     
          80   56.364069163349029       -71.693295980909653     
          81   56.363984727478453       -71.658069517862756     
          82   56.364002562450253       -71.749386342855132     
          83   56.362550082459329       -71.658165480583975     
          84   56.361815878696483       -71.681665237367142     
          85   56.359910466409858       -71.658178402766055     
          86   56.359876124083172       -71.659523737375508     
          87   56.358950217304596       -71.658166075491138     
          88   56.358866301043108       -71.732844759249318     
          89   56.357909558664439       -71.658723909116418     
          90   56.357191673962937       -71.658044669513600     
          91   56.356438194625625       -71.654214935448636     
          92   56.356310036004153       -71.659122816041503     
          93   56.355341788205287       -71.658113571847508     
          94   56.355169535113177       -71.764132140834008     
          95   56.350196540420328       -71.589904361299034     
          96   56.350288600647190       -71.686255713068803     
          97   56.349200497403565       -71.683266796640339     
          98   56.349154761774336       -71.682690955615911     
          99   56.349093491089732       -71.676575940910936     
         100   56.348817022521978       -71.675909320283495     
         101   56.348686777828675       -71.637647131248244     
         102   56.346610726551440       -71.657588763879119     
         103   56.344518039376325       -71.635905632994834     
         104   56.340255382534785       -71.658095766268275     
         105   56.338135788843758       -71.631051994856492     
         106   56.336724199025333       -71.658089479330712     
         107   56.335009039738559       -71.658088316142909     
         108   56.334571602822535       -71.658107935764278     
         109   56.333434407342857       -71.658095485767006     
         110   56.332656117598518       -71.658091938387201     
         111   56.332083437851175       -71.658085487593780     
         112   56.331470430394866       -71.658089059893811     
         113   56.330673737521664       -71.658090292422514     
         114   56.330707771800782       -71.774330454905311     
         115   56.330041591902145       -71.589655373041381     
         116   56.329947813258670       -71.658089739530581     
         117   56.329948933087543       -71.759425740338742     
         118   56.329246665647574       -71.658083614061795     
         119   56.328481469348866       -71.658086734856809     
         120   56.327788834540783       -71.658086955975278     
         121   56.327066107179931       -71.658082379762092     
         122   56.326476798518108       -71.658111343911486     
         123   56.325689306089323       -71.658087930382180     
         124   56.325330075784983       -71.613975002802079     
         125   56.324516732386897       -71.658097155256456     
         126   56.323915754805121       -71.658113965140473     
         127   56.323169308667254       -71.658102130820552     
         128   56.321412394078635       -71.658087698941387     
         129   56.320531806707230       -71.658048550798014     
         130   56.319052723974792       -71.658039230400178     
         131   56.317547101506307       -71.658064437967141     
         132   56.316433663274537       -71.699427824433158     
         133   56.315600148205519       -71.581710432925377     
         134   56.315278729163268       -71.658111648872548     
         135   56.314852238344045       -71.693136540583893     
         136   56.313540271867851       -71.658019257332683     
         137   56.313316267226575       -71.585635023819592     
         138   56.312295072515525       -71.658120769269019     
         139   56.311690020884257       -71.741522950376464     
         140   56.310107103398295       -71.620668074986042     
         141   56.309745312432447       -71.608018601831262     
         142   56.308654915574444       -71.658056455787928     
         143   56.307491313334232       -71.778274871522584     
         144   56.302087749645061       -71.586239574277329     
         145   56.300639036027825       -71.668559317527055     
         146   56.296407412646218       -71.658087079642343     
         147   56.296105780218589       -71.704856422622356     
         148   56.290947546640581       -71.560711769910768     
         149   56.281516044831790       -71.710005804238534     
         150   56.280331132147353       -71.638519062489706     
         151   56.277851975715237       -71.689506419866660     
         152   56.273790846020532       -71.745312221964241     
         153   56.266435748128863       -71.664730718970716     
         154   56.263969293262711       -71.745900604484191     
         155   56.260842704849139       -71.599277393410887     
         156   56.259299411868000       -71.608061671325984     
         157   56.256930623403854       -71.666047978335342     
         158   56.256534702258328       -71.740555429545680     
         159   56.253592196732981       -71.667594701272932     
         160   56.250445730647243       -71.668722709430511     
         161   56.249859465456829       -71.561273849156848     
         162   56.247778440836861       -71.724672764088496     
         163   56.247239352440495       -71.613352177006320     
         164   56.243610757706413       -71.649459244866691     
         165   56.242596033653840       -71.691399921488255     
         166   56.242318341614450       -71.701902572834626     
         167   56.238942297387894       -71.666813430027759     
         168   56.237180852011285       -71.712305358778693     
         169   56.237008170892445       -71.684088832583555     
         170   56.235181916302999       -71.648308418064616     
         171   56.233713582957904       -71.679725224141691     
         172   56.233330084282144       -71.680116348608195     
         173   56.227436934586443       -71.625157689416255     
         174   56.226983608863641       -71.667329903523935     
         175   56.226694587333213       -71.680330088527967     
         176   56.224974210633263       -71.735896281148811     
         177   56.223005103991973       -71.565684308829162     
         178   56.221943902805840       -71.688081907221189     
         179   56.216832911158157       -71.744914110025690     
         180   56.216080763642921       -71.664850530892778     
         181   56.214730748127863       -71.660336852393542     
         182   56.212457408824790       -71.685439555228456     
         183   56.210068505921477       -71.690165010186206     
         184   56.209270921903332       -71.771393440159770     
         185   56.208635870259286       -71.658627004272205     
         186   56.207791733690620       -71.661720816694711     
         187   56.207276401287835       -71.673807726983512     
         188   56.206837357099090       -71.655460991998822     
         189   56.204119137774157       -71.680321857857749     
         190   56.204177937591552       -71.662800533130522     
         191   56.202329658082121       -71.714511461916771     
         192   56.202083422595756       -71.710171914755634     
         193   56.201206705238370       -71.743848644302730     
         194   56.199593225040779       -71.777297195851773     
         195   56.199949623865514       -71.676598337253097     
         196   56.199123303752650       -71.667115400215579     
         197   56.198281902502956       -71.673275663566201     
         198   56.197658726452197       -71.698732423059340     
         199   56.197597192913612       -71.699918487551798     
         200   56.197533105250869       -71.708759346403355     
         201   56.197533530952533       -71.703476192287596     
         202   56.197542343513241       -71.700795353334172     
         203   56.197475775055700       -71.705992324100038     
         204   56.197171345052119       -71.678650645695512     
         205   56.196917222411003       -71.678349292578702     
         206   56.196975814139485       -71.667251989729991     
         207   56.196256449114898       -71.677824702233238     
         208   56.196211085282386       -71.654132776843952     
         209   56.195495061575421       -71.704444507332383     
         210   56.194885908539327       -71.767406169736290     
         211   56.195045453224125       -71.721471506914199     
         212   56.195567915080090       -71.610336841569563     
         213   56.195006168625113       -71.642193900264829     
         214   56.194660939055062       -71.634160352031955     
         215   56.194274414593487       -71.666419446374988     
         216   56.194044332178279       -71.652552392628976     
         217   56.192983465405284       -71.724856441909523     
         218   56.192886012852149       -71.673851541015452     
         219   56.190561230399318       -71.567313479169854     
         220   56.188728558852461       -71.664365388577806     
         221   56.188407704259369       -71.608775124942611     
         222   56.187770713944616       -71.667958881504561     
         223   56.187577958635899       -71.678001458562193     
         224   56.187112390932093       -71.703836812294114     
         225   56.186156437335072       -71.679265742210774     
         226   56.185894027315861       -71.673399426833356     
         227   56.185441880203051       -71.682092911747432     
         228   56.185154590547263       -71.661841331826082     
         229   56.184701173174886       -71.705907725936058     
         230   56.184151318102508       -71.680599202248800     
         231   56.183041131365727       -71.703372917248814     
         232   56.183108449506193       -71.659853881909129     
         233   56.182899692635942       -71.659368032901099     
         234   56.181686298340971       -71.674099877198088     
         235   56.181522987946117       -71.680611469218420     
         236   56.181150185226073       -71.699490032430518     
         237   56.181407035159289       -71.612799263989743     
         238   56.180090330044138       -71.573099387258821     
         239   56.179283142961374       -71.662343821620226     
         240   56.177628277773273       -71.690826994270651     
         241   56.177216966462140       -71.694017180105050     
         242   56.176769580918702       -71.741656110846307     
         243   56.176872390268294       -71.673450647515935     
         244   56.176547518702662       -71.700939065777717     
         245   56.176745821258713       -71.663083345577576     
         246   56.176525860768621       -71.670928852879143     
         247   56.176839706803911       -71.571802084473234     
         248   56.174913449320968       -71.667954889090893     
         249   56.174805896486959       -71.673581817234876     
         250   56.172594468629953       -71.764474649703644     
         251   56.173014744947771       -71.672855326496716     
         252   56.172582216166361       -71.693231592228742     
         253   56.172003919317234       -71.733685619663760     
         254   56.172528230866227       -71.665162577079869     
         255   56.171599860912387       -71.668407252088244     
         256   56.171082415246303       -71.731645916858525     
         257   56.170872714895914       -71.669251356988156     
         258   56.170333666436051       -71.680859371994643     
         259   56.170137685638160       -71.671313204775217     
         260   56.170144117338509       -71.665618900838709     
         261   56.169683204821034       -71.679717079781355     
         262   56.169089165165815       -71.688272263461059     
         263   56.169117405527416       -71.672505483987479     
         264   56.167804154929534       -71.687583482110512     
         265   56.167603439103303       -71.686097699550942     
         266   56.166766421653094       -71.681102755370006     
         267   56.166672043551692       -71.686382152319666     
         268   56.166237627825488       -71.674678615217871     
         269   56.166299676454074       -71.659593442442954     
         270   56.166053982858713       -71.658121105655027     
         271   56.165507563073803       -71.671345196604534     
         272   56.165498810592240       -71.592321374989837     
         273   56.164398433735194       -71.667894340930161     
         274   56.163851133715035       -71.672670172918302     
         275   56.163753801043882       -71.683208437935406     
         276   56.163490795116751       -71.677053379670440     
         277   56.163259213275637       -71.679365223648560     
         278   56.163243177975474       -71.670441839268520     
         279   56.163082220237470       -71.665775155305639     
         280   56.162793534221557       -71.676225790073062     
         281   56.162139041463128       -71.725481329377928     
         282   56.162447254048153       -71.672855137506176     
         283   56.162490662208903       -71.665307667949889     
         284   56.162457230158083       -71.667763417066368     
         285   56.162659094673771       -71.633892319642214     
         286   56.161874108181252       -71.690496487315073     
         287   56.162011230739978       -71.671537068730913     
         288   56.161868031972418       -71.663515429833382     
         289   56.161479709657883       -71.673291421621542     
         290   56.161219504847026       -71.668185523345201     
         291   56.160848766151538       -71.701795640658759     
         292   56.161046889323934       -71.677264080150294     
         293   56.160974050803752       -71.674293793861125     
         294   56.160737770062575       -71.690378168418079     
         295   56.160654346724520       -71.675379215787814     
         296   56.160681738368979       -71.671971795729945     
         297   56.160509565776685       -71.674835462410613     
         298   56.160031622874811       -71.677777300144854     
         299   56.159832624232223       -71.649031223351628     
         300   56.159668527293562       -71.663824261928411     
         301   56.159600207132407       -71.656754692588322     
         302   56.160092103534517       -71.589428795978790     
         303   56.158189744249235       -71.677320494461952     
         304   56.157707991827053       -71.711941449679955     
         305   56.157841813802420       -71.667429653759214     
         306   56.157763081289701       -71.662299966282959     
         307   56.157552708121329       -71.671179143388287     
         308   56.157571265551461       -71.667992767649551     
         309   56.157830259995158       -71.638547474807879     
         310   56.157230562762848       -71.664152020060897     
         311   56.156944885972898       -71.679545628645116     
         312   56.156784492927358       -71.676493258025090     
         313   56.156665609945229       -71.681347555237807     
         314   56.155935984018562       -71.711838694922307     
         315   56.156086583550461       -71.682539930681259     
         316   56.156148274455774       -71.671631046043217     
         317   56.156071028228929       -71.665946687848717     
         318   56.155826430179303       -71.670306808915697     
         319   56.155378047560745       -71.670149074684701     
         320   56.155351344808992       -71.669175322864646     
         321   56.155288336551230       -71.671981801407100     
         322   56.155079162551594       -71.670069248585449     
         323   56.154658616858754       -71.682080131399417     
         324   56.154464024131670       -71.677987141422904     
         325   56.154329021156812       -71.687752981001893     
         326   56.154320433457386       -71.666969304863457     
         327   56.154246546371020       -71.665145120975126     
         328   56.153650032934166       -71.674355426626420     
         329   56.153348303364375       -71.666395588250239     
         330   56.153200261246624       -71.676338800411415     
         331   56.153233574171580       -71.671565436949976     
         332   56.153105284537006       -71.672941183627032     
         333   56.152795058272162       -71.687881501752585     
         334   56.152853012002097       -71.676775159644805     
         335   56.152419151960409       -71.678358538487686     
         336   56.151877056348837       -71.687129552874410     
         337   56.151934881066559       -71.674232852597328     
         338   56.151984967623271       -71.665553195207636     
         339   56.151859047408209       -71.674662754667636     
         340   56.151502052221161       -71.676784388347684     
         341   56.151552066037382       -71.670225912204273     
         342   56.151582813594203       -71.654460471538755     
         343   56.151471084044644       -71.665063574768965     
         344   56.151260305783339       -71.677529814979252     
         345   56.151242988367301       -71.666619285135369     
         346   56.151022799064755       -71.675844308998137     
         347   56.149768549698742       -71.787558555673158     
         348   56.150581532424781       -71.680340516010105     
         349   56.150575119718027       -71.672711987767158     
         350   56.150569869049264       -71.668546516202014     
         351   56.150410940057199       -71.668459454458215     
         352   56.150394501095569       -71.669550949633816     
         353   56.150295341973134       -71.674400917077207     
         354   56.150238086714985       -71.679232200984075     
         355   56.149644450440483       -71.735055308002870     
         356   56.150100189541256       -71.683314195739513     
         357   56.150060076210401       -71.675595376102009     
         358   56.149836964487861       -71.682955386357250     
         359   56.149972023573525       -71.668245779967606     
         360   56.149880530525209       -71.677778012013164     
         361   56.149821104956253       -71.670171822100997     
         362   56.149589060929586       -71.683359297628712     
         363   56.149604606780542       -71.666578200000671     
         364   56.149362462522966       -71.683372224867384     
         365   56.149293544360070       -71.673981802121631     
         366   56.148946794952437       -71.676456428249764     
         367   56.148893003040563       -71.664388949143358     
         368   56.148807865535176       -71.663075292990641     
         369   56.148676465742810       -71.674478183065432     
         370   56.148716382150681       -71.669534894608987     
         371   56.148473523069143       -71.676147555033083     
         372   56.148156931192851       -71.675338998645699     
         373   56.147999270299721       -71.665084615978444     
         374   56.147874860130877       -71.669955280823189     
         375   56.147765472434386       -71.667489033280290     
         376   56.147732607270299       -71.670966435186102     
         377   56.147600515924012       -71.685097080869781     
         378   56.147709989415873       -71.673086691129740     
         379   56.147622308005488       -71.676781768039618     
         380   56.147666116066041       -71.671604611404874     
         381   56.147679415186268       -71.669080088251462     
         382   56.147588670054681       -71.676706859729904     
         383   56.147647462245359       -71.664769067843991     
         384   56.147512063402651       -71.679098497118247     
         385   56.147395531286278       -71.683372714145463     
         386   56.147276933525774       -71.670387829588648     
         387   56.147192935907718       -71.672283955478662     
         388   56.146886654355747       -71.677971859865167     
         389   56.146754028530495       -71.673343399041258     
         390   56.146814242222298       -71.662819251263542     
         391   56.146614696668458       -71.660696322395125     
         392   56.146511326802404       -71.668153381860620     
         393   56.146400580217545       -71.663288063732551     
         394   56.146210608633972       -71.671584174744964     
         395   56.145791232578802       -71.675108548312366     
         396   56.145723391638533       -71.674077934955591     
         397   56.145732902669678       -71.668608808657979     
         398   56.145331053455294       -71.679339768182970     
         399   56.145103938467400       -71.668091871633862     
         400   56.144985898699922       -71.671950817379539     
         401   56.145013432906687       -71.665163894876628     
         402   56.144874025642956       -71.672763769923279     
         403   56.144894791706918       -71.669231977393935     
         404   56.144688428606933       -71.675409460491267     
         405   56.144534039617064       -71.678642713462580     
         406   56.144397253027982       -71.675742337035686     
         407   56.144391456130691       -71.671217857379290     
         408   56.144139621808122       -71.672482708750806     
         409   56.144181035402092       -71.667315247622625     
         410   56.143915116021788       -71.682456944552584     
         411   56.143978892413685       -71.670689420645189     
         412   56.143772881365884       -71.665596474916981     
         413   56.143648403914796       -71.672364581531895     
         414   56.143021243788276       -71.734106492442422     
         415   56.143552278682385       -71.669819672510627     
         416   56.143434762634413       -71.679514111883577     
         417   56.143438153096241       -71.665092179977222     
         418   56.143387256342663       -71.667597720015408     
         419   56.143313048412544       -71.669393801018330     
         420   56.143094851427719       -71.674095006694657     
         421   56.143077089885082       -71.666341119236719     
         422   56.143003569864746       -71.671606378444878     
         423   56.142757701823925       -71.674824063016530     
         424   56.142704793379615       -71.673692172170576     
         425   56.142732952103437       -71.670427595939984     
         426   56.142630452901948       -71.673058879766387     
         427   56.142636644599634       -71.668401360922616     
         428   56.142399321448856       -71.676062421832015     
         429   56.141765423443267       -71.734287005385596     
         430   56.142234882966100       -71.681105744430965     
         431   56.142250207637254       -71.679039302822389     
         432   56.142302859719244       -71.672135301631798     
         433   56.142054164940703       -71.673498329468259     
         434   56.142152096353399       -71.661352103198837     
         435   56.141791208698628       -71.674395476347286     
         436   56.141755757331026       -71.662256145052282     
         437   56.141693054951631       -71.667649561604435     
         438   56.141684507448929       -71.666336976288036     
         439   56.141510619364617       -71.675789783203498     
         440   56.141426588423592       -71.670596791656038     
         441   56.141391023063022       -71.672480939126743     
         442   56.141261251428318       -71.672857643229079     
         443   56.141083228858903       -71.669958889740244     
         444   56.141083308457219       -71.667207057723900     
         445   56.141016566736909       -71.668576281034305     
         446   56.140918975576959       -71.675059494677967     
         447   56.140937398906132       -71.671078664709867     
         448   56.140901094902752       -71.669383766854750     
         449   56.140792156344858       -71.680166930195725     
         450   56.140807019349900       -71.665428791956117     
         451   56.140684533663027       -71.665717704752453     
         452   56.140481682325017       -71.677444424406943     
         453   56.140585407487698       -71.648256703710288     
         454   56.140228756515505       -71.683222183516236     
         455   56.140268941869074       -71.678878920771822     
         456   56.140234755266789       -71.666091536647244     
         457   56.140101568060850       -71.677005047001344     
         458   56.140105527423856       -71.672307645687525     
         459   56.140236487742968       -71.646267779705269     
         460   56.139948877709735       -71.668902594188765     
         461   56.139948339907654       -71.667614308939775     
         462   56.139838186859158       -71.672188491180307     
         463   56.139812069921746       -71.673739368963652     
         464   56.140099934119796       -71.643434802717564     
         465   56.139749053456818       -71.678962752193385     
         466   56.139773328833996       -71.675240765450496     
         467   56.139780678943318       -71.669845410487511     
         468   56.139668701137872       -71.679209581962283     
         469   56.139631440071881       -71.676529359106738     
         470   56.139833886132749       -71.655534174160138     
         471   56.139661318738973       -71.673147675136320     
         472   56.139637773502045       -71.670334864233070     
         473   56.139484802320396       -71.675908915533199     
         474   56.139187357591084       -71.685879730101121     
         475   56.139358991793358       -71.666540047875372     
         476   56.139348186018644       -71.664423091398035     
         477   56.139204918678971       -71.672764585410704     
         478   56.139060635204217       -71.668656140902087     
         479   56.139028711857797       -71.667250830752479     
         480   56.138540733431824       -71.670172994525615     
         481   56.138489614409529       -71.673034302770233     
         482   56.138397937651753       -71.671623920970532     
         483   56.138440003794678       -71.659740828939348     
         484   56.138138822435849       -71.673407004064330     
         485   56.138087236537679       -71.675764347000495     
         486   56.138059704041439       -71.669354886218244     
         487   56.137911504259201       -71.668544126829360     
         488   56.137862570284192       -71.663094227588132     
         489   56.137668710312667       -71.672584566800239     
         490   56.137700270445947       -71.666517787929777     
         491   56.137627346560954       -71.669850626610923     
         492   56.137471576111956       -71.678877483232469     
         493   56.137383105148416       -71.667797840193870     
         494   56.137335241835700       -71.671239788328194     
         495   56.137252994482346       -71.668492443639948     
         496   56.137126356378943       -71.678281580809397     
         497   56.137125514568140       -71.672104011988083     
         498   56.136946169266267       -71.675690345133873     
         499   56.136548087939588       -71.708279881352098     
         500   56.136846673831052       -71.673936202559062     
         501   56.136783025390557       -71.676996175982651     
         502   56.136812055984265       -71.670463867586250     
         503   56.136659502511222       -71.668096738023280     
         504   56.136526985437655       -71.668212374774171     
         505   56.136505565008008       -71.669764263589244     
         506   56.136267638719161       -71.669114536861755     
         507   56.136153444351280       -71.671337106795832     
         508   56.136124300359519       -71.671845721295256     
         509   56.136549486165350       -71.621362654617130     
         510   56.135986427757082       -71.676051279038958     
         511   56.135845488874082       -71.672494493531687     
         512   56.135509918691895       -71.687052132300678     
         513   56.135695192285176       -71.667571075273358     
         514   56.135751070410969       -71.661359688569405     
         515   56.135534300155548       -71.674179793762136     
         516   56.135423608485254       -71.674728790589825     
         517   56.135426528816978       -71.671034637984121     
         518   56.135311917695937       -71.674135677245459     
         519   56.135658107849551       -71.635789809489381     
         520   56.135310111252288       -71.669783340524745     
         521   56.135144866299441       -71.673518664389277     
         522   56.135079660942971       -71.669384208111040     
         523   56.135023351233443       -71.670479232934511     
         524   56.134922206994020       -71.671806629015094     
         525   56.134737823145329       -71.676104289642637     
         526   56.134672517951472       -71.667112084557672     
         527   56.134797365137906       -71.652211155252317     
         528   56.134608579372376       -71.668789288990695     
         529   56.134536867377712       -71.674699140516282     
         530   56.134599525663489       -71.666658072248168     
         531   56.134389207618966       -71.681572061694354     
         532   56.134401370709590       -71.672178253780515     
         533   56.134246036097096       -71.672938015215962     
         534   56.134071470026726       -71.678285072678136     
         535   56.133992901132942       -71.663742717677351     
         536   56.133797752756003       -71.673451440230110     
         537   56.133763808922993       -71.670177884801063     
         538   56.133802311541281       -71.663858517911407     
         539   56.133553187579523       -71.669041484656205     
         540   56.133535632657455       -71.666744904944863     
         541   56.133418334712175       -71.672615156602106     
         542   56.133461597290705       -71.664045362340758     
         543   56.133390369953986       -71.667878161110750     
         544   56.133315082228272       -71.673963509812808     
         545   56.133335052162444       -71.667744170164212     
         546   56.133184675325140       -71.667589251420722     
         547   56.132767540139156       -71.691892401953069     
         548   56.132915658967818       -71.674510850506067     
         549   56.132871974922786       -71.675848451127081     
         550   56.132850360693368       -71.675044848973059     
         551   56.132926814014006       -71.662977264180341     
         552   56.132775776181205       -71.676217621516358     
         553   56.132512933059253       -71.679567307686170     
         554   56.132495248646478       -71.671182976036519     
         555   56.132443845453317       -71.675273292930200     
         556   56.132436385712602       -71.671295781485412     
         557   56.132416027535569       -71.668240517315226     
         558   56.132371320382560       -71.667065840899795     
         559   56.132334495251506       -71.666294751198961     
         560   56.132300092889615       -71.668708604952386     
         561   56.132038985704057       -71.673458565954391     
         562   56.131811499278363       -71.670090763136528     
         563   56.131628589846912       -71.672122607236844     
         564   56.131913223676349       -71.638301613855489     
         565   56.131489245340937       -71.676408505650201     
         566   56.131405962374629       -71.678145189447363     
         567   56.131256702936241       -71.685615787334513     
         568   56.131376379507806       -71.669657323459546     
         569   56.131347386911592       -71.667537340944691     
         570   56.131292749436966       -71.666088657368277     
         571   56.131289101936012       -71.665234700108840     
         572   56.131074847502667       -71.681008439063319     
         573   56.131072877048531       -71.673923983125803     
         574   56.131051128541181       -71.672722371709469     
         575   56.131038099320442       -71.671640871054620     
         576   56.131000504989245       -71.670365808459337     
         577   56.130696759760120       -71.677028436562438     
         578   56.130599606818620       -71.670914502958240     
         579   56.130547136883060       -71.673237853591118     
         580   56.130442684436318       -71.680072611090011     
         581   56.130605034700793       -71.663783367132680     
         582   56.130557337324049       -71.668128186481738     
         583   56.130197426003512       -71.675039657591938     
         584   56.130196186212956       -71.664533831568306     
         585   56.129912439892237       -71.673299600196046     
         586   56.129792059829498       -71.675497977131613     
         587   56.129759286643626       -71.672316116434970     
         588   56.129792315756518       -71.668794264632766     
         589   56.129388266788958       -71.674736414280304     
         590   56.129175753470854       -71.671164164782681     
         591   56.129093011291559       -71.677805734492239     
         592   56.128814079544171       -71.696831972835369     
         593   56.129172958526233       -71.660520389639686     
         594   56.129000094847832       -71.671984291944526     
         595   56.128953704363603       -71.669242767318835     
         596   56.128832519767187       -71.667089704214277     
         597   56.128691933203179       -71.670685878321905     
         598   56.128643153199612       -71.675124737782966     
         599   56.128621101249905       -71.666713985218237     
         600   56.128216493778204       -71.666157775194876     
         601   56.128151419165292       -71.671749526746012     
         602   56.128070880301465       -71.673740139830997     
         603   56.127947848675191       -71.675456827340994     
         604   56.128022354962880       -71.665314431506701     
         605   56.127687468145744       -71.689799496416057     
         606   56.127434466763560       -71.674342280144643     
         607   56.127242767310548       -71.671252062156313     
         608   56.127217437413179       -71.668214840624245     
         609   56.127203294731743       -71.668754787377893     
         610   56.127105067241885       -71.673387022622776     
         611   56.127060310178763       -71.669117880276758     
         612   56.126940002371896       -71.666665310269778     
         613   56.126803625500429       -71.664736533015329     
         614   56.126578498659356       -71.683670568798334     
         615   56.126446904448848       -71.680260191823805     
         616   56.126535900283862       -71.670807512277335     
         617   56.126500050477688       -71.672474155579579     
         618   56.126099742681873       -71.684137263602054     
         619   56.125665461035751       -71.669446224734827     
         620   56.125278306894842       -71.696377555412155     
         621   56.125514910583981       -71.671369020221562     
         622   56.125465727325960       -71.675105127221940     
         623   56.125443258603873       -71.676131314180040     
         624   56.125465319251688       -71.672146256198133     
         625   56.125141055313229       -71.669033173681001     
         626   56.124260224483095       -71.746388543859467     
         627   56.124936526736398       -71.660753704690876     
         628   56.124560985210870       -71.674769335975128     
         629   56.124459667476650       -71.674867499334042     
         630   56.124341218273052       -71.670059430786594     
         631   56.124247818910561       -71.677650874472306     
         632   56.124162492106201       -71.668004914148497     
         633   56.124049376371950       -71.673838620137985     
         634   56.124050473847092       -71.668851614349720     
         635   56.123893262025618       -71.667512134267326     
         636   56.123691816518459       -71.672852464545485     
         637   56.123691367601154       -71.671826919653924     
         638   56.123358005544667       -71.678631453073834     
         639   56.123310553954909       -71.677928092499172     
         640   56.123196512596834       -71.677093745459544     
         641   56.123234990559261       -71.670210224841327     
         642   56.123252783526453       -71.665502470105622     
         643   56.123266594979775       -71.663970962273979     
         644   56.123169934462211       -71.671331413727032     
         645   56.123282499822750       -71.655311107874738     
         646   56.123164827470440       -71.665917094283571     
         647   56.123094765331579       -71.672471769956985     
         648   56.123120626016529       -71.669439383062425     
         649   56.122923950791737       -71.682990452566756     
         650   56.123013368705315       -71.673696666815474     
         651   56.122899021350705       -71.676049152474121     
         652   56.122390451147275       -71.683532853765868     
         653   56.122480785628667       -71.670592380313920     
         654   56.122345075286916       -71.671628931984159     
         655   56.122354804190763       -71.669721805662988     
         656   56.122290720115913       -71.666768442184022     
         657   56.122088002801938       -71.676622116424682     
         658   56.122625593751351       -71.623170933338159     
         659   56.121999627875113       -71.674053474140422     
         660   56.122872159392415       -71.576816425377331     
         661   56.121577072950572       -71.678708208542631     
         662   56.121355919997939       -71.667757769616188     
         663   56.121291404449643       -71.670007235734687     
         664   56.120799583902375       -71.679017006591693     
         665   56.120433806585126       -71.710108699637715     
         666   56.120508524082389       -71.670616321806619     
         667   56.120439181915536       -71.663576591979677     
         668   56.120228950904554       -71.674533459793068     
         669   56.120303928298412       -71.666404938444828     
         670   56.120128083668988       -71.670983504057560     
         671   56.119792630639580       -71.676653061116724     
         672   56.119687072515660       -71.669059278935322     
         673   56.119341927472789       -71.677900064421721     
         674   56.119161874807482       -71.682902918970996     
         675   56.118990033382204       -71.667207323401385     
         676   56.118588779042533       -71.674377467739475     
         677   56.118235374011832       -71.672348596341777     
         678   56.118273807491434       -71.665633448608418     
         679   56.118255622480099       -71.661290678888591     
         680   56.118087548595064       -71.668624759481986     
         681   56.117910133847708       -71.672844641759028     
         682   56.118089952981791       -71.653720013381559     
         683   56.117886603231042       -71.670975583394267     
         684   56.117756621767100       -71.672077983592530     
         685   56.117753389832139       -71.662709892200553     
         686   56.117397725193982       -71.669918971445171     
         687   56.117396907774420       -71.663290687545668     
         688   56.117285457405103       -71.667749866449256     
         689   56.117026772636386       -71.673227191592105     
         690   56.116745569904829       -71.671093324856542     
         691   56.116296325271918       -71.708433364702231     
         692   56.116466902566550       -71.671602789696678     
         693   56.116378247423810       -71.672029549586540     
         694   56.116423106073043       -71.666756236325398     
         695   56.116516084189243       -71.605030888788903     
         696   56.115444697740202       -71.667435282732043     
         697   56.115179399386392       -71.673975350599463     
         698   56.114949992226549       -71.613934145333630     
         699   56.113967585480395       -71.683433346315752     
         700   56.114115656724167       -71.668684980277817     
         701   56.113941820647405       -71.672056581373354     
         702   56.113903457798521       -71.671556245332312     
         703   56.113766964460766       -71.655816774359266     
         704   56.113757105441429       -71.653933809334802     
         705   56.113388930117729       -71.663985855301178     
         706   56.112895400338758       -71.674381941423405     
         707   56.112522053808398       -71.670014034951734     
         708   56.112597093258053       -71.662389594320814     
         709   56.112104770726603       -71.701247624452506     
         710   56.112087567988659       -71.679667880372293     
         711   56.110929916669512       -71.778984997548108     
         712   56.111753005363198       -71.678412865670211     
         713   56.111583713862373       -71.676045143165339     
         714   56.111638896069266       -71.666004224170948     
         715   56.111583017175789       -71.667475960015892     
         716   56.111226522410760       -71.670581720138472     
         717   56.110640020650791       -71.722507910873546     
         718   56.110882511514802       -71.671562982304678     
         719   56.110840619945726       -71.670850035330034     
         720   56.110742613881833       -71.663657723825011     
         721   56.110269140791559       -71.678508567994683     
         722   56.110425768062996       -71.642356530106923     
         723   56.109784622207371       -71.668963544676998     
         724   56.109272106587291       -71.668566622130498     
         725   56.108699467696908       -71.680749741121346     
         726   56.108483996809674       -71.666471496808384     
         727   56.108266181798584       -71.675126569144723     
         728   56.108402113394824       -71.662381802975858     
         729   56.108093938181767       -71.670795642369640     
         730   56.108010888212213       -71.669199728081637     
         731   56.107842385000140       -71.667615868276556     
         732   56.106188197071027       -71.672081168567502     
         733   56.106206647580052       -71.666055704184842     
         734   56.106159444319047       -71.642783942172798     
         735   56.106632916263571       -71.580118749576187     
         736   56.104009925791260       -71.753166491424750     
         737   56.104963155511328       -71.663211158732835     
         738   56.104811042065577       -71.671017131713839     
         739   56.104747326297357       -71.657251163694795     
         740   56.104533077452288       -71.668602696316114     
         741   56.103353761269268       -71.671518845428636     
         742   56.102923570100415       -71.703769726054929     
         743   56.103217624262527       -71.670559651413299     
         744   56.102980650039797       -71.686034408310505     
         745   56.102309531305060       -71.689728214770128     
         746   56.101043434026096       -71.709001542569240     
         747   56.101429280468750       -71.643122353363367     
         748   56.099321932574952       -71.669892501885286     
         749   56.099258771948989       -71.666537554655648     
         750   56.097868307606220       -71.669668356974896     
         751   56.098599623196982       -71.603671386098767     
         752   56.096987524437289       -71.722083559015104     
         753   56.097350211027447       -71.673594435340050     
         754   56.096255636264537       -71.694843155117425     
         755   56.096253035959023       -71.688003036988221     
         756   56.095490967598948       -71.638179677386972     
         757   56.095178123584844       -71.651248460150910     
         758   56.094138681919581       -71.680623505776353     
         759   56.094303593783415       -71.663450348404368     
         760   56.093725365972723       -71.674180906282530     
         761   56.093856780977077       -71.656502613085834     
         762   56.091359045196818       -71.636812098509793     
         763   56.091281330642296       -71.624583531932160     
         764   56.091122870075033       -71.634600146716963     
         765   56.090233444268499       -71.690921091999442     
         766   56.087311551654807       -71.780062409204106     
         767   56.088591186610898       -71.677413423549964     
         768   56.088466423378179       -71.670967376769696     
         769   56.087775772518405       -71.676379046707197     
         770   56.086695598502025       -71.674120569517072     
         771   56.085767271101147       -71.747107707828008     
         772   56.085060238949062       -71.766753325376911     
         773   56.086004046275569       -71.677446604777614     
         774   56.084566058596735       -71.751804605926225     
         775   56.084189656479964       -71.665977955591288     
         776   56.084104621399945       -71.666847737231365     
         777   56.082824674289220       -71.690680758148858     
         778   56.082438653006498       -71.689372700663824     
         779   56.082956583607142       -71.604200105303619     
         780   56.080524096813818       -71.695955298152128     
         781   56.080533939741208       -71.683616075830400     
         782   56.080683074330310       -71.640674896708589     
         783   56.078698043064442       -71.673030937716845     
         784   56.077342340894042       -71.677492599098414     
         785   56.075872160843787       -71.689593917861572     
         786   56.074835974541244       -71.675185933090404     
         787   56.074217371771532       -71.666721540529451     
         788   56.073152945675382       -71.686580510983163     
         789   56.072978723379798       -71.580655789131697     
         790   56.071540643877753       -71.568262498710681     
         791   56.068956328562884       -71.733341911787079     
         792   56.070334118570017       -71.623266421055575     
         793   56.067416300294227       -71.711965628332948     
         794   56.067669934600545       -71.648216507891433     
         795   56.068095014687920       -71.599769348102456     
         796   56.066955038830628       -71.632089308003188     
         797   56.065831120684543       -71.630763371661729     
         798   56.064247554736568       -71.670088553751953     
         799   56.064443489620139       -71.641346110422987     
         800   56.062653825371797       -71.762148271400505     
         801   56.064799629987625       -71.565341332296384     
         802   56.060545157881386       -71.631228589049115     
         803   56.059078375747220       -71.687748368109283     
         804   56.057999148436124       -71.744706118332573     
         805   56.058171506755343       -71.689845889574613     
         806   56.058131215855674       -71.621250590226580     
         807   56.056254145864713       -71.645904480749905     
         808   56.054094325442357       -71.670350274517688     
         809   56.054308144204271       -71.619402293624788     
         810   56.051515070649032       -71.697695939423753     
         811   56.050962579368424       -71.677772319900768     
         812   56.050092433935902       -71.582120285179499     
         813   56.045885118826391       -71.762129055193142     
         814   56.047423657034237       -71.657076841913309     
         815   56.044049182265113       -71.779853064898120     
         816   56.045170528571063       -71.557275906892755     
         817   56.044052452839694       -71.627301671958591     
         818   56.043395595112450       -71.573950232442812     
         819   56.041962274095901       -71.623740092056636     
         820   56.040825316298275       -71.688721324623685     
         821   56.036346747314632       -71.749340556356074     
         822   56.035513156630820       -71.657898905948116     
         823   56.032801376105226       -71.652832598610004     
         824   56.032146916194613       -71.682708666591111     
         825   56.031174334150030       -71.711633237762655     
         826   56.031347675493031       -71.674909264062734     
         827   56.028202833771893       -71.677298211550678     
         828   56.027806808349951       -71.695567125307875     
         829   56.027929492405868       -71.654726922456987     
         830   56.020093784824134       -71.683531257634712     
         831   56.019769442685813       -71.664683777198249     
         832   56.001021435570649       -71.673303903990757     
         833   55.997295889870344       -71.708165734429045     
         834   55.996960624838614       -71.708939553893060     
         835   55.996294047878720       -71.558742629403440     
         836   55.991664026864264       -71.681549748812145     
         837   55.990548730287870       -71.743476253758786     
         838   55.991706172844978       -71.655452614291235     
         839   55.986953920505606       -71.769305200923824     
         840   55.986317250507682       -71.725270724809448     
         841   55.987358638395555       -71.623004177584420     
         842   55.987119806120745       -71.589461717952545     
         843   55.982496173676481       -71.580839576313849     
         844   55.980990005995018       -71.619326601199447     
         845   55.980929784151499       -71.593607922841187     
         846   55.978394971889642       -71.632977905321155     
         847   55.976390412054904       -71.601452505279781     
         848   55.970547167255766       -71.783328205888637     
         849   55.970151149782758       -71.618892756728826     
         850   55.965751600475485       -71.735444460269008     
         851   55.967179625093330       -71.563059736649834     
         852   55.962817190241154       -71.679466844166654     
         853   55.956456714740789       -71.694885465144864     
         854   55.955693025822399       -71.726710526765842     
         855   55.953858774039013       -71.590090165368935     
         856   55.951064842180720       -71.716411019127364     
         857   55.945493140209507       -71.560835584075576     
         858   55.942519238030542       -71.621791512046997     
         859   55.934950594969195       -71.755556127024306     
         860   55.936497798654898       -71.607310542293447     
         861   55.933851137420966       -71.671544095130770     
         862   55.929719205987219       -71.766706064380656     
         863   55.929335337669571       -71.752900098561724     
         864   55.929427299831680       -71.719024119740695     
         865   55.929581562621109       -71.652801466030056     
         866   55.929208434494292       -71.621271121121623     
         867   55.927944275787780       -71.680299479347056     
         868   55.921691057889802       -71.697712540573050     
         869   55.919693229398703       -71.775077498455474     
         870   55.922678656570326       -71.596904174864363     
         871   55.920275932964266       -71.697726687766092     
         872   55.917852154160414       -71.761367913045902     
         873   55.917285461373375       -71.761572947039312     
         874   55.917263744875179       -71.753231021751091     
         875   55.912946526162422       -71.707381508071208     
         876   55.912597845579363       -71.693243251350012     
         877   55.911580211257160       -71.707142324092089     
         878   55.909793665308854       -71.571077969088194     
         879   55.904932902416455       -71.758611776422740     
         880   55.901743358513343       -71.728862045229377     
         881   55.895559399035392       -71.633325504234151     
         882   55.896017052545758       -71.571466638673968     
         883   55.889049461632048       -71.773668594455501     
         884   55.889072999390500       -71.767422105940014     
         885   55.888253708203059       -71.575145099514486     
         886   55.886190368461662       -71.618745018114922     
         887   55.884892353788509       -71.669756621071585     
         888   55.885498928288648       -71.642246545753352     
         889   55.886748088851625       -71.585489635692852     
         890   55.880328542121298       -71.769518725666728     
         891   55.880713657335285       -71.711545033347790     
         892   55.877959368466833       -71.669831706050914     
         893   55.872484579830257       -71.765534664700127     
         894   55.869656637297851       -71.655635565021385     
         895   55.866661898678316       -71.710650655495016     
         896   55.863699038640050       -71.634758810080740     
         897   55.859769326634463       -71.685912303150999     
         898   55.856247976217205       -71.620066243818428     
         899   55.855826271833266       -71.633889898806927     
         900   55.852756064257854       -71.741877345239971     
         901   55.856533779868336       -71.581150480043632     
         902   55.855387720140293       -71.580907629561750     
         903   55.855359710247541       -71.580685598305706     
         904   55.841600477806708       -71.756562309487308     
         905   55.844988334502290       -71.572182169492152     
         906   55.841737942798595       -71.581584766038759     
         907   55.838349708059695       -71.559682341867742     
         908   55.832405014906875       -71.773775544424424     
         909   55.837060664082586       -71.585414883768607     
         910   55.837078392790580       -71.584419444778803     
         911   55.836832040265335       -71.592786954386582     
         912   55.833827887373317       -71.702668517115001     
         913   55.832811464844092       -71.741757226800075     
         914   55.834012649681206       -71.694950120908601     
         915   55.834636700585051       -71.670484033713890     
         916   55.833372126822653       -71.718566298109678     
         917   55.833205941574548       -71.723965829981950     
         918   55.834450033559889       -71.675021534902228     
         919   55.833295536095576       -71.717086117096827     
         920   55.826863312902702       -71.587924101699514     
         921   55.822460892063518       -71.653081799198887     
         922   55.809311900277699       -71.780537934168308     
         923   55.809195593225198       -71.773675845900442     
         924   55.807450144043976       -71.777369062596719     
         925   55.809839645310269       -71.676507283334686     
         926   55.810872111032488       -71.558295452692676     
         927   55.792711189627106       -71.724901857396929     
         928   55.793106365040913       -71.591271978598215     
         929   55.783398696142264       -71.785820607835419     
