           1   72.424150801120916       -84.044602934876821     
           2   72.418956895391702       -84.044415708492409     
           3   72.397237849137284       -83.940121371014158     
           4   72.407140966299323       -84.024992962805442     
           5   72.416376588331360       -84.105800906070741     
           6   72.409641423950745       -84.105672962856573     
           7   72.390911028215285       -83.996581863843332     
           8   72.393976674705200       -84.078999976942995     
           9   72.387937686706863       -84.078605744839592     
          10   72.385395959011774       -84.095743034405601     
          11   72.344021153128708       -83.912203079861840     
          12   72.349718437546926       -83.997050777794769     
          13   72.355180560343783       -84.036623349821966     
          14   72.344392567679733       -83.997042279957526     
          15   72.327979251949571       -83.954482232355900     
          16   72.341645564063143       -84.094293967389646     
          17   72.316585907451312       -83.990474623111638     
          18   72.326492401681762       -84.106163870074596     
          19   72.313135512338349       -84.047558697765666     
          20   72.297887206712588       -83.973500018378800     
          21   72.297368315843187       -83.988203474649211     
          22   72.285908729426936       -83.909306990932208     
          23   72.298687777951969       -84.061343837885545     
          24   72.284039598671782       -83.997646241276470     
          25   72.288205146067241       -84.040113710002927     
          26   72.293845428989286       -84.107259130370821     
          27   72.278807363017052       -83.997113986362919     
          28   72.287755399817001       -84.095553502835287     
          29   72.276100709032491       -84.006116962529575     
          30   72.286178453448088       -84.101209507664137     
          31   72.259406842859590       -83.918145137798106     
          32   72.281079726348267       -84.100860228263528     
          33   72.252015205866670       -83.883933409685298     
          34   72.255200408767848       -83.963774897451330     
          35   72.232407828906702       -83.884012426085562     
          36   72.234012189863151       -83.926977610779005     
          37   72.248073637720196       -84.065237769982730     
          38   72.245909400698466       -84.050648012983658     
          39   72.240797871562322       -84.058698457968930     
          40   72.230551671424195       -84.020989782918718     
          41   72.237893666719216       -84.109123597611443     
          42   72.224387721603250       -84.005391665250954     
          43   72.219387187647968       -83.989281715576638     
          44   72.214472513901754       -83.951668946095722     
          45   72.232415692893909       -84.108702071201279     
          46   72.222610289759359       -84.045967066789146     
          47   72.210389310349143       -83.950636909984681     
          48   72.210486350918458       -83.953276962247827     
          49   72.219935258434191       -84.047024987838881     
          50   72.213240253008181       -83.993226337909562     
          51   72.204206277375590       -83.950855058637714     
          52   72.214188440892087       -84.100481687900299     
          53   72.202459091369931       -84.031971581084221     
          54   72.184026193149592       -84.004536117249145     
          55   72.177884397653997       -83.954239968194145     
          56   72.192616293991009       -84.093568913389774     
          57   72.171008414871253       -83.931071778784428     
          58   72.179396919101194       -84.064257019907544     
          59   72.178407840147699       -84.066400470408979     
          60   72.176976107116474       -84.058417357301963     
          61   72.171598118323033       -84.010914676756840     
          62   72.166928915846157       -83.985279875662926     
          63   72.163071498021992       -83.971176561473314     
          64   72.163720613367019       -84.019771213063009     
          65   72.149984162304534       -83.903883520086012     
          66   72.153257416978349       -83.967649465231744     
          67   72.145275501600736       -83.897412766331286     
          68   72.136626663560406       -83.966942576174773     
          69   72.142034670423584       -84.089063638013201     
          70   72.141815115751356       -84.088462262253302     
          71   72.108370337896176       -83.904279432891826     
          72   72.103836663051069       -83.904792440155376     
          73   72.115453570872475       -84.075172289055956     
          74   72.105664805387960       -83.998971326717211     
          75   72.100327119486067       -84.016890618597174     
          76   72.089612786481354       -83.955773099245562     
          77   72.084712280842794       -83.997088127444187     
          78   72.082183900528506       -84.018105431695048     
          79   72.068409031437270       -83.925902967980164     
          80   72.072547478123838       -84.025792874808928     
          81   72.070224118264292       -84.025543941285591     
          82   72.063283627464116       -83.956896220553105     
          83   72.060782068167512       -84.081401826792813     
          84   72.026052900651237       -83.893970927788146     
          85   72.021656981390009       -83.894495368312192     
          86   72.019938275990469       -83.885627475930775     
          87   72.015562460804176       -83.923242721612368     
          88   72.029606856029517       -84.094720686406646     
          89   72.018183254178780       -84.046081274122884     
          90   72.017671559892023       -84.074395589943691     
          91   71.999292463878987       -83.911110859527398     
          92   72.005838305950547       -84.021596356257078     
          93   71.997525439828337       -84.004949736618087     
          94   71.986822702358126       -83.973429305102897     
          95   71.992076280779600       -84.063222876848243     
          96   71.977444723995774       -83.902816011923306     
          97   71.974151523918806       -84.018657271686592     
          98   71.966178537961284       -84.041690485589655     
          99   71.958420556085642       -83.940005645011993     
         100   71.959256402305499       -84.101447234186878     
         101   71.942396367177565       -83.969101538203276     
         102   71.936094209946219       -83.928599405769603     
         103   71.934619213204584       -84.058850313133803     
         104   71.928716894326200       -83.985190734108826     
         105   71.934736567665738       -84.084836941097862     
         106   71.923511314915586       -84.083698214223318     
         107   71.919876181636369       -84.083295661270597     
         108   71.905112450121024       -83.971013408973135     
         109   71.901726377807975       -83.967506993370336     
         110   71.897546199078334       -83.910580389703867     
         111   71.901192161209337       -84.054840901563537     
         112   71.895615315659157       -84.011611523000312     
         113   71.890159236676681       -84.035551245730048     
         114   71.892378612363828       -84.090388498586762     
         115   71.877597135139098       -83.927150568058664     
         116   71.878118825815278       -84.096894658921556     
         117   71.863977635278673       -84.012941443092572     
         118   71.853247158884187       -83.967123568401533     
         119   71.842463847883579       -84.029777828895334     
         120   71.840345645850462       -84.035923719217905     
         121   71.827503996565056       -84.030124272179748     
         122   71.820742232807632       -83.973371683676064     
         123   71.819981559267859       -83.977617637817247     
         124   71.809382279160431       -83.890630652584449     
         125   71.809387311959483       -83.959846618524750     
         126   71.809026431060786       -84.032203909928697     
         127   71.803991424210395       -83.962855757489322     
         128   71.809486070678801       -84.089603704386093     
         129   71.808282695073601       -84.094993343081981     
         130   71.804755059730923       -84.094513350160227     
         131   71.795187047489648       -83.927075011649521     
         132   71.801082341512881       -84.076982802717140     
         133   71.800249233340125       -84.107040932283979     
         134   71.792694362747156       -83.949964254628583     
         135   71.787956379841134       -83.929014492979775     
         136   71.791765777123715       -84.015545391700343     
         137   71.781372305715621       -83.977263938159737     
         138   71.781254298703644       -84.062930008082972     
         139   71.773190774376886       -83.911888367616655     
         140   71.770558850528218       -83.941366451940937     
         141   71.768926322565974       -83.992133897244372     
         142   71.769200077434903       -84.049949227945277     
         143   71.754443994847406       -83.968116545504188     
         144   71.752784515541165       -83.996186678628902     
         145   71.746813862840256       -83.996778415452056     
         146   71.741307671830668       -84.020995764943535     
         147   71.727546959826199       -84.006134909983544     
         148   71.726821912741670       -84.039062174110839     
         149   71.725149402336172       -84.002551285334846     
         150   71.718919889555352       -83.999700034844707     
         151   71.714789457289797       -83.988180687414257     
         152   71.714332661873556       -83.983384938925681     
         153   71.709676647552186       -83.897858954969195     
         154   71.708629428754790       -83.911172500443541     
         155   71.706585457872322       -83.898299205346134     
         156   71.710025416296418       -84.015856896904310     
         157   71.705407393998968       -83.972487935146546     
         158   71.704793578490211       -83.969798708211044     
         159   71.705360940933502       -84.017396856332567     
         160   71.705715239367578       -84.064750848402156     
         161   71.700216321731418       -84.059857679613685     
         162   71.698642780134236       -84.025556284593677     
         163   71.693679129247144       -83.948977627329398     
         164   71.692073737398417       -83.964990834839199     
         165   71.688018631911646       -83.924543479535487     
         166   71.691454914531448       -84.046688244143326     
         167   71.690860281367904       -84.076533931195087     
         168   71.687423155620095       -84.007901799954666     
         169   71.684284825036670       -83.902939701084605     
         170   71.684272988954135       -83.993637636731748     
         171   71.680842549774553       -83.924377269325021     
         172   71.669998125899525       -83.898674015032142     
         173   71.673313432661018       -84.030156263022604     
         174   71.664344364663975       -83.962591030074947     
         175   71.662178228762940       -83.967898512018991     
         176   71.661852815539063       -84.004173754600870     
         177   71.662299410013446       -84.080021166312306     
         178   71.659094304920899       -83.959875630731602     
         179   71.652911322743904       -83.887254743768594     
         180   71.648122208395463       -83.958102050104841     
         181   71.645997250452538       -83.925079362600087     
         182   71.647059879430373       -84.082097373748709     
         183   71.639256613799049       -84.081042939860410     
         184   71.636124586892933       -83.941777901651108     
         185   71.635324340426365       -84.050046051217876     
         186   71.635870776375299       -84.081543779940290     
         187   71.628124689596632       -84.000929706694677     
         188   71.626247020592132       -83.994554722801553     
         189   71.623314138045643       -83.964554688072411     
         190   71.622204908446761       -84.011849965929855     
         191   71.614749791478133       -83.936278784288746     
         192   71.615178367254572       -84.018056137778785     
         193   71.608557524592683       -83.932162859147866     
         194   71.608012810219122       -83.963101570347519     
         195   71.596044990025590       -83.908074910294488     
         196   71.593188610672883       -83.894002792983940     
         197   71.592804714637481       -84.005095818843316     
         198   71.591957465960860       -84.021066753711679     
         199   71.591090408240376       -83.991696778882456     
         200   71.590843394041713       -83.975305798197510     
         201   71.590566306991619       -83.993073949965506     
         202   71.590419442987212       -84.027430291676808     
         203   71.589634207173432       -84.087667895292853     
         204   71.587824580911388       -83.965422387224976     
         205   71.587723385114700       -84.004388240079905     
         206   71.587595435759013       -83.999502332052501     
         207   71.586716669837955       -83.940208672915290     
         208   71.585402389525314       -83.991639446869684     
         209   71.584186682678862       -83.938026418495355     
         210   71.584448088114115       -84.034195143838616     
         211   71.580396125375543       -83.991961287273739     
         212   71.579793943847505       -83.978259919713523     
         213   71.579553005736727       -83.966321388254045     
         214   71.577177554958126       -83.903386822833866     
         215   71.576119396568501       -83.914881011768813     
         216   71.576200453943613       -84.012519828250660     
         217   71.574989895106214       -84.006014907853228     
         218   71.569180033483832       -83.934636509513695     
         219   71.565054050214769       -84.004749743244432     
         220   71.564691295986918       -83.979952552684622     
         221   71.563843300319419       -83.984216704253811     
         222   71.562125928893522       -84.019258453846547     
         223   71.561895377927385       -84.004828220105082     
         224   71.559222581585217       -84.003313409323809     
         225   71.557976583271255       -84.018070666111171     
         226   71.556850677250679       -83.996343230895505     
         227   71.556558612922288       -83.982531853311386     
         228   71.555495083429790       -83.913930296087131     
         229   71.552826104419026       -84.004953972728046     
         230   71.551992275745036       -83.997148075792751     
         231   71.550916084448616       -84.023493181435811     
         232   71.548863844641176       -84.018887406030458     
         233   71.547988343308120       -83.989398634332844     
         234   71.543871834434825       -83.915937926285508     
         235   71.543521337976529       -84.068236552176259     
         236   71.541713028253540       -84.055337047221386     
         237   71.541368117528265       -84.085853704383453     
         238   71.540835993100416       -84.014917820900862     
         239   71.540227975396078       -83.989288663298453     
         240   71.538189047432525       -84.105583716308871     
         241   71.535435154950591       -83.988884051065952     
         242   71.534853097369933       -84.014289815949681     
         243   71.533140747656674       -84.065255305937754     
         244   71.532242017216035       -84.007384507208897     
         245   71.530532340242416       -83.943093644503463     
         246   71.530759604734229       -84.018395370332996     
         247   71.528677788557161       -84.009418197434016     
         248   71.528260924077287       -83.995067283836434     
         249   71.526488007195127       -83.998229962592177     
         250   71.523833374783379       -83.981330862870593     
         251   71.523256354954896       -83.955237354000118     
         252   71.522085081447045       -83.929506069052437     
         253   71.521486608056662       -83.973165603776820     
         254   71.518579423720553       -84.011387769516986     
         255   71.516867194112322       -84.063161685151982     
         256   71.516494453974374       -84.003301129952803     
         257   71.515923691522332       -83.960572411945051     
         258   71.514598488693451       -84.009665346797576     
         259   71.513438579147831       -83.986498025844341     
         260   71.512991570069644       -84.097692243977079     
         261   71.511895397890470       -83.979865529246268     
         262   71.511059324898255       -84.003112786927616     
         263   71.509915364798232       -84.034732181952904     
         264   71.508714768076885       -84.017732937278382     
         265   71.508078473994033       -84.017438728167662     
         266   71.507717313585474       -83.998192404982291     
         267   71.507050689147547       -84.000143347958385     
         268   71.505760004705294       -84.015441923802513     
         269   71.505598657764622       -83.998743456213603     
         270   71.505536371739197       -83.965960120713376     
         271   71.505495162055539       -83.954829476001095     
         272   71.504837191002622       -84.009997666035858     
         273   71.504351022278300       -83.942522964110196     
         274   71.504234937137980       -84.011503199718604     
         275   71.503877587933914       -83.936402682947985     
         276   71.503110432277282       -83.981135153119922     
         277   71.502031399823480       -83.990517524028164     
         278   71.501636942965632       -84.003166744977861     
         279   71.500945910210177       -83.991839915604046     
         280   71.500762010669149       -84.011277629968149     
         281   71.500589491235317       -84.012913180302448     
         282   71.500263488129491       -84.000432636455116     
         283   71.499608532991715       -83.999390210197447     
         284   71.499395882111259       -83.993332536059228     
         285   71.498202076527974       -84.019518648615602     
         286   71.497290839286777       -84.023674409889892     
         287   71.497088733877533       -84.014695676786445     
         288   71.496236411894515       -83.991522860710631     
         289   71.495134860864383       -84.089865104476246     
         290   71.494428075724073       -83.989926856579984     
         291   71.492470220203344       -83.994668489059592     
         292   71.491110561216729       -83.963299658230042     
         293   71.490714436961426       -83.998264639675327     
         294   71.490185694391542       -84.053736048865630     
         295   71.489977681952467       -83.964954455587190     
         296   71.489612280765314       -84.053664848324573     
         297   71.489493111844624       -83.991920403176024     
         298   71.489063018945387       -84.023487962125088     
         299   71.488671944210623       -84.014384000205453     
         300   71.487341439021094       -83.983261257116595     
         301   71.486625349485294       -84.014021445418095     
         302   71.485818143512660       -83.984687549875375     
         303   71.485734342370321       -83.994448685221300     
         304   71.485057500098947       -83.997206408348930     
         305   71.484443979681700       -84.090887536033350     
         306   71.484180181082849       -83.999177146593354     
         307   71.483866535065488       -84.009846567910472     
         308   71.483031785909745       -84.014542296432623     
         309   71.481967120210754       -83.996744440653316     
         310   71.481144042094968       -84.021922090444846     
         311   71.480470710279718       -83.986597234452248     
         312   71.480145151049243       -84.010357374148001     
         313   71.479617913490387       -84.034504634468860     
         314   71.479402897837829       -83.976983336587537     
         315   71.478447204084134       -84.023236254372790     
         316   71.477432377842320       -83.964640082886376     
         317   71.477365199394598       -83.967566708018040     
         318   71.476951307258958       -84.011575041046768     
         319   71.476244061864733       -84.006823560464895     
         320   71.474619281663294       -84.011069828356227     
         321   71.474674788366883       -84.001608931948340     
         322   71.474325459061021       -83.995366413405776     
         323   71.471868492716098       -83.991370516086207     
         324   71.470223089449249       -84.004106664191013     
         325   71.467026751977343       -83.981227116316674     
         326   71.466767319111312       -84.002882908479364     
         327   71.466041364027376       -84.017682329983103     
         328   71.466115618871939       -84.004274326937008     
         329   71.465934774868785       -84.023033466363387     
         330   71.466157982072232       -83.991667335060725     
         331   71.463511744392960       -83.995532954157326     
         332   71.463178521864378       -83.999830299215390     
         333   71.461715895238484       -83.976390669744447     
         334   71.461338331652001       -84.020279129298615     
         335   71.461267964628149       -84.007579328936060     
         336   71.461216066413726       -84.000755728728635     
         337   71.459750927947226       -84.001985212363735     
         338   71.457464741144108       -83.991683139687083     
         339   71.456184735291444       -84.015169921084350     
         340   71.456109489995129       -84.016041781644020     
         341   71.454523702646924       -83.989778888214872     
         342   71.454204462971546       -84.010256006022459     
         343   71.453604493016940       -84.009311349188565     
         344   71.452097822150591       -83.996634485939111     
         345   71.451865896909183       -84.000728958428084     
         346   71.451434265498634       -83.990056477379198     
         347   71.450502563070998       -84.010040015798936     
         348   71.449717910274757       -84.010530802031525     
         349   71.449785910301500       -83.976265654556997     
         350   71.447846540360274       -84.056557427053832     
         351   71.447190056731671       -83.999239055231115     
         352   71.447147186774785       -83.997267502499369     
         353   71.446923918482099       -83.987883892139720     
         354   71.446158774339921       -84.007676267401038     
         355   71.445687366528674       -83.999290157357251     
         356   71.445480189035891       -83.992045762599616     
         357   71.445071252465794       -84.000524917620112     
         358   71.444871864824449       -83.999293425025016     
         359   71.444831480003103       -83.993209218146575     
         360   71.444486913058668       -84.000021985454680     
         361   71.443784079697053       -83.979425341771119     
         362   71.443393698918541       -83.989139540329944     
         363   71.443628923104200       -83.919950774733508     
         364   71.442518457682638       -84.004105696711434     
         365   71.440098798928730       -84.013919729982518     
         366   71.440065665643559       -84.012577622507507     
         367   71.439326365135528       -83.998407629509330     
         368   71.438982735026585       -84.003002860427031     
         369   71.438573957329410       -84.007034024785654     
         370   71.438438741014750       -83.981235132227695     
         371   71.436397558505064       -83.999389127920693     
         372   71.435847160304974       -83.998032818770241     
         373   71.435369681423396       -84.029494959924136     
         374   71.435482599403699       -84.010588861523530     
         375   71.434276164603673       -83.996699891873462     
         376   71.434028880342638       -84.014654010840019     
         377   71.433623084313965       -84.038438287931740     
         378   71.431668631538614       -84.003088808689299     
         379   71.430802475896044       -84.009149286486007     
         380   71.430801760496706       -83.988892838696444     
         381   71.430588019629923       -84.004475904897134     
         382   71.430593224302029       -83.981764962326736     
         383   71.429601696180853       -84.049884738032034     
         384   71.428519469866075       -83.995596060634682     
         385   71.427885760601427       -83.999103928095224     
         386   71.427946802699694       -83.990383758896400     
         387   71.427717599245582       -83.996337360695364     
         388   71.428264839412407       -83.931844240848022     
         389   71.427395143153561       -83.983124936722376     
         390   71.425124528257726       -84.066121537481720     
         391   71.425220025687139       -83.984065251418542     
         392   71.424811317195676       -84.012374505560047     
         393   71.424629332014106       -83.998584241830031     
         394   71.424030415227435       -83.999366218766312     
         395   71.423628812235620       -84.017079798289259     
         396   71.422336701765175       -84.037770105434319     
         397   71.422319462318981       -84.029201560981249     
         398   71.422073076519496       -84.004650939652521     
         399   71.421800253892684       -83.990183081337364     
         400   71.421403904569090       -84.003507714573985     
         401   71.421108744196445       -84.010051971944122     
         402   71.420721032245908       -84.002803636409325     
         403   71.420871372790756       -83.984215952345906     
         404   71.420595510146370       -83.983211364922411     
         405   71.419354032120452       -84.024648664038907     
         406   71.418903938826944       -83.993425584346326     
         407   71.418711118766296       -83.996905537944585     
         408   71.418243218882836       -84.011286385803530     
         409   71.418420019629750       -83.992181665233971     
         410   71.418069755977143       -83.999774252290479     
         411   71.417909489036660       -83.989237362623513     
         412   71.417641186095850       -83.987762761347582     
         413   71.416827431514903       -84.005733952425487     
         414   71.416773216628428       -84.001794856312486     
         415   71.416551853859687       -84.012947542905067     
         416   71.416391160753932       -84.006166918216962     
         417   71.415892261362529       -84.005163186220912     
         418   71.415736748548596       -84.001068335250920     
         419   71.415890630415731       -83.990078293308343     
         420   71.415581532996924       -83.995222406580652     
         421   71.415305318451828       -84.007018891211530     
         422   71.414422065643663       -84.011824804289134     
         423   71.414458442250577       -84.002350424768551     
         424   71.413494118679296       -83.997654746920034     
         425   71.412745465221718       -84.003344124980728     
         426   71.413472376707375       -83.948856467985152     
         427   71.412357420871885       -84.013144535308939     
         428   71.412916026713091       -83.948140152888996     
         429   71.411204307583787       -83.986093255420840     
         430   71.410403470078279       -84.004449343967337     
         431   71.410140025048321       -83.998952205221755     
         432   71.410013058457594       -84.001691880315136     
         433   71.409616322828640       -84.007080853592910     
         434   71.409505510198684       -84.012432759739752     
         435   71.407367296391399       -84.106697401400424     
         436   71.409129377660321       -83.996779413268328     
         437   71.408783950915776       -84.014267058420742     
         438   71.408298434583216       -83.998574581852395     
         439   71.407382044375353       -84.000479590702724     
         440   71.407349594066105       -83.978552583983827     
         441   71.406968069882524       -83.991863396507370     
         442   71.406705715309826       -84.001226450176461     
         443   71.406905213739961       -83.989046595967991     
         444   71.406228125453012       -83.994908995364369     
         445   71.406002912104697       -84.005669863097793     
         446   71.403960480351486       -84.098399028691873     
         447   71.405118450271118       -84.003250093564148     
         448   71.405312859653264       -83.973033538395384     
         449   71.404549003580243       -83.996193551884460     
         450   71.402696305879701       -83.998332445211616     
         451   71.402232742894157       -84.002592535130717     
         452   71.401920465274131       -84.003717010355999     
         453   71.401903598674934       -84.001597169439549     
         454   71.401972730872728       -83.995445914184742     
         455   71.401349640731098       -83.986621016515286     
         456   71.400878806250077       -83.984251445847292     
         457   71.400389471802583       -84.004819988507847     
         458   71.400243962943691       -84.010853595880292     
         459   71.400120596942756       -84.001145997351401     
         460   71.399479875392487       -84.004164869198775     
         461   71.399241056470572       -83.993361808829619     
         462   71.399193121140712       -83.989876248230004     
         463   71.397855049499583       -84.050058969456074     
         464   71.398364482054376       -84.003194546525719     
         465   71.397733783024620       -84.025664868056396     
         466   71.397775206347021       -84.016982812227326     
         467   71.397232082688532       -84.002238375340895     
         468   71.396981747721981       -83.998033984086661     
         469   71.396960750561490       -83.989327946402128     
         470   71.396565350547377       -83.997374604778884     
         471   71.395912911462077       -84.007936094474346     
         472   71.395518610562533       -84.000563178551218     
         473   71.395111602680416       -84.009018589592586     
         474   71.394631300859189       -84.005415857223227     
         475   71.394552996328642       -83.997863637576856     
         476   71.394220052439010       -83.998399103619548     
         477   71.394508079128997       -83.983105703424741     
         478   71.393761037877553       -84.002941143555901     
         479   71.393780203144189       -83.990501575799399     
         480   71.391708342480655       -84.001919387148007     
         481   71.391746707397118       -83.999506449201121     
         482   71.391022396044008       -84.006773867220289     
         483   71.390681510206988       -83.997302748022520     
         484   71.389320917641243       -83.993752535679647     
         485   71.389220083526538       -83.997997415611835     
         486   71.388324256359112       -84.007259623748183     
         487   71.388357926131334       -83.999195530977758     
         488   71.388319408515486       -83.996703368324262     
         489   71.388068842538885       -84.003282607419365     
         490   71.388239796305172       -83.994766003216967     
         491   71.387215788077782       -84.019961789863785     
         492   71.387140560906388       -84.006039607797206     
         493   71.386683446516500       -83.996361690246488     
         494   71.386516624535091       -84.000409148635995     
         495   71.386117951881815       -84.011545409992749     
         496   71.386543950836199       -83.988453635026502     
         497   71.385681957618260       -84.002343989786056     
         498   71.383997350581467       -84.034202261548742     
         499   71.384480660303794       -83.987268968945401     
         500   71.383800810832810       -83.999784492184105     
         501   71.383231246953116       -84.014252203794783     
         502   71.383316813466408       -83.991046048830484     
         503   71.383230255184060       -83.994022017047243     
         504   71.382605136718382       -84.004320809477036     
         505   71.382356171986132       -83.995053453840697     
         506   71.382094797855075       -83.983130523472624     
         507   71.381214402448904       -84.022717402915475     
         508   71.379706235944468       -84.011763106804750     
         509   71.379151813243539       -84.014416003445859     
         510   71.379565089069061       -83.982915305609239     
         511   71.378207685663142       -83.999898724265933     
         512   71.378087752638834       -83.998725373408192     
         513   71.378203661120764       -83.992612782684020     
         514   71.377970443743521       -84.001908548022556     
         515   71.377668937500957       -84.012515663295474     
         516   71.377913652377558       -83.993754514303816     
         517   71.375259730664709       -84.107062282287828     
         518   71.376438679145494       -84.006198781158673     
         519   71.377366238147033       -83.964201872258769     
         520   71.378370295230937       -83.911838378203782     
         521   71.376328137511891       -83.994927049598800     
         522   71.376046510318275       -83.995529914664132     
         523   71.375611474887890       -84.012912816067910     
         524   71.375819849485850       -84.000877789359691     
         525   71.375694911427473       -84.000327423104196     
         526   71.374482979106446       -84.021986011549856     
         527   71.374859329990798       -83.981519360114248     
         528   71.374075283139021       -84.009443510417711     
         529   71.373487233137183       -83.994481349416731     
         530   71.372805641869377       -84.012155411292710     
         531   71.372877448582770       -84.007695070921457     
         532   71.371890429268589       -84.008332193869464     
         533   71.371666414876486       -84.010034428218049     
         534   71.371332742913850       -84.004166040163113     
         535   71.371408832719808       -83.997913734013210     
         536   71.371187042851432       -84.000539412463382     
         537   71.371159533120647       -83.997007837340931     
         538   71.370880902815017       -83.997595108934036     
         539   71.370925110222018       -83.991404849254451     
         540   71.370862746507385       -83.991661291500492     
         541   71.370798851700556       -83.992807641160638     
         542   71.370762212999438       -83.984706082453329     
         543   71.369731652055123       -84.007006970278368     
         544   71.369449613488371       -83.989585579674596     
         545   71.368723422961963       -84.001557976643340     
         546   71.368752379202903       -83.996601541784699     
         547   71.368035380715838       -83.995698756829299     
         548   71.367725571276694       -83.991865990722360     
         549   71.367430483221980       -83.999152870914983     
         550   71.367367102858111       -83.993966571276374     
         551   71.367171798389009       -84.000130956972569     
         552   71.367148811603826       -83.985079890839003     
         553   71.366521220558013       -84.004871782990534     
         554   71.367022174585671       -83.972780984538659     
         555   71.366147303263148       -84.008002429013601     
         556   71.366171820072736       -83.995281324203035     
         557   71.366203080484354       -83.990490318945973     
         558   71.366308482934087       -83.980756475479566     
         559   71.366116966354141       -83.987224099974014     
         560   71.365658895446202       -84.001493863838959     
         561   71.365679480572922       -83.999718391056575     
         562   71.365194088451005       -83.993350871546397     
         563   71.364836688131149       -83.998344000397310     
         564   71.364794000438067       -83.994409689019605     
         565   71.364353785070591       -83.992437362761933     
         566   71.364490185208041       -83.972337648012058     
         567   71.361350972745967       -84.090473902101593     
         568   71.363734194622438       -83.989730606659904     
         569   71.364073007309742       -83.975282895002820     
         570   71.363196879615217       -83.995856354211540     
         571   71.362752487629308       -83.991180534163959     
         572   71.362190072692755       -84.011305108452206     
         573   71.362323880755341       -84.001990042763225     
         574   71.362422184523254       -83.996808683821172     
         575   71.363620599296297       -83.943705455602696     
         576   71.361415476437330       -84.015545687297163     
         577   71.361130621305946       -84.006229743011190     
         578   71.361175598657127       -83.998578060702442     
         579   71.358375785335838       -84.104368341935697     
         580   71.360580447930261       -84.010026656496166     
         581   71.360855208762501       -83.994484811720156     
         582   71.360596229823699       -83.999270083355398     
         583   71.359829913818928       -84.010861347711483     
         584   71.359763879305888       -84.004891633583469     
         585   71.360052838541122       -83.977202096078017     
         586   71.358791065192946       -83.994211239608589     
         587   71.360659046583166       -83.914189200457670     
         588   71.358287440628814       -83.992429398645783     
         589   71.357535301210362       -84.017875550982922     
         590   71.357766792442504       -84.006778911883472     
         591   71.357270089163720       -84.022179327511026     
         592   71.357257745859187       -84.014667989632684     
         593   71.357605684142015       -83.992058017211420     
         594   71.357194005316188       -83.994768305868277     
         595   71.356710874271442       -84.010412256383788     
         596   71.357226272046915       -83.980065071728745     
         597   71.356514147777986       -83.990300530420143     
         598   71.355888856654360       -84.001366103156158     
         599   71.355887184410435       -83.996727271597635     
         600   71.356039121086127       -83.974065109193475     
         601   71.354648370038859       -83.999965741463711     
         602   71.354141371109876       -84.010866573934123     
         603   71.354466277456581       -83.995674224464238     
         604   71.354427335012346       -83.987730744362779     
         605   71.353570525308129       -84.004655092384851     
         606   71.353720759555230       -83.994279455885788     
         607   71.353375641934804       -84.000956925418407     
         608   71.353494783307596       -83.989259436147336     
         609   71.352371559024874       -84.012974134382972     
         610   71.352528467249186       -84.004046097689866     
         611   71.352250245338894       -84.001353010048874     
         612   71.352230584745385       -84.000443928093333     
         613   71.351842173080215       -84.002886964943841     
         614   71.351094516028041       -83.999600398142860     
         615   71.350966978115309       -83.997193106402335     
         616   71.350621861464106       -84.003508729913122     
         617   71.351009983407067       -83.988057267897503     
         618   71.350890463815176       -83.950185106573471     
         619   71.349435856770484       -83.997459175683943     
         620   71.349627028232987       -83.984783005983758     
         621   71.349360548576513       -83.994202535393555     
         622   71.349268570818523       -83.995684773588394     
         623   71.345907098611676       -84.101491947091262     
         624   71.348591335865933       -83.988969365717239     
         625   71.347384313020783       -84.007225256998936     
         626   71.347757117871325       -83.984144368805502     
         627   71.346984518567567       -84.011713809588926     
         628   71.346880866376878       -83.998539896528925     
         629   71.346816804217781       -83.998273514944287     
         630   71.346559807574309       -83.998914471088753     
         631   71.344151677723019       -84.058796200832745     
         632   71.345487234869367       -84.008099488724739     
         633   71.346127380637682       -83.955757891002577     
         634   71.344936739346778       -83.996473901841483     
         635   71.342423109766315       -84.075108890588169     
         636   71.344338914523576       -84.006411257585995     
         637   71.344489269746873       -83.997338955772534     
         638   71.344073339601024       -84.001128086762648     
         639   71.344368700719059       -83.988478021534505     
         640   71.343562667378322       -84.015291225566713     
         641   71.343784431253312       -83.992220432104887     
         642   71.343969535816314       -83.983674748632723     
         643   71.342555353935296       -84.025576948530087     
         644   71.343212761329681       -83.990796274922090     
         645   71.342550903212810       -83.998187659562376     
         646   71.342127309835547       -84.000649509030424     
         647   71.341147975600308       -84.014994977407284     
         648   71.341367537430614       -83.999272860659005     
         649   71.342132382248820       -83.963250828243247     
         650   71.341067405584226       -83.993847747833243     
         651   71.339783383261164       -84.020359459128244     
         652   71.340132872743766       -84.004246465681845     
         653   71.340381941485276       -83.971695576772476     
         654   71.338340802721532       -84.015957730578080     
         655   71.336114860489928       -84.057428983206322     
         656   71.337804326337704       -83.999199991981300     
         657   71.337728302789458       -83.996555408372970     
         658   71.337430039482712       -84.000069508766657     
         659   71.337505757000343       -83.995417218796263     
         660   71.337436608461729       -83.992909555608449     
         661   71.337189947209126       -83.996148616732796     
         662   71.337351193676142       -83.983523684639877     
         663   71.336784357397875       -84.000929929719860     
         664   71.336763039445515       -83.994465922995786     
         665   71.335730975460223       -84.005648672251780     
         666   71.337420417281180       -83.937607039636006     
         667   71.335593385897468       -83.994961004876956     
         668   71.335231645827093       -84.006943403456091     
         669   71.335334598280255       -84.000800051799828     
         670   71.334870935394392       -84.001906740946325     
         671   71.334538926931430       -84.006539011836523     
         672   71.334056133768172       -84.004223411701560     
         673   71.333953578512009       -83.993638462721563     
         674   71.333893795958289       -83.992561816262736     
         675   71.333534035340008       -83.997334124798698     
         676   71.333529298999863       -83.977946899739152     
         677   71.330699722927463       -84.066783254405777     
         678   71.331276283621435       -84.018543390393035     
         679   71.332100743538277       -83.989883969820056     
         680   71.331380152995905       -84.002675626906651     
         681   71.330979538411114       -84.014125488783733     
         682   71.331434109666503       -83.995735377168401     
         683   71.330691830453887       -84.009247930430192     
         684   71.330879990281488       -84.000383286793138     
         685   71.329765638919412       -84.021204304222735     
         686   71.330349060966000       -83.994772273429106     
         687   71.327581101880270       -84.067118636283553     
         688   71.329587601387374       -84.001150266021938     
         689   71.329046165465371       -84.009820725132997     
         690   71.328989683299014       -84.005140766896062     
         691   71.328653470323090       -84.004106471817067     
         692   71.328576611256082       -84.006637714477264     
         693   71.328988129018114       -83.991583306370345     
         694   71.328758843296271       -83.997858629234202     
         695   71.326351153067151       -84.046987306358602     
         696   71.327628634183881       -83.996213701284461     
         697   71.327750992830531       -83.988879429743520     
         698   71.327178020816916       -84.000235878109962     
         699   71.326544959918635       -84.018750722455806     
         700   71.326794939827607       -84.007804916742927     
         701   71.327144531002190       -83.991373178047553     
         702   71.326510105817491       -83.992611150240805     
         703   71.326472558270780       -83.985684463499439     
         704   71.325474877280797       -84.002533657412940     
         705   71.325406653679863       -83.998393671212909     
         706   71.324265606215803       -84.012209579129461     
         707   71.324286562943044       -84.004028142497631     
         708   71.324378075583127       -83.998921412441234     
         709   71.323647205229193       -83.994088946803117     
         710   71.323592493760970       -83.987781888865953     
         711   71.323101361229476       -83.995215421649917     
         712   71.322948518066170       -83.991429569710448     
         713   71.322481166925968       -84.004689317500905     
         714   71.322452871395200       -83.985084272393394     
         715   71.321875363467839       -83.987647544690461     
         716   71.321663048252915       -83.987610044421388     
         717   71.321026044043975       -84.002184553314692     
         718   71.321380416648026       -83.989365824851191     
         719   71.320168197416947       -83.996291670210596     
         720   71.320286372752491       -83.978870235442983     
         721   71.319190989470314       -84.000912922285579     
         722   71.320032461574073       -83.972979661447042     
         723   71.319065875262126       -83.994921800862329     
         724   71.318728046727244       -83.997837746559100     
         725   71.318607289037558       -84.001348892372917     
         726   71.318191375860948       -84.007839064774316     
         727   71.318800276714512       -83.988551727561358     
         728   71.318235748932452       -83.998486861879343     
         729   71.317701800306565       -84.005926504869819     
         730   71.317878536278315       -83.999964210060270     
         731   71.317258173640695       -84.002828487165246     
         732   71.317842259028993       -83.984623571796675     
         733   71.316595478889639       -84.016730421335183     
         734   71.316149985407876       -83.996008280955905     
         735   71.316419099116942       -83.986863814079939     
         736   71.315104596518609       -84.022395272357670     
         737   71.315813351493702       -83.998349597130897     
         738   71.315596017876416       -83.995240731977006     
         739   71.314176683897728       -84.007993932343197     
         740   71.314629280983809       -83.994022959791323     
         741   71.313952984739061       -84.000450207747988     
         742   71.313400231400038       -84.007583134994107     
         743   71.312647085747798       -84.018151554321634     
         744   71.314227488363287       -83.969810921388728     
         745   71.313156010433545       -83.998753675580659     
         746   71.312611560573728       -84.006800919428201     
         747   71.312141908797798       -84.015931719489174     
         748   71.312503514830794       -84.003200008955801     
         749   71.312789691042937       -83.992264249252415     
         750   71.312729989628636       -83.991818604306516     
         751   71.312348739909979       -83.984778159160513     
         752   71.311637679204736       -84.001201762505687     
         753   71.311195576994152       -84.007486694851977     
         754   71.310753904873593       -83.990970687195912     
         755   71.309996568203644       -84.002668525977754     
         756   71.309494316073625       -84.013964623231544     
         757   71.308877717779922       -84.003664788950772     
         758   71.308489379827350       -84.009210570596508     
         759   71.309254274798562       -83.986448199964727     
         760   71.308611243408563       -83.999903839276925     
         761   71.308790692259436       -83.994188877502793     
         762   71.308304187787584       -84.001494400648014     
         763   71.307896494074498       -84.002341053903692     
         764   71.308196858895542       -83.989146092316901     
         765   71.308404714008304       -83.981669801497532     
         766   71.307671129167801       -83.997729876672310     
         767   71.307647557262513       -83.992005257246589     
         768   71.307072876179362       -84.005611886726001     
         769   71.305780060517122       -84.020123884346617     
         770   71.306128877359143       -84.009794298724074     
         771   71.306225377764221       -84.000149000882857     
         772   71.306042642323860       -83.995889544943466     
         773   71.304744645845503       -84.014106361981803     
         774   71.304897143549098       -84.004760868546910     
         775   71.304963331102371       -83.992483035642934     
         776   71.304231608361334       -83.990286741123285     
         777   71.303839590137144       -83.993867195561208     
         778   71.303320776358134       -83.991025377260925     
         779   71.302487679778253       -84.004554152788785     
         780   71.302233770579534       -84.009099322205145     
         781   71.302765236138185       -83.988734885359193     
         782   71.301559081204957       -84.021839843156840     
         783   71.301524085066774       -84.002238444731788     
         784   71.300836044782884       -84.005926860088664     
         785   71.301528864909926       -83.984651184846655     
         786   71.299269098828034       -84.008441630174929     
         787   71.295151571942085       -84.101369955523595     
         788   71.299075588212688       -83.990816306378747     
         789   71.298905309848735       -83.991454267630402     
         790   71.297288290334592       -84.032074090506228     
         791   71.298354620949297       -84.000995804031930     
         792   71.294361067980191       -84.099568895949290     
         793   71.296933971239895       -84.011615756353862     
         794   71.297522193142015       -83.994748724753947     
         795   71.297129595471858       -83.997746414090429     
         796   71.296930870883145       -83.996598409130655     
         797   71.292737262416736       -84.106573403262516     
         798   71.297263860006609       -83.977998687297188     
         799   71.297043391378139       -83.976020587214776     
         800   71.296097375607729       -83.995833076773920     
         801   71.295688930592462       -84.004602279227683     
         802   71.295982943207335       -83.993168863768162     
         803   71.294962909710051       -83.999811431519873     
         804   71.294633418923780       -83.995444846740298     
         805   71.293815297235867       -84.014933412010294     
         806   71.294733566110722       -83.987594857686645     
         807   71.294001724285621       -83.988622865290594     
         808   71.292407603196551       -84.030218948647288     
         809   71.293209528830346       -84.000188221281221     
         810   71.292514675948297       -84.001966343875068     
         811   71.292210044051885       -84.007671685249178     
         812   71.295390861353553       -83.909539434952094     
         813   71.292119973647331       -83.999201980987777     
         814   71.291457965617838       -84.015821339434552     
         815   71.291847932022293       -84.001410953715634     
         816   71.291947905371956       -83.992497816274792     
         817   71.291310257494459       -84.003214428578332     
         818   71.291170964029448       -83.995282684146531     
         819   71.290508415085185       -83.996408751844868     
         820   71.290153549272262       -83.997817245065761     
         821   71.289180669623164       -84.016926184255595     
         822   71.290028974226615       -83.991382589561553     
         823   71.289589800596787       -84.002636133008323     
         824   71.289273019819163       -84.000423266745543     
         825   71.288848306973975       -83.987305113896127     
         826   71.287450879109926       -84.001747075446232     
         827   71.286935096971362       -84.013273658762316     
         828   71.287520283138193       -83.994151082150651     
         829   71.286502000785120       -83.995729325759669     
         830   71.286464052550187       -83.980890203041483     
         831   71.285492725051270       -83.996796545979251     
         832   71.284942962160116       -83.988910094511681     
         833   71.284690543061970       -83.995122461000634     
         834   71.283174111661737       -84.009185259289254     
         835   71.283264835262173       -83.999091209730835     
         836   71.283729529837487       -83.982424994114936     
         837   71.283471952056502       -83.985199357982182     
         838   71.282920688787470       -83.995418342439450     
         839   71.281318916639634       -84.034716443811433     
         840   71.282676926902496       -83.993459944877387     
         841   71.280220131350859       -84.055581532717582     
         842   71.281820508996262       -83.991817588688022     
         843   71.282308087417462       -83.963187557014223     
         844   71.281179266967285       -83.990985800254251     
         845   71.280842775159940       -83.994282962201396     
         846   71.280844572114646       -83.988530381871868     
         847   71.279158269922576       -84.024430765803515     
         848   71.279456296242884       -83.996921966198840     
         849   71.278524177897850       -84.017191435872306     
         850   71.279261410640601       -83.982003897123462     
         851   71.276823297326843       -83.997254802342610     
         852   71.276178761357031       -84.007169045812461     
         853   71.275416025481348       -84.026047006993366     
         854   71.274943736160267       -84.005258373354849     
         855   71.274804753507894       -84.007629267841551     
         856   71.272148331626127       -84.002745354821727     
         857   71.272411086273038       -83.985496623916532     
         858   71.271336733833110       -83.994407363061526     
         859   71.271072627414171       -83.999991396711081     
         860   71.270579504712714       -84.003005737895592     
         861   71.270008485375541       -83.989055515019928     
         862   71.265446207663572       -84.100483552331625     
         863   71.269288406911642       -83.990023672459415     
         864   71.268394218730634       -84.011490332791936     
         865   71.268516749114468       -84.005578154348527     
         866   71.267958937613898       -84.000476504068388     
         867   71.267592423153431       -83.953915228282199     
         868   71.267271583874887       -83.960632678179437     
         869   71.266378207574235       -83.979418225074483     
         870   71.265238168456250       -84.006917563388299     
         871   71.264640019140600       -84.020152074159157     
         872   71.263977740311518       -84.019087298969538     
         873   71.264765832817886       -83.999196666859675     
         874   71.263942262081017       -83.996204714488442     
         875   71.264336460360369       -83.985936983273405     
         876   71.262710813164531       -84.004569379410157     
         877   71.263099907312125       -83.984134123815096     
         878   71.262799312311898       -83.984521130467940     
         879   71.263782093613301       -83.953839637050919     
         880   71.261927025191383       -83.982344990053761     
         881   71.260723654246590       -84.007766667453211     
         882   71.260562151869223       -84.010669628946104     
         883   71.260822750355032       -84.001522039139715     
         884   71.261012941925785       -83.988085041224636     
         885   71.258637378715846       -84.009845624447664     
         886   71.259198393131669       -83.995144201377201     
         887   71.258120376973608       -84.005357938913974     
         888   71.257709523978633       -84.002920631847900     
         889   71.259702662538146       -83.953683461518295     
         890   71.257315061753800       -84.002296694413673     
         891   71.258775961157212       -83.959218631194702     
         892   71.256987219211069       -83.999214374110323     
         893   71.256860088052903       -83.988365990393959     
         894   71.255585281679615       -83.994800611526301     
         895   71.255266545450112       -83.992836480578219     
         896   71.255037547642189       -83.994397187632586     
         897   71.253291986881734       -84.022799539537260     
         898   71.252160216147743       -84.016266368735373     
         899   71.253133255944022       -83.990402303499067     
         900   71.252998458171859       -83.991092517334820     
         901   71.251527016835141       -84.018046036565721     
         902   71.251401863742203       -83.957684628964842     
         903   71.248134341655302       -84.006274844650846     
         904   71.248826611869490       -83.989406850251882     
         905   71.248706763512629       -83.990645970953821     
         906   71.248206269280203       -84.000780740530672     
         907   71.247778381972296       -84.004545989412463     
         908   71.246153037817038       -84.008908715640786     
         909   71.246758475137540       -83.993185714477633     
         910   71.246066187416673       -84.006743480227399     
         911   71.242480905742696       -84.085515356777108     
         912   71.246590944121053       -83.982927198487332     
         913   71.245068291802198       -84.004677430388796     
         914   71.245095578389225       -84.000400211116116     
         915   71.244120404813430       -84.020962992306409     
         916   71.244225784183158       -83.986593728214274     
         917   71.242470672253020       -83.998518563794221     
         918   71.237695327465715       -84.085745319931632     
         919   71.242244994102194       -83.970853714356679     
         920   71.240969786307943       -83.994035750410490     
         921   71.239177528648170       -84.008549769923619     
         922   71.236032148806046       -84.038388029347885     
         923   71.236880157315099       -83.985130865538366     
         924   71.236822942351054       -83.984567120340742     
         925   71.235254010105692       -83.997048945979770     
         926   71.235028568340624       -83.991775061893065     
         927   71.234459896152629       -83.990868501420650     
         928   71.234608389355060       -83.986172215430159     
         929   71.233120395990554       -84.003821356058737     
         930   71.232362268540868       -83.981332962726199     
         931   71.230821894037831       -84.001475795012794     
         932   71.229721548422802       -84.011590668037201     
         933   71.229376518686237       -83.997205981682228     
         934   71.228056531005251       -83.987207686086904     
         935   71.222534791099932       -84.089632723231347     
         936   71.224339748359867       -84.021398185678308     
         937   71.225096807398884       -84.000485820181495     
         938   71.223798470826566       -84.026161677012240     
         939   71.224785402447779       -83.998928077417901     
         940   71.225542795014931       -83.977398854549037     
         941   71.221756602949256       -84.009672222661038     
         942   71.221960769320333       -83.993884732298881     
         943   71.221096012537302       -84.002566803749858     
         944   71.220866966112425       -84.001045641457296     
         945   71.221016159084755       -83.995875099459312     
         946   71.219978910190648       -83.981434568416546     
         947   71.221373467104073       -83.946605470914903     
         948   71.217833457701474       -84.018471055668371     
         949   71.217516488547432       -84.021303748415704     
         950   71.219969908598515       -83.958554478336396     
         951   71.218135542216459       -83.992907991557189     
         952   71.216809459041841       -83.999961273015714     
         953   71.217503058595653       -83.983496236614769     
         954   71.215876644255303       -83.995709393779492     
         955   71.219050160973680       -83.925641313337579     
         956   71.214451800110709       -84.011264203171550     
         957   71.212769716132996       -84.003487340753367     
         958   71.210761671829914       -84.038214658002858     
         959   71.211857086223873       -83.982108539817318     
         960   71.209934737241213       -84.020146794073909     
         961   71.207809849716583       -84.014844941684643     
         962   71.206090742913574       -84.000446346068586     
         963   71.205754373314804       -83.994631159325053     
         964   71.204343837596738       -83.997972173184053     
         965   71.205611405974551       -83.964206259789563     
         966   71.200513556805234       -84.002339068542199     
         967   71.199923712642800       -84.004084722369242     
         968   71.199654764911671       -84.007427117354268     
         969   71.198858242020890       -84.021507544117910     
         970   71.199828693843571       -83.996102904929856     
         971   71.194646839963909       -84.078936947892018     
         972   71.195099642090270       -84.065498385476701     
         973   71.197377200857261       -84.003719486188302     
         974   71.196589322669524       -83.983886344308104     
         975   71.195882572711071       -83.986336139019841     
         976   71.195304765776896       -83.992178347155530     
         977   71.193970394484154       -83.995327870768620     
         978   71.195537013118241       -83.947762342373011     
         979   71.187067323801685       -84.105343247214407     
         980   71.192700970902678       -83.994990050596925     
         981   71.190924706959080       -84.002047599070607     
         982   71.191752566230022       -83.983662088700001     
         983   71.193732708199263       -83.929659136488723     
         984   71.187162557994483       -84.040505617562019     
         985   71.185937759835213       -84.047888662880197     
         986   71.188655458644703       -83.972429834563641     
         987   71.186324955698353       -84.014805720640936     
         988   71.187675846203277       -83.983430522407858     
         989   71.186327991618015       -83.987678726081924     
         990   71.183712198187919       -84.022690209560537     
         991   71.182285136006627       -83.989449133278200     
         992   71.181376878245089       -83.995931070674331     
         993   71.179793692853394       -84.011905857852113     
         994   71.180151537921418       -84.004541593237292     
         995   71.180664458223291       -83.994991382326333     
         996   71.180345024037464       -83.985911949630207     
         997   71.178841976618799       -84.007472855183877     
         998   71.178388709447432       -84.006299919109139     
         999   71.179155156853568       -83.990585242664196     
        1000   71.178695410207609       -83.993333284821389     
        1001   71.176943678525689       -84.003171092987813     
        1002   71.176871387580178       -83.978435834578008     
        1003   71.178319389107074       -83.940179412751803     
        1004   71.175167287069144       -83.989503605380051     
        1005   71.174875905217647       -83.994709723951331     
        1006   71.172856223927894       -83.999096657758443     
        1007   71.175451463334838       -83.952460601471529     
        1008   71.173357165406287       -83.965427066214062     
        1009   71.166742679680752       -84.066900809705686     
        1010   71.170920242398353       -83.991760553068573     
        1011   71.171278947700031       -83.978422174909554     
        1012   71.163586369064035       -84.104875427962000     
        1013   71.164039162308669       -83.997623139453637     
        1014   71.162996766741514       -83.995237383676098     
        1015   71.160378074908522       -83.976170169626457     
        1016   71.159013656113729       -83.992560390795731     
        1017   71.157457997407832       -83.991000833293015     
        1018   71.155707872552455       -84.010098250493300     
        1019   71.149906804664198       -84.078178244410637     
        1020   71.151714532268059       -84.010923186116045     
        1021   71.151614833030592       -83.991412410301038     
        1022   71.150316823146426       -83.996754923894571     
        1023   71.150860014263131       -83.980150847362921     
        1024   71.142829296835089       -84.110749433823671     
        1025   71.150111275115108       -83.984900240625834     
        1026   71.149513103883720       -83.983947994140507     
        1027   71.150069684449164       -83.968324538485362     
        1028   71.142133771221268       -84.081924103211264     
        1029   71.149914045445414       -83.947920356475223     
        1030   71.146737118016546       -83.986657778959412     
        1031   71.143618092950916       -84.011313771919106     
        1032   71.142867847513486       -84.000147111106614     
        1033   71.143172524464703       -83.977189172403982     
        1034   71.140129748515093       -84.024116943462232     
        1035   71.134991781030266       -84.075525159144831     
        1036   71.138927192487557       -84.011544247721332     
        1037   71.137662596213971       -84.020526684838117     
        1038   71.136262098311548       -83.983015304946619     
        1039   71.133356602905380       -84.027064613828642     
        1040   71.132637633354932       -84.033757082910100     
        1041   71.136044569530796       -83.963552106624732     
        1042   71.135633113219015       -83.953803435710540     
        1043   71.129253082490834       -84.024475675514978     
        1044   71.130152928154757       -84.003385978835368     
        1045   71.132332247913268       -83.968286148709907     
        1046   71.122511037472719       -84.092921577769914     
        1047   71.133857944976285       -83.911249855784646     
        1048   71.127733322382880       -83.993142071981325     
        1049   71.124772180241266       -84.017598249996553     
        1050   71.124771159805874       -83.995917363790298     
        1051   71.122183657514611       -84.033878095522766     
        1052   71.125469865152979       -83.970928693554214     
        1053   71.124715679246975       -83.976580686368692     
        1054   71.112193614045765       -84.022984438417879     
        1055   71.112171865417409       -83.993784907001142     
        1056   71.108542348449234       -84.013132390430883     
        1057   71.105757026206149       -83.960995066349170     
        1058   71.095423357642943       -84.055244139029710     
        1059   71.095814954642037       -84.047088772613307     
        1060   71.089431504897163       -84.105593813509103     
        1061   71.092652597512512       -84.003331182148344     
        1062   71.084783286753137       -84.060632736915679     
        1063   71.088957443312083       -83.989766483207518     
        1064   71.088053139571997       -84.001458128824765     
        1065   71.079561395760507       -84.110529950833453     
        1066   71.075880017375027       -84.083614071827853     
        1067   71.075779405029934       -83.992222223505507     
        1068   71.070432483925998       -84.055199426726602     
        1069   71.058442206597931       -84.101227802412637     
        1070   71.067299278448942       -83.924721607682940     
        1071   71.061805569991492       -83.992836224650091     
        1072   71.063480201418756       -83.969532059595764     
        1073   71.053558198976674       -84.026749197235674     
        1074   71.055369624925078       -83.946242456297426     
        1075   71.051383557250546       -83.985683213092713     
        1076   71.044288696588083       -84.074872698716746     
        1077   71.052585970542466       -83.945986852358971     
        1078   71.050039169423243       -83.974655642681185     
        1079   71.047239955671145       -84.003974422195128     
        1080   71.038190609976596       -84.106869800158123     
        1081   71.045766325207325       -84.003425309969685     
        1082   71.040333329063515       -84.050934473966009     
        1083   71.044681871748196       -83.983266619290220     
        1084   71.041886228456093       -83.993837701428319     
        1085   71.038117783550817       -84.019852288047716     
        1086   71.040814679111776       -83.955031232138509     
        1087   71.035212720817910       -84.005906890782413     
        1088   71.034788746178521       -83.988277242191927     
        1089   71.038516852546636       -83.938746425724261     
        1090   71.036595506935868       -83.939136967094257     
        1091   71.031426579506558       -83.939090903830774     
        1092   71.025734491825546       -84.007056623795606     
        1093   71.021218536426630       -84.023977726752435     
        1094   71.021537222863316       -84.003748840337693     
        1095   71.020328491739377       -83.989613380272615     
        1096   71.009525747991930       -84.020194863894218     
        1097   71.007515003070040       -84.005673844809195     
        1098   71.002974323344219       -84.057951125429653     
        1099   70.996392112689151       -84.037522826109580     
        1100   70.997425519023523       -84.016267431280255     
        1101   70.993489405159508       -84.049350021113355     
        1102   70.984504370485212       -83.978882753787104     
        1103   70.978863893515580       -84.027932231494262     
        1104   70.984023254365468       -83.954325751327858     
        1105   70.973690684858894       -84.057950492663309     
        1106   70.979330737992925       -83.940832353953468     
        1107   70.963515461723148       -84.035962680173355     
        1108   70.964738214722033       -83.955727336934970     
        1109   70.953586756137526       -84.057681077047633     
        1110   70.953939140482262       -83.935189880005098     
        1111   70.947712340064399       -83.986590625965107     
        1112   70.936109255822984       -84.031018579567544     
        1113   70.930093217577664       -84.052806548800675     
        1114   70.932831278498270       -84.018678713910319     
        1115   70.941303078879628       -83.917846536520400     
        1116   70.916604688299515       -84.076956803692241     
        1117   70.918745905231901       -84.050692069079446     
        1118   70.918631595277148       -84.050707997956678     
        1119   70.929417418442227       -83.937680418903454     
        1120   70.926270540605060       -83.949243155199994     
        1121   70.915189462900685       -84.016660235125258     
        1122   70.905249062754919       -84.088335876956435     
        1123   70.905904026640627       -84.049708940160087     
        1124   70.907592064880063       -84.020382675018823     
        1125   70.882520903267718       -84.089583768494407     
        1126   70.882360199129991       -84.088377892078014     
        1127   70.886698371153031       -84.045166384336241     
        1128   70.897020871618906       -83.927657771282696     
        1129   70.878582904875515       -84.087693338251299     
        1130   70.872531116506934       -84.088575777539504     
        1131   70.887718679943305       -83.919484852717545     
        1132   70.878881860545491       -83.980501097392903     
        1133   70.887109107085848       -83.892368037956302     
        1134   70.864844997169413       -84.092347565560672     
        1135   70.873550724595333       -83.982120571260310     
        1136   70.857295860592714       -84.104074012744491     
        1137   70.867183031077772       -83.946693116142001     
        1138   70.840756665517844       -84.043244409713921     
        1139   70.847734922657693       -83.976661940564071     
        1140   70.842166446245628       -84.013113271149948     
        1141   70.849103147685582       -83.919912891282053     
        1142   70.822741750103688       -84.083596221758071     
        1143   70.824429947507411       -84.067852821616100     
        1144   70.832653301678704       -83.995179883209047     
        1145   70.830587429527256       -83.998680660028612     
        1146   70.830077881448219       -83.997473212761889     
        1147   70.830555879229266       -83.987007980989830     
        1148   70.825104328736501       -84.026831213597063     
        1149   70.826556583895979       -83.997636277442666     
        1150   70.810259058108443       -84.088136801467712     
        1151   70.822770922823537       -83.933684704683074     
        1152   70.791341050666546       -84.088152785790399     
        1153   70.769782556068705       -83.938042340235199     
        1154   70.760459321411346       -84.012831521684902     
        1155   70.762779375083653       -83.971935407990699     
        1156   70.764668744912498       -83.946029040444145     
        1157   70.755969167826578       -83.951431491282733     
        1158   70.739750693071272       -83.967214266572341     
        1159   70.733663188017687       -84.008747706282080     
        1160   70.723884338598566       -84.050523400177312     
        1161   70.743661431490523       -83.886679696738398     
        1162   70.721174394873714       -84.052509269449047     
        1163   70.725430410020564       -84.007804473304475     
        1164   70.740054831703119       -83.886204932561711     
        1165   70.738902990104222       -83.886653879557812     
        1166   70.722830843654179       -84.009107405586093     
        1167   70.710499901243622       -84.008602060013445     
        1168   70.688887297754562       -84.097403562855192     
        1169   70.698200219021103       -83.990491821440244     
        1170   70.682474974639035       -84.053311664490749     
        1171   70.688502064294823       -83.990882636140867     
        1172   70.682255818177140       -84.032445118500632     
        1173   70.680200051618513       -84.032092347279487     
        1174   70.695429707541805       -83.900404172516843     
        1175   70.664201958814871       -84.098233077543071     
        1176   70.683612222126243       -83.917815761847052     
        1177   70.666341218752848       -84.032864671106310     
        1178   70.674050251018542       -83.970837899167648     
        1179   70.652402872585554       -84.108893068876668     
        1180   70.637115012432233       -84.109864780257254     
        1181   70.660355021066223       -83.933702732647845     
        1182   70.632724646198909       -83.932577607160226     
        1183   70.603708943301399       -84.100854622914440     
        1184   70.629197480142452       -83.923000738755647     
        1185   70.625880581077084       -83.922694719801228     
        1186   70.614848486201851       -83.927668364638194     
        1187   70.605937283541081       -83.968738415883180     
        1188   70.585456818466142       -84.069679728852165     
        1189   70.582620693433725       -84.054472784231223     
        1190   70.592796394050225       -83.963088985639615     
        1191   70.576000329389529       -84.060786371431021     
        1192   70.573643715983934       -84.055868515614790     
        1193   70.582180681548962       -83.983732993262720     
        1194   70.569817553560881       -84.055444429365778     
        1195   70.563516140601507       -84.090489504202026     
        1196   70.554481736975092       -84.100740148148546     
        1197   70.559511866904813       -84.013507494696768     
        1198   70.571603444199880       -83.930195066862836     
        1199   70.553642379201449       -84.002343637057933     
        1200   70.553611221776734       -83.999928198926071     
        1201   70.553951679612808       -83.976374162857567     
        1202   70.528344688296869       -84.077735356948153     
        1203   70.553881336372726       -83.901957389204114     
        1204   70.521262964890397       -84.033289929550634     
        1205   70.525888805605547       -83.964426952902144     
        1206   70.535358095800817       -83.905157930269539     
        1207   70.508255174381915       -84.058213425407374     
        1208   70.500947936814924       -84.077492334407950     
        1209   70.496496023945184       -84.037381941337529     
        1210   70.501818990128100       -83.981513547451755     
        1211   70.469113923664693       -84.087716247690551     
        1212   70.487825148702115       -83.974612890430052     
        1213   70.491977869994784       -83.903057608095168     
        1214   70.465662771200144       -84.013159238816002     
        1215   70.464725520248450       -83.967319795303965     
        1216   70.440968800684132       -84.056403407635486     
        1217   70.437553765553801       -84.056539752652910     
        1218   70.460470529497869       -83.918098243982072     
        1219   70.439232707619524       -84.012998684716237     
        1220   70.450312857638210       -83.901729354064528     
        1221   70.415133567721014       -84.060173252828633     
        1222   70.422667213479102       -83.940482685829451     
        1223   70.406804421644338       -83.969964232639526     
        1224   70.390953825453465       -84.047805441310175     
        1225   70.385431839690099       -84.061845801518899     
        1226   70.390836855086945       -84.028571301988052     
        1227   70.404203948833512       -83.898181142546392     
        1228   70.371058045241796       -84.041060887355570     
        1229   70.370137381588691       -84.029130231069686     
        1230   70.382095807960084       -83.928552964608457     
        1231   70.350553798740393       -84.070068120411250     
        1232   70.376713897066722       -83.927076769307334     
        1233   70.375863378350900       -83.928913887108749     
        1234   70.371269192389676       -83.928672526860367     
        1235   70.348321855800961       -84.029314472003023     
        1236   70.330476957847338       -84.098220645616948     
        1237   70.353049071028209       -83.926513294768341     
        1238   70.350126188134155       -83.940534852055919     
        1239   70.357034888165586       -83.903278640828916     
        1240   70.356392434246033       -83.906082800435641     
        1241   70.320030697831982       -84.091736146316421     
        1242   70.330069928717876       -84.014759396297222     
        1243   70.329758187655486       -83.998885432703318     
        1244   70.331077407367999       -83.981956361688106     
        1245   70.306186799336970       -84.098864036380760     
        1246   70.299733913685301       -84.014998744684419     
        1247   70.297996739787749       -84.022192439759763     
        1248   70.262723099989685       -84.099289707068934     
        1249   70.251916000051921       -84.106837978039778     
        1250   70.246341412516188       -84.107054225527236     
        1251   70.274207516131398       -83.965783198751225     
        1252   70.280581271493020       -83.897134024553480     
        1253   70.261588074123139       -83.983684803091307     
        1254   70.222418862540607       -84.107251841255959     
