           1   219.78574179362161       -26.427471508535664     
           2   219.78608933309212       -26.429995910706648     
           3   219.78686311691496       -26.655040322514694     
           4   219.88280356299049       -26.577398841494780     
           5   219.78612135409873       -26.441904030633705     
           6   219.78557351112738       -26.654803542894371     
           7   219.78615281678600       -26.446776616729561     
           8   219.88445113603655       -26.558007935788893     
           9   219.78613782313252       -26.450460850730984     
          10   219.78602731416134       -26.650550714069769     
          11   219.78609118820427       -26.473126641121457     
          12   219.78614463288559       -26.541257985093957     
          13   219.78607861919875       -26.572331795637936     
          14   219.78613268953845       -26.633327367388443     
          15   219.78652072241644       -26.654066836492220     
          16   220.02857559501456       -26.573094473753365     
          17   219.93795629467613       -26.556086398086453     
          18   219.78610935100076       -26.452806211748658     
          19   220.02261897507799       -26.543477188018407     
          20   219.78611954849836       -26.443613165035625     
          21   219.78611242303555       -26.457285131176139     
          22   219.78663910889915       -26.427238197802051     
          23   219.78610018892320       -26.471973404938424     
          24   219.86879228521698       -26.587963050969286     
          25   219.86537988494197       -26.633368201887819     
          26   219.97590284488729       -26.604496824532315     
          27   219.77501113455565       -26.498741422360389     
          28   219.93096431879502       -26.498135269338796     
          29   219.78236857356919       -26.452507456392482     
          30   219.79648044612213       -26.464424641054787     
          31   219.93093950355825       -26.497845028996405     
          32   219.97891621821285       -26.617700401659572     
          33   219.94383221875813       -26.492073511258660     
          34   219.90192591316477       -26.538794127141049     
          35   219.80515620408846       -26.616853085729051     
          36   219.90124539224016       -26.538402618718216     
          37   219.96302826445151       -26.641075929457166     
          38   219.85223850676587       -26.637902561048591     
          39   219.91092585352550       -26.518092830639237     
          40   219.83911674923633       -26.528119884754037     
          41   219.81019904327849       -26.605198793341192     
          42   219.90129106411462       -26.538866784082018     
          43   219.92484400024975       -26.553493237952463     
          44   219.90458154211470       -26.537957422478396     
          45   219.90151524707937       -26.538445481388191     
          46   219.82700183260363       -26.495839748623528     
          47   219.90043709045597       -26.541849755479976     
          48   219.90159040631076       -26.539212376021425     
          49   219.89221144440768       -26.573616942895711     
          50   219.89713611724449       -26.532571133437330     
          51   219.81839906609940       -26.577543029471578     
          52   220.00721443627097       -26.488299764297889     
          53   219.90273434417719       -26.539886203032378     
          54   219.92573089996208       -26.493955646095912     
          55   219.90206528129539       -26.538354262637718     
          56   219.98132215903547       -26.637366411047108     
          57   219.93688477669880       -26.550526936109453     
          58   219.90075810697306       -26.540180655789214     
          59   219.90070565642728       -26.539469018834268     
          60   219.90232617786319       -26.539223564349498     
          61   219.98707682428989       -26.584298420238493     
          62   219.90192217267528       -26.539297213058582     
          63   219.90052027483577       -26.538475545303545     
          64   219.90132721801137       -26.541258504272630     
          65   219.81618004849526       -26.644161420793541     
          66   219.86840862976447       -26.522289852579412     
          67   219.90120181348942       -26.539418834374825     
          68   219.89829324661920       -26.542859050136723     
          69   219.92714723902708       -26.650198815233960     
          70   219.90265616228154       -26.538762199575640     
          71   219.88526964795184       -26.552772970494367     
          72   219.91797846952596       -26.597581936047241     
          73   219.90442853662614       -26.540558495805168     
          74   219.90417959721842       -26.542620215605133     
          75   219.80818877032524       -26.611991904697568     
          76   219.90162829210479       -26.537926293177481     
          77   219.89859826085447       -26.538143617790155     
          78   219.83909011440355       -26.611491944805643     
          79   219.90015099989097       -26.536844932521493     
          80   219.80909991922539       -26.462619961474104     
          81   219.89630275332570       -26.539615492155114     
          82   219.90455301177349       -26.531831422786187     
          83   219.89844592771581       -26.536855186414229     
          84   219.89601044318852       -26.537376340107219     
          85   219.90587742431859       -26.591194362129759     
          86   219.77526790163660       -26.506568737268797     
          87   219.91123394747402       -26.538675114792348     
          88   219.90566784974550       -26.530087109047681     
          89   219.88751160670009       -26.541112077666536     
          90   219.90000639059784       -26.539815811610087     
          91   219.90141205918124       -26.540154794140307     
          92   219.89995337273288       -26.538842880368531     
          93   219.89229668510055       -26.536436836382254     
          94   219.82611983902083       -26.622039026102403     
          95   219.90285101100014       -26.539877563050766     
          96   219.88334598238762       -26.544262391186770     
          97   219.90240926343211       -26.537793047962744     
          98   219.90232610491233       -26.538302862530113     
          99   219.92817753572606       -26.562079459770295     
         100   219.98817028085918       -26.540865315200985     
         101   220.02779324783009       -26.472985126552640     
         102   219.95586839889714       -26.490109001878483     
         103   219.80989127994926       -26.488238058741707     
         104   219.90158097067095       -26.535262825146756     
         105   219.90059492004124       -26.539747415237997     
         106   219.81837895202210       -26.498092901876319     
         107   220.01497053213592       -26.616164994934387     
         108   219.89976715343272       -26.537567498712871     
         109   219.95149203488444       -26.565874010756325     
         110   219.82898202360718       -26.536600003589502     
         111   219.93736514488572       -26.477513802123205     
         112   219.90358914758568       -26.534366647489222     
         113   219.86728542911413       -26.646913593616720     
         114   219.97789891473923       -26.493309890212366     
         115   219.90092551360840       -26.537069483172715     
         116   219.91612418011360       -26.545234411270432     
         117   219.93211294618550       -26.491158674295878     
         118   219.89948052427005       -26.530420538887622     
         119   220.02036219231900       -26.651465609069987     
         120   219.84606032764268       -26.533830940151642     
         121   219.88689544309298       -26.541031902536087     
         122   219.94996267495344       -26.523928332706955     
         123   219.83471303886537       -26.649105498699228     
         124   219.90277215128751       -26.538183168425519     
         125   219.91897985953690       -26.612394152785022     
         126   219.85065771196602       -26.541907324974357     
         127   219.90301811528840       -26.533353444069359     
         128   219.90032696806176       -26.541111394709283     
         129   219.89653980949865       -26.530591983107694     
         130   219.91070967176691       -26.546397601532661     
         131   219.90096000449412       -26.537748152512879     
         132   219.89948062329751       -26.536001577448999     
         133   219.86842962557009       -26.531382539799175     
         134   219.88844488668701       -26.548586475991829     
         135   219.99438974236622       -26.467254125489454     
         136   219.89026588911656       -26.550607882932713     
         137   219.86827389655863       -26.476399358838073     
         138   219.96572692316772       -26.631466390578804     
         139   219.80773087924294       -26.562994296477566     
         140   219.86310675395933       -26.515292038829159     
         141   219.90009021441256       -26.540369102266695     
         142   219.89965740927141       -26.538350093077653     
         143   219.88538409448049       -26.566080138394163     
         144   219.87541620785115       -26.473788188727546     
         145   219.90045686577267       -26.447052192520996     
         146   219.89526008827818       -26.546846360729340     
         147   219.84308719562137       -26.609848179925304     
         148   219.99788083660613       -26.505648155590173     
         149   219.90254691037694       -26.540330113826087     
         150   219.81052155243165       -26.614821089448860     
         151   219.96470750768478       -26.514656905971204     
         152   219.94406754505806       -26.610004444105193     
         153   219.83213524585847       -26.647521541608068     
         154   219.89719004262335       -26.504578792414005     
         155   219.90176759050112       -26.540711724844542     
         156   219.90292727055973       -26.539131974335191     
         157   219.89922714551918       -26.537398531204424     
         158   219.90180664156827       -26.537337762274813     
         159   219.90103541544713       -26.541695110877455     
         160   219.88924152618551       -26.599873295184381     
         161   219.90383899690792       -26.539167908075871     
         162   220.02221633823785       -26.633307258034140     
         163   219.85254220773254       -26.529629528470306     
         164   220.00876375048574       -26.578305532943997     
         165   219.90355268495836       -26.539589697766168     
         166   219.90228548135994       -26.545348595825221     
         167   219.77914874144679       -26.633365337787399     
         168   219.90313600178109       -26.538536855444963     
         169   219.98198288340785       -26.453562572626183     
         170   219.97596962360217       -26.555690221704900     
         171   219.89809161341799       -26.537444246268191     
         172   219.83289378543074       -26.488371828591067     
         173   219.90028832404556       -26.540362420545339     
         174   219.89531943393749       -26.541207131994650     
         175   219.89759391671996       -26.537775770686871     
         176   219.97592070276079       -26.546083912376115     
         177   219.80196788083771       -26.586932614656796     
         178   219.90196632071670       -26.536744337918119     
         179   219.90379661705350       -26.538620166403007     
         180   219.90263635873615       -26.537111671749173     
         181   219.79565543520414       -26.629234082485940     
         182   219.90478571160290       -26.546082499325070     
         183   219.98862043401763       -26.641591540640775     
         184   219.89969467280758       -26.539233669970599     
         185   219.90012529612125       -26.537956513045014     
         186   219.89882832850435       -26.537232269539494     
         187   219.89903792681898       -26.653176599724752     
         188   219.89863221066463       -26.537736455409469     
         189   219.90378916297169       -26.537020563193959     
         190   219.97049648197145       -26.478409599563797     
         191   219.90078186112916       -26.540647179336908     
         192   219.86988385055221       -26.518963583587229     
         193   219.89674221614459       -26.535286976194325     
         194   219.79984927684117       -26.461493224148676     
         195   219.79483060975338       -26.612067888221965     
         196   219.90497998628800       -26.543541575962770     
         197   219.83337603136650       -26.509011178006688     
         198   219.90326014082672       -26.536414033178296     
         199   219.90069331209452       -26.541617397775280     
         200   219.89922839907123       -26.538951116999765     
         201   219.89701247431677       -26.533448114627152     
         202   219.90258803194976       -26.547763782377299     
         203   219.90755261111045       -26.540789582094408     
         204   219.94175731371519       -26.555514504541268     
         205   219.89930745888825       -26.537918615750598     
         206   219.89261892761633       -26.541827297970759     
         207   219.90548993775701       -26.537720797906704     
         208   220.00134274732315       -26.454757365386794     
         209   219.94074303838485       -26.558188192770068     
         210   219.90461790773034       -26.541336913316623     
         211   219.91894842445132       -26.526665096721413     
         212   219.81749233073836       -26.489256908290944     
         213   219.90039980336385       -26.537715359486469     
         214   219.96066902634058       -26.549266968379641     
         215   219.90379118256351       -26.540784040863130     
         216   219.89787744904007       -26.537099276425437     
         217   219.90581139359480       -26.531654990271768     
         218   219.82953718779765       -26.522922845013262     
         219   219.90178310317310       -26.540460453316886     
         220   220.00168495677204       -26.447723282057769     
         221   219.79057283217307       -26.546490240843092     
         222   219.90792143175560       -26.541407105515052     
         223   219.80882046110776       -26.531886926046887     
         224   219.92932900940116       -26.552634046926858     
         225   219.90363850886146       -26.536221394188441     
         226   219.79798186472757       -26.502503858093725     
         227   219.81354906050609       -26.640758920480820     
         228   219.91107521561875       -26.537950951140413     
         229   219.94603978913358       -26.570535645994134     
         230   219.86390745435142       -26.632320328891378     
         231   219.89406943042800       -26.580923933242328     
         232   219.92398852707106       -26.545646424819253     
         233   219.89903582165559       -26.539538985657490     
         234   219.89929034225139       -26.535457700348459     
         235   219.90440185742440       -26.538904857286447     
         236   219.99479219822311       -26.469582640936515     
         237   219.90214250575846       -26.542186006758897     
         238   219.94885366149398       -26.530696567946627     
         239   219.84909218787382       -26.517762682697960     
         240   219.89664286738508       -26.545861111761916     
         241   219.90329097919459       -26.537834238232559     
         242   219.90559737756232       -26.536590447216696     
         243   219.90877819837749       -26.550862652471938     
         244   219.90909625787742       -26.595481666399031     
         245   219.90752577462897       -26.536976092049880     
         246   219.95917469047802       -26.495537311884490     
         247   219.86457260301538       -26.460137619755493     
         248   219.90159585586241       -26.541838428233934     
         249   219.90264611163826       -26.536504067507568     
         250   219.89219384335348       -26.489633316771311     
         251   219.85042552133052       -26.495720323157357     
         252   219.90357065477855       -26.542071892024985     
         253   219.91082467860579       -26.539585367542387     
         254   219.90318826049148       -26.542730178423611     
         255   219.90637001039269       -26.537259886000264     
         256   219.91623649426148       -26.528054881329822     
         257   219.89967290379514       -26.533153462573708     
         258   219.90234024065154       -26.535921261934032     
         259   219.77976650932018       -26.529988031504018     
         260   219.99651439237849       -26.649073078449259     
         261   219.90258761607828       -26.540811888827292     
         262   219.90120725875406       -26.537020746589505     
         263   220.01250110688088       -26.484800873454564     
         264   219.89969426499451       -26.540377445740006     
         265   220.01061213497454       -26.511550239159707     
         266   219.91268566139956       -26.538513098700058     
         267   219.89441749172769       -26.539845849838620     
         268   219.89876699768996       -26.536455001809166     
         269   219.90565102274837       -26.539096580197747     
         270   219.89918804724576       -26.537912659728988     
         271   220.02000650669777       -26.522983120384080     
         272   219.89341632745993       -26.538857444678900     
         273   219.90224184788363       -26.536544406846669     
         274   219.90337746609134       -26.540368985324115     
         275   219.88793831065834       -26.537129797125740     
         276   219.95326669013642       -26.520655529586310     
         277   219.90376519601011       -26.537913639865472     
         278   219.89739549187749       -26.538378792365595     
         279   219.90942794338068       -26.533608938631495     
         280   219.90750113248393       -26.580822479680592     
         281   219.90424801983812       -26.538666159911120     
         282   219.96677201748372       -26.561885869038932     
         283   219.91140102545893       -26.547588086855079     
         284   219.90445607788661       -26.537368949977477     
         285   219.90332777878871       -26.534984531328302     
         286   219.86682101390892       -26.617587752279420     
         287   219.89353527196135       -26.541105384466189     
         288   219.90751619878631       -26.462100346211248     
         289   219.89743947364533       -26.534578743577701     
         290   219.86214667112526       -26.573536389128641     
         291   219.90339368862681       -26.534883767876789     
         292   219.78142292452341       -26.526253590535283     
         293   219.91940803357434       -26.531290362655259     
         294   219.82769576700181       -26.632987657459264     
         295   219.90518000550685       -26.557144735544792     
         296   219.89694479347031       -26.538784718623432     
         297   219.90380510475572       -26.536869236063662     
         298   219.82910584429368       -26.620538739006360     
         299   219.89745408882044       -26.535869144094448     
         300   219.85546053409817       -26.631901807014248     
         301   219.81821643044898       -26.510534107390754     
         302   219.94588532472056       -26.500794207918371     
         303   219.89466540075071       -26.535503288593869     
         304   219.90035225095150       -26.542455835405629     
         305   219.89562744522692       -26.524540855116950     
         306   219.84882638179124       -26.586078909730084     
         307   219.98828536645087       -26.575874351743522     
         308   219.89921903945566       -26.540978160794914     
         309   219.88124680866244       -26.511213591679230     
         310   219.93497634653431       -26.539603683446117     
         311   219.90181383228298       -26.531151575877832     
         312   219.89939465816030       -26.542578797974191     
         313   219.89913635791217       -26.543031650638419     
         314   219.90750643083908       -26.539875259095947     
         315   219.79755679711113       -26.564232155803946     
         316   219.90298594405465       -26.541290352375825     
         317   219.90513217620307       -26.540549183290615     
         318   219.91348688076684       -26.549560248093986     
         319   219.97808679684115       -26.522714413860069     
         320   219.91208249401285       -26.547970079770767     
         321   219.78182644072103       -26.615435104130921     
         322   219.90112777133677       -26.535621411812183     
         323   219.84783203597996       -26.583633424020967     
         324   219.89849942751613       -26.539565448679998     
         325   219.88731595360298       -26.570941094365207     
         326   219.96075235748378       -26.587859126036424     
         327   219.89850535023325       -26.541724304774551     
         328   219.90538080759652       -26.535742739295760     
         329   219.89775082843573       -26.536236916045091     
         330   219.90086310359814       -26.542220566771732     
         331   219.90493748139482       -26.537251235518521     
         332   219.89888603160304       -26.536445248483318     
         333   219.82189171950756       -26.610597744943281     
         334   219.89744843814606       -26.537365021383231     
         335   219.80315344507110       -26.506058800682425     
         336   219.86973200298112       -26.454649747345762     
         337   219.89788762898550       -26.538619662534792     
         338   219.90273688348856       -26.542248412188741     
         339   219.90386853858496       -26.533214249461803     
         340   219.90387105211096       -26.537290387728845     
         341   219.89673230273772       -26.542222831644068     
         342   219.86263948516100       -26.530025728324290     
         343   219.90117709376463       -26.542651393204181     
         344   219.90239522068200       -26.541280203486139     
         345   219.89956291509154       -26.536836327958333     
         346   219.91487833326269       -26.548974053071447     
         347   219.97121774284778       -26.587682732992299     
         348   219.90653717822443       -26.529807824931208     
         349   219.85659254954038       -26.556294573593981     
         350   220.02429745213166       -26.649321144018362     
         351   219.90311911583817       -26.542681413927635     
         352   219.90119528903170       -26.535177125475109     
         353   219.89415319961302       -26.537384164226488     
         354   219.90182771228277       -26.535867501896242     
         355   219.90141887505945       -26.536120543853890     
         356   219.89994784898741       -26.543009609865024     
         357   219.89648487184633       -26.540772879337073     
         358   219.90167945837615       -26.544231564415881     
         359   219.85325683234109       -26.458602285396864     
         360   219.88763720971110       -26.542839994626767     
         361   219.95274826723212       -26.645707089749116     
         362   219.91433289234419       -26.520747531498902     
         363   219.91323503456320       -26.576127929391333     
         364   219.85286145488649       -26.505175784448184     
         365   219.79820076311501       -26.497976274057851     
         366   219.89797006203983       -26.538098371144066     
         367   220.01132823801078       -26.430587563507881     
         368   219.90091556654500       -26.535752672889224     
         369   219.83160536492434       -26.574836004024938     
         370   219.89728102873798       -26.539730207917607     
         371   219.90473708487443       -26.535901882177541     
         372   219.94578386027246       -26.440432206743925     
         373   219.99307651335852       -26.615789938193494     
         374   220.00359023692354       -26.578610735660000     
         375   219.89703107863886       -26.539122961071172     
         376   219.88696946358093       -26.448884226308461     
         377   219.89814993898901       -26.533544469417542     
         378   219.90277403095163       -26.535746535480413     
         379   219.92905761010977       -26.553340783386730     
         380   219.89699110449294       -26.540002565513557     
         381   219.88772672649822       -26.542240598602032     
         382   219.90344155392501       -26.649418679759208     
         383   219.93919185079667       -26.620622851112589     
         384   219.89852577878057       -26.541051169368032     
         385   219.91644613542596       -26.641895200839443     
         386   219.88996900227636       -26.440344096044644     
         387   219.91077097205022       -26.534439695221323     
         388   219.78909802974587       -26.553841236797471     
         389   219.93054335264168       -26.594677889712020     
         390   220.01257663819115       -26.583188975610238     
         391   219.90439574459367       -26.534071476875901     
         392   219.90011839816003       -26.580474266809233     
         393   219.77819996674879       -26.455568800567640     
         394   219.90678156694386       -26.540904800214395     
         395   219.90462004785022       -26.539599690138534     
         396   219.90704543989548       -26.543119763193339     
         397   220.00091725496964       -26.653317982862561     
         398   219.91433653272088       -26.584139337040842     
         399   219.89785312600907       -26.539997553695230     
         400   219.89960626742703       -26.542133654411259     
         401   219.82751397822247       -26.592573491126302     
         402   219.88182867190073       -26.543582875156638     
         403   219.87396579976547       -26.441496470442715     
         404   219.95819840987252       -26.434479982912354     
         405   219.95502206325440       -26.528737009202612     
         406   219.90419285536356       -26.541080094393120     
         407   220.01149880337678       -26.501464270932797     
         408   219.85575596345200       -26.639276243307989     
         409   219.81152966882991       -26.646435034981181     
         410   219.89674151138965       -26.537986351267119     
         411   219.82619027466990       -26.461878940530049     
         412   219.78025054810900       -26.644089353379883     
         413   219.97534870600549       -26.621052634061183     
         414   219.88602705675504       -26.557667194362697     
         415   219.88690300968574       -26.436035252282565     
         416   219.92791889932045       -26.539354148005678     
         417   219.90418040937104       -26.541733156939408     
         418   219.89635059966787       -26.533653134631983     
         419   219.92061128509678       -26.535523019743973     
         420   220.00099816683598       -26.554875835122772     
         421   220.02909334434887       -26.493207694579805     
         422   219.96059377203926       -26.536134751641303     
         423   219.86386772651952       -26.585633388168723     
         424   219.83205942756007       -26.484184321721731     
         425   219.91357933878169       -26.539868585687628     
         426   219.90399692376690       -26.438071242178079     
         427   219.89862197674975       -26.544575923226162     
         428   219.96544484909910       -26.457175610998352     
         429   219.93785422581195       -26.648074313851851     
         430   219.85994758370887       -26.523663414607896     
         431   219.83380465218815       -26.484098415457328     
         432   219.85241804524824       -26.438035760377350     
         433   220.01568566435901       -26.482140627006821     
         434   219.89851938999971       -26.538752706280547     
         435   219.89989641616756       -26.541981733932872     
         436   219.90363706079611       -26.542285795346118     
         437   219.90676382008024       -26.536285033519185     
         438   219.86479198812486       -26.532452513361605     
         439   219.90787753069947       -26.540240736090066     
         440   219.97259047019071       -26.565655468916422     
         441   219.88967434252072       -26.526447841896132     
         442   219.90703794894253       -26.538566182955424     
         443   219.98113626272135       -26.637307665823393     
         444   219.87627700637174       -26.573863312128296     
         445   219.85396898715129       -26.523177084346759     
         446   219.92397430593007       -26.541406272602490     
         447   219.90042475806575       -26.534422967094368     
         448   219.93478014926967       -26.494825398781764     
         449   219.88047600034287       -26.476640417479079     
         450   219.95610098553504       -26.642562203971035     
         451   219.93318336358129       -26.502119255683382     
         452   219.85576856541894       -26.468296672200871     
         453   219.93273137414565       -26.544415828868793     
         454   219.90693734611125       -26.540288195361896     
         455   219.90520986253375       -26.549459873440991     
         456   219.79299747882919       -26.509529519623065     
         457   219.86740516459045       -26.561945064636717     
         458   219.90512707208197       -26.512150275193601     
         459   219.77607858060333       -26.579032413964626     
         460   219.88529998453552       -26.527900755570997     
         461   219.90441050877655       -26.530948015071374     
         462   220.01921720922482       -26.429560526231651     
         463   219.82234994443041       -26.624873885863884     
         464   219.89505797559190       -26.535145201302416     
         465   219.95619326352153       -26.637323843119777     
         466   219.91842250136179       -26.432182377746539     
         467   220.01992712408759       -26.556212713613515     
         468   219.90350726446226       -26.543194416217574     
         469   219.90571736409319       -26.541285814900725     
         470   219.80014140398046       -26.434033452373658     
         471   219.89991305800842       -26.543116033932996     
         472   219.94449630010519       -26.495231280609616     
         473   219.91344649454896       -26.538863840614514     
         474   219.90498234414059       -26.532347743897613     
         475   219.82538283726470       -26.537774829569766     
         476   219.82845053442855       -26.440446092573339     
         477   219.91580113076992       -26.537063847368955     
         478   219.90984197271564       -26.521217494943532     
         479   219.81727486041498       -26.623289265822802     
         480   219.88612244891831       -26.536404887233399     
         481   219.93164095384554       -26.440671498461423     
         482   219.91147158007442       -26.540823349171077     
         483   219.95818666958652       -26.570369564097312     
         484   219.89596162923146       -26.538969511144860     
         485   219.90611868810333       -26.535767277360723     
         486   219.99597388460279       -26.560249838179633     
         487   219.89954917954273       -26.517217133173659     
         488   219.90848071466976       -26.536273442764497     
         489   219.95985888787922       -26.654636291502861     
         490   219.90638543519816       -26.541010992079251     
         491   219.90373379665223       -26.534158761211327     
         492   219.95230682695777       -26.538937941803855     
         493   219.78284452393584       -26.641184751011810     
         494   219.90645062139984       -26.542039401867342     
         495   219.78064199025283       -26.543580629677702     
         496   219.90291759556905       -26.544093171330900     
         497   220.02914028566948       -26.450611095499774     
         498   219.78890579265587       -26.592704016728881     
         499   219.89044413824482       -26.553356650914044     
         500   219.90213940518765       -26.630819668624852     
         501   219.99491254395426       -26.520568574163125     
         502   219.88418526184006       -26.542623098058986     
         503   219.90317034029167       -26.535563912271286     
         504   219.89386315104471       -26.544961412367964     
         505   219.83438901227555       -26.527615217171622     
         506   219.89703731324423       -26.557216866039735     
         507   220.02003986687004       -26.651318528164893     
         508   219.89775939548898       -26.541428406129743     
         509   219.89676566305729       -26.537083686552439     
         510   219.99634639229589       -26.473494119504910     
         511   219.85801339627744       -26.501170943917501     
         512   219.86719211266518       -26.429412048790027     
         513   219.93518638045450       -26.493836191144350     
         514   219.89814493804718       -26.534198534076122     
         515   219.90399293806422       -26.524669473329620     
         516   219.89878130717096       -26.542102667487494     
         517   219.97165613665550       -26.602264083504373     
         518   219.84503677013109       -26.584405806672248     
         519   219.89863427325432       -26.535777498484560     
         520   219.90301715878857       -26.545331151410696     
         521   219.93433851462669       -26.536059424949983     
         522   219.96182067630494       -26.496736619031594     
         523   219.90359234788289       -26.541946527256524     
         524   219.82980909976780       -26.587305932715548     
         525   219.88372350111715       -26.529756861753178     
         526   219.89634122700525       -26.526880189264926     
         527   219.89551990797938       -26.526026983119564     
         528   219.90510077262093       -26.538444496758071     
         529   219.90512404426147       -26.535076785333267     
         530   219.90489907619516       -26.542947175546985     
         531   219.89950992660371       -26.641757922472866     
         532   219.89765586694224       -26.531248930620539     
         533   220.02145627392338       -26.504036171966153     
         534   220.00596599012749       -26.644741797410486     
         535   219.89588563612921       -26.535893225524482     
         536   219.89753895552857       -26.532648150570012     
         537   219.90752414460943       -26.543334649349248     
         538   219.80384936845570       -26.474771154972043     
         539   219.90051752988396       -26.536122816601932     
         540   219.89851930825336       -26.536410898296346     
         541   219.87021697894161       -26.431843825753369     
         542   219.85202489512079       -26.436383305704432     
         543   219.90653734231790       -26.533782115395425     
         544   219.86443120904815       -26.486919188998858     
         545   219.90102283957222       -26.532993291284907     
         546   219.92453858963862       -26.572702504065600     
         547   219.92551873625226       -26.612901336245759     
         548   219.89255810172051       -26.542830924088783     
         549   219.90340582837553       -26.531552277341650     
         550   219.90247620753678       -26.531649503938766     
         551   219.89660579475640       -26.541149875992900     
         552   219.86608039350739       -26.523934626211492     
         553   219.90435942603600       -26.643861767116814     
         554   219.79050588446975       -26.594114480108683     
         555   219.78242557362236       -26.558798957219921     
         556   219.89507635216762       -26.567590488534343     
         557   219.89248981455427       -26.538125278978743     
         558   219.90345440333684       -26.545711537974022     
         559   219.90161425865938       -26.542298711390576     
         560   219.88539534364475       -26.557135642270975     
         561   219.90408405212204       -26.544013077051911     
         562   219.90375013448914       -26.541485139886255     
         563   219.90736051338118       -26.538032600529075     
         564   219.92438041459570       -26.589123583459109     
         565   219.89468427523414       -26.538320872622702     
         566   219.91988501450993       -26.478555346316561     
         567   219.96285865177458       -26.538561739661958     
         568   219.90637398643210       -26.539287929181434     
         569   219.95385668294946       -26.433781115944335     
         570   219.79056120924051       -26.608313519501905     
         571   219.88325226356579       -26.492191818227230     
         572   219.90648881934496       -26.535239579545404     
         573   219.91245246715107       -26.544000797787497     
         574   219.89289247687574       -26.540488289290426     
         575   219.89596712118797       -26.538455842443859     
         576   219.85512965683424       -26.570771633316326     
         577   219.90817847084622       -26.532348907969954     
         578   219.90564135814103       -26.541858800142677     
         579   219.82177770640985       -26.619517485313349     
         580   219.85034756746950       -26.517363446222063     
         581   219.88958597786055       -26.514518763216945     
         582   219.90979609618205       -26.542979528497487     
         583   220.02327429331774       -26.475785440426368     
         584   219.89711837286421       -26.541607460189454     
         585   219.89031260917852       -26.550058314284271     
         586   219.89823938082853       -26.526007543658743     
         587   219.90346790400329       -26.530823745873768     
         588   219.91387745488899       -26.534372819112271     
         589   219.89675655706895       -26.534245817769143     
         590   219.90750969176176       -26.548611278367005     
         591   219.89770054019192       -26.535396129323246     
         592   219.93732225816589       -26.527544366789829     
         593   219.86761225894108       -26.621213146417318     
         594   219.88706245660600       -26.554078875140537     
         595   219.89956945187333       -26.547115356273689     
         596   219.89889746117328       -26.554423938301579     
         597   219.80707027520268       -26.461299473637443     
         598   219.91351533072964       -26.521188173207086     
         599   219.90008423851035       -26.527509475460981     
         600   219.88082584305502       -26.542153145626518     
         601   219.79896595796788       -26.560145463057989     
         602   219.90425744380005       -26.527821192613576     
         603   219.94140555441174       -26.549198245508130     
         604   219.90594262965220       -26.534823832322971     
         605   219.88164717733153       -26.456970086629088     
         606   219.97003657106154       -26.634561336483511     
         607   219.92896318802792       -26.513625550908952     
         608   219.90695145462166       -26.550340357508745     
         609   219.90895153916313       -26.583136693633865     
         610   219.80838591989590       -26.448862225973990     
         611   219.90635812096775       -26.536708006255171     
         612   219.90842817702767       -26.543202197285488     
         613   219.96824515336965       -26.588513647180132     
         614   219.90140999692846       -26.534411522925240     
         615   219.91468387232905       -26.540674713163444     
         616   219.90720011756923       -26.538942589117521     
         617   219.90498970841398       -26.539720821935767     
         618   219.80202361701402       -26.640197234432172     
         619   219.89990739705215       -26.543706919400680     
         620   219.82817092700844       -26.629478447029882     
         621   219.92771638450787       -26.547329848477144     
         622   219.90049827139333       -26.545773197671085     
         623   219.98534196300858       -26.547746875260316     
         624   219.89609124837432       -26.538964651416080     
         625   219.99909517896464       -26.460143929317496     
         626   219.90153131413180       -26.550255035945231     
         627   219.90821846080351       -26.536690324206475     
         628   219.89729102318461       -26.536455097841181     
         629   219.92288645294218       -26.535484029358326     
         630   219.90394574851396       -26.477789835150251     
         631   219.88997309666203       -26.545564162815868     
         632   219.90553863299468       -26.538210150445064     
         633   219.90664417626385       -26.542419143404189     
         634   219.94807081935744       -26.592630736347093     
         635   219.90332871163460       -26.544511222003585     
         636   219.96107064491829       -26.473778869974126     
         637   219.91622152506164       -26.630362708211873     
         638   219.91341931269355       -26.533413074690472     
         639   219.91178622644992       -26.545718591475126     
         640   219.97924472124814       -26.545560998744609     
         641   219.90138807422449       -26.532229389598790     
         642   219.87754878495588       -26.516851431114944     
         643   219.96950759789175       -26.465412497966931     
         644   219.91083103470996       -26.541245362389105     
         645   219.89808860789489       -26.534131486723830     
         646   219.80399303204055       -26.452214889010314     
         647   219.93781689145536       -26.563987851233854     
         648   219.90535481909868       -26.544855622215412     
         649   219.89935405358491       -26.543924932888011     
         650   219.89195320557164       -26.545310750347276     
         651   219.89497738393939       -26.539397760013927     
         652   219.90170402982852       -26.524864386242456     
         653   220.01411676926242       -26.508454045680075     
         654   219.90356512640508       -26.527718287858576     
         655   219.90914717599625       -26.551932338789278     
         656   219.89715949109114       -26.558797137391792     
         657   219.89561676908076       -26.549042249331748     
         658   219.90414989442630       -26.609461615579008     
         659   219.89592259367421       -26.533560756939480     
         660   219.90887269727565       -26.543797713796476     
         661   219.90294913696104       -26.512747726455640     
         662   219.90259818834738       -26.528969227081674     
         663   219.78854422736038       -26.443532773096269     
         664   220.02455131705946       -26.550676315273936     
         665   219.94384669905730       -26.610831172359095     
         666   219.89426477921617       -26.542681907569388     
         667   219.90867556113815       -26.553439965624701     
         668   219.98539950513270       -26.528491530015284     
         669   219.78330319216585       -26.492458778771653     
         670   219.92151365588467       -26.529352942167403     
         671   219.82944727192967       -26.525881501832639     
         672   219.94050159606823       -26.583145490373145     
         673   219.89566872200626       -26.536777604005948     
         674   219.91294414341692       -26.542021033017136     
         675   219.88446753060620       -26.556069695429642     
         676   219.90536299866602       -26.525386494447652     
         677   219.89416615998564       -26.545765298079619     
         678   219.90798634058791       -26.538054188163130     
         679   219.81851262051120       -26.531753353563904     
         680   219.83635308709367       -26.453571615669567     
         681   219.90471694480198       -26.533699583873698     
         682   219.90433196471940       -26.527109594659812     
         683   219.94288582437983       -26.522964988771321     
         684   219.88481555338683       -26.584239256433623     
         685   219.90499063067494       -26.536593912998882     
         686   219.90128187066765       -26.531402235962272     
         687   219.90006702319047       -26.535915801458593     
         688   219.86074727538283       -26.536737552182807     
         689   219.90285974945559       -26.544660908455395     
         690   219.90636934927582       -26.544443552246655     
         691   219.91249923794945       -26.555146470399610     
         692   219.94302263003010       -26.507255112206540     
         693   219.90140293938575       -26.533795011983159     
         694   219.88281006878537       -26.554075895217778     
         695   219.89256384660570       -26.545276251373576     
         696   219.81326303380885       -26.573699704367321     
         697   219.90884243962353       -26.544712088433322     
         698   219.90054357402911       -26.543050179443632     
         699   219.94751268172683       -26.589236999496805     
         700   219.81898437939057       -26.611737429198470     
         701   219.89124268337434       -26.550787051224294     
         702   219.91142057362211       -26.525381036215645     
         703   219.89112982474143       -26.537114742648111     
         704   219.89916143136054       -26.549740510607034     
         705   219.90190418715238       -26.533089753725612     
         706   219.82011164778382       -26.603720255743653     
         707   219.81686538311396       -26.520150979842491     
         708   219.97626964259268       -26.650110447208611     
         709   219.90576533549606       -26.538637221610070     
         710   219.90089081411492       -26.543325440378123     
         711   219.89797148846162       -26.536634697891124     
         712   219.81040821257506       -26.459782224712253     
         713   219.90846253917960       -26.527199479372136     
         714   219.84073444983386       -26.574265066619855     
         715   219.86470587312226       -26.571223625986523     
         716   219.80442401220390       -26.450944154590527     
         717   219.89548239080028       -26.538301985283351     
         718   219.90040532606679       -26.535584469136811     
         719   220.00390264437954       -26.644533036552382     
         720   219.89838544129316       -26.545183536262773     
         721   219.89470852232978       -26.540993045682022     
         722   219.82252604190683       -26.532553701638694     
         723   219.90982683079753       -26.533857515097942     
         724   219.89537415822224       -26.523751760024197     
         725   219.90773433523782       -26.538842890772425     
         726   219.89524029733448       -26.546124449917993     
         727   219.90759853810778       -26.528036337296566     
         728   219.89718215644947       -26.532894577333053     
         729   219.94482225421862       -26.433977654942421     
         730   219.90492593747274       -26.535387327594130     
         731   219.88354738384936       -26.539099893951271     
         732   219.87535692215110       -26.471784351616915     
         733   219.88474805870075       -26.530591673603478     
         734   220.00734152569780       -26.524659658189353     
         735   219.91583578895370       -26.519309086943359     
         736   219.89578907481626       -26.540436391775550     
         737   219.90519339789634       -26.544320094744741     
         738   219.89634925049313       -26.504856108026090     
         739   219.86283134725878       -26.634328165382541     
         740   219.90373015066717       -26.543191844091240     
         741   219.89394315748461       -26.530105458177871     
         742   219.87183136903255       -26.536623855328983     
         743   219.91164792427435       -26.530153216493382     
         744   219.91445387864215       -26.590360989923717     
         745   219.89426848592979       -26.532639536097587     
         746   219.88784420049427       -26.539139936973154     
         747   219.90554442133566       -26.555593832891333     
         748   219.93330845646193       -26.491678900361432     
         749   219.95950168899148       -26.546965591218459     
         750   219.90627203406095       -26.538537428800076     
         751   219.87727704573493       -26.531254611829596     
         752   219.91861063258429       -26.543563869930249     
         753   219.92358973080246       -26.619901144026521     
         754   219.89631623612672       -26.540372389429773     
         755   219.89094315751220       -26.533661666107097     
         756   219.90380180354092       -26.546017313855824     
         757   219.88374261746219       -26.547481611921469     
         758   219.93924713966217       -26.544352576564371     
         759   219.94567602013569       -26.554536482927471     
         760   219.91622620476562       -26.464944239314633     
         761   219.94114430867990       -26.553536770711702     
         762   219.90531639081053       -26.527082182945318     
         763   219.94775050635351       -26.453180920988281     
         764   219.88863836723814       -26.537014712404634     
         765   219.92191097034370       -26.570752488257146     
         766   219.90986679925797       -26.540981425467784     
         767   219.94726450075055       -26.531165819577890     
         768   219.89051770247011       -26.521085482929745     
         769   219.90527101073098       -26.545486445863126     
         770   219.99801425654277       -26.571405651479726     
         771   219.90503127886996       -26.542897400459903     
         772   219.77537469658799       -26.579737378707261     
         773   219.98075498986879       -26.454970985656981     
         774   219.88249052102915       -26.573738116867709     
         775   219.92313671544204       -26.502134800346791     
         776   219.94311207740230       -26.560524814052449     
         777   219.88029962283014       -26.528016905298546     
         778   219.85013648191861       -26.541533484893673     
         779   219.91083735475536       -26.558907279585270     
         780   219.88772463309704       -26.534729692625934     
         781   219.90879980662928       -26.532857195387265     
         782   219.84293019447222       -26.526171724641152     
         783   219.83289961836641       -26.535315309257733     
         784   219.90565133276280       -26.536006552450385     
         785   219.80494566720981       -26.582807674519309     
         786   219.91216258709090       -26.539718703687662     
         787   219.91079663085100       -26.520643304715001     
         788   219.90584571775406       -26.548372903844360     
         789   219.89467723301431       -26.557362675473424     
         790   219.91154904530515       -26.535489064640487     
         791   219.84255636545635       -26.447965625306633     
         792   219.84984271305782       -26.530591193927318     
         793   219.97704034287045       -26.605927306885924     
         794   219.89168067768114       -26.540867488797165     
         795   219.93639246949203       -26.520098921871341     
         796   219.89606256147184       -26.583462642319098     
         797   219.88693727006691       -26.509182601688270     
         798   220.00011404733146       -26.506766469307212     
         799   219.92065630448474       -26.533555790806794     
         800   219.86034292859659       -26.654059475513261     
         801   219.90964519710900       -26.539513648562547     
         802   219.89211272195575       -26.527586915194227     
         803   219.90326156935009       -26.534047040885508     
         804   219.92292396846187       -26.574646539943330     
         805   219.89751877901247       -26.543278624899941     
         806   219.90585191492062       -26.526180565364957     
         807   219.96164948522491       -26.558902138778482     
         808   219.96618164563264       -26.543349747587950     
         809   219.91086410239643       -26.524984927620974     
         810   219.84395909906445       -26.435646261089822     
         811   219.88467957680405       -26.511566840955389     
         812   219.90598942166451       -26.547748955245002     
         813   219.91366108525719       -26.531932643435052     
         814   219.90709676484914       -26.532841592273886     
         815   219.89792359130482       -26.547429759705803     
         816   219.86607209941153       -26.514997150975155     
         817   219.91233885510434       -26.514113997284923     
         818   219.92588372183749       -26.605697154577477     
         819   219.92351044216699       -26.531447017949432     
         820   219.93095726696808       -26.527030913483408     
         821   219.90235125732147       -26.543082186495571     
         822   219.91843900853559       -26.542548906229655     
         823   219.90030352663555       -26.486603720173846     
         824   219.89812201886789       -26.530565989928284     
         825   219.93219602723107       -26.544874187711063     
         826   219.88971082558061       -26.534928916439171     
         827   219.90823478766907       -26.532703768885955     
         828   219.91644371859545       -26.455179419088900     
         829   219.90551187753888       -26.560145218533815     
         830   219.89091063665509       -26.545197694422345     
         831   219.94039757676833       -26.541480013850919     
         832   219.89217484241419       -26.535222594410776     
         833   219.90131437589744       -26.534406337917460     
         834   219.90586350819584       -26.529209528381145     
         835   219.91443495856365       -26.530548489426430     
         836   220.00384503529929       -26.612496940124707     
         837   219.99264809580870       -26.535572017288779     
         838   219.88794684129675       -26.543160311420106     
         839   219.90368200322871       -26.548267826376836     
         840   219.90064611482427       -26.598544038203990     
         841   219.88182259935229       -26.530485356441467     
         842   219.90321337878092       -26.612775776505018     
         843   219.91719093284860       -26.537613163927638     
         844   219.98392166802148       -26.580099494727968     
         845   219.90789634120057       -26.531269035150231     
         846   219.90890728877565       -26.526312498405424     
         847   219.89577709035481       -26.597397764693024     
         848   219.90508986012679       -26.533234068006927     
         849   220.01038411574649       -26.551462710026328     
         850   219.81961510778638       -26.463437168303006     
         851   219.90685466657447       -26.542790836319973     
         852   219.90325359882121       -26.532258681201839     
         853   219.93612818687410       -26.637668642535562     
         854   219.90747507947435       -26.535717133304097     
         855   219.90598425764580       -26.535033062955044     
         856   219.90060840338765       -26.532734898665783     
         857   219.90097492446341       -26.533860203977905     
         858   219.91765230843842       -26.555580869274678     
         859   219.88778923203981       -26.531135770770469     
         860   219.92731928909231       -26.546956756650712     
         861   220.00508737826448       -26.521973739176900     
         862   219.90006480514654       -26.534265937258947     
         863   219.90589693779839       -26.534665079690441     
         864   219.90455315253774       -26.531052565573269     
         865   219.93591754881095       -26.530450196249895     
         866   219.99341963573673       -26.472722426838828     
         867   220.00014993270401       -26.520332590843292     
         868   219.93365188222566       -26.589464664798626     
         869   219.86593958151502       -26.633739526702392     
         870   219.89833481094450       -26.545250088156937     
         871   219.88664834580086       -26.542148596558157     
         872   219.88411009878695       -26.545195920447650     
         873   220.02793633513701       -26.591560988705538     
         874   219.91441346402644       -26.548964322693887     
         875   219.90369259564073       -26.551361744859651     
         876   219.81662248697475       -26.643896703938626     
         877   219.90166255527203       -26.543603136973161     
         878   219.87719099476601       -26.555349775645098     
         879   219.90912443001613       -26.548468490438591     
         880   219.88399215450551       -26.580036222765688     
         881   219.99388978873148       -26.461750353818857     
         882   219.95816414488226       -26.500055859819135     
         883   219.91227778062367       -26.544752804227567     
         884   219.90229579136573       -26.534273427073590     
         885   220.00891489504716       -26.513838423468322     
         886   219.90835225184932       -26.538314818716060     
         887   219.89777115042045       -26.535070734953884     
         888   219.90765119509464       -26.533920750310660     
         889   220.02347149423895       -26.629188501510463     
         890   219.90995017967111       -26.523973516712569     
         891   219.96067626213258       -26.646448403082324     
         892   219.98781460092835       -26.520425658757087     
         893   219.88431583427814       -26.625034867501661     
         894   219.89964585902027       -26.525138146102655     
         895   219.93173756182787       -26.578345937488713     
         896   219.97673140936766       -26.441531982550572     
         897   219.90952708524776       -26.528475661119089     
         898   219.96279492405819       -26.640945117962804     
         899   220.00714111787494       -26.605588120420421     
         900   220.01009253292588       -26.434443221703042     
         901   219.90769903541135       -26.534888111875777     
         902   219.88712868419890       -26.540468766910198     
         903   219.91881516931420       -26.518456976110215     
         904   219.97759713572978       -26.453846342831515     
         905   219.97625089500707       -26.604464355187844     
         906   219.89370839285303       -26.548662902013294     
         907   219.92392672833236       -26.542185054171942     
         908   219.78311061974983       -26.452939436802808     
         909   219.84557382601275       -26.567975626980150     
         910   219.90925198658167       -26.544556854687226     
         911   219.91012334806155       -26.539668352703277     
         912   219.95941524300540       -26.547935741915499     
         913   219.89040605729224       -26.543077079841510     
         914   219.90466919765942       -26.543085797039669     
         915   219.90431076529887       -26.543640346830905     
         916   219.90996462137198       -26.545761153540660     
         917   219.90629505623480       -26.497575830986420     
         918   219.94743146557747       -26.470932666714006     
         919   219.92470840138560       -26.591866408046201     
         920   219.90790004964828       -26.542687386101484     
         921   219.89997990553260       -26.573381604242510     
         922   219.89961502340881       -26.534020822122336     
         923   219.91288902654853       -26.535908421632389     
         924   219.91871269561045       -26.537418730521043     
         925   219.92369754607489       -26.524940134988618     
         926   219.88590907960312       -26.539526759813963     
         927   219.89785996411888       -26.514286432639494     
         928   219.88136535495349       -26.500640797369378     
         929   219.89498777768668       -26.537702650463640     
         930   220.02574483911607       -26.516786527557436     
         931   219.91173169944034       -26.539793953971618     
         932   219.93525540118515       -26.447111069908068     
         933   219.89477166007026       -26.642021080727208     
         934   219.89597181898557       -26.523316351413410     
         935   219.92422997944223       -26.477419184250898     
         936   219.91164109880896       -26.571967546457397     
         937   219.89471037848506       -26.492776500584757     
         938   219.97898306045985       -26.540199196434745     
         939   219.86917155199825       -26.494555144447730     
         940   219.87850284494519       -26.531532379023343     
         941   219.83737872444894       -26.565147212672169     
         942   219.90842010207945       -26.551837938276321     
         943   219.93022727677729       -26.527246947227280     
         944   219.90641169647913       -26.535966114758821     
         945   219.90540771461610       -26.543232127522600     
         946   219.91535752507133       -26.529089910364881     
         947   219.79417975830592       -26.433193886138220     
         948   219.91176939218934       -26.521480511961389     
         949   219.86165692669059       -26.645148656185825     
         950   219.90308190739177       -26.551362531990137     
         951   219.82781260526480       -26.512064914067864     
         952   219.77796226541435       -26.469006927971499     
         953   219.90722503812265       -26.532416881411439     
         954   219.98609676818822       -26.642195556056457     
         955   220.00503185000261       -26.519784986998587     
         956   219.88711044164049       -26.478661226982901     
         957   219.94546936823738       -26.620694325377514     
         958   219.92768242229593       -26.538443981819640     
         959   219.95603532462115       -26.575149559148290     
         960   219.83247664624864       -26.541130698279563     
         961   219.89702889657539       -26.545362850703111     
         962   219.88428609628457       -26.640923540087979     
         963   219.79766670370481       -26.531915060958482     
         964   219.91442076489690       -26.499481867480426     
         965   220.01808556923223       -26.566188383830529     
         966   219.92302670767765       -26.589248327255461     
         967   219.97916231260419       -26.626875047999260     
         968   219.88841620013312       -26.577936510086548     
         969   219.88690658129039       -26.649680591636994     
         970   219.99033133114770       -26.494224950173386     
         971   219.95246677625045       -26.530858287932777     
         972   219.91172663165500       -26.542507035646800     
         973   219.90775350834085       -26.554960341129117     
         974   219.92102961515349       -26.543347985888051     
         975   219.89841863355733       -26.528713734891223     
         976   219.91801859970420       -26.639438721950096     
         977   219.87351256198721       -26.517920217502457     
         978   219.81138370410537       -26.640303796064110     
         979   219.89705536360285       -26.543526330135421     
         980   219.80960286332444       -26.622580371188352     
         981   219.99435132635188       -26.577861769931705     
         982   219.88878612513216       -26.543191911902124     
         983   219.91111557323484       -26.530799245000722     
         984   219.80571840510308       -26.616719442122793     
         985   219.91002194416768       -26.540823777813380     
         986   219.91134215692674       -26.450215656448087     
         987   219.91089249793112       -26.563815955490316     
         988   219.99082655175314       -26.546206725378710     
         989   219.94563279111037       -26.558804306315771     
         990   219.90805565595369       -26.538928495011451     
         991   219.90221631524366       -26.532078852597472     
         992   219.87843314723145       -26.524546305197163     
         993   219.96483419649115       -26.496346934623062     
         994   219.89500739581223       -26.512249805693958     
         995   219.90875469974247       -26.547992815359208     
         996   219.96091839001681       -26.445035977092473     
         997   219.91435583430263       -26.560851131991896     
         998   219.92171899533966       -26.623864690940845     
         999   220.02083011901550       -26.490724369772437     
        1000   219.87241352158409       -26.448745268005808     
        1001   219.83673957226645       -26.455733212032619     
        1002   219.89967390112093       -26.546396495266073     
        1003   220.00126399215907       -26.571922365245403     
        1004   219.89365314286593       -26.537189863911575     
        1005   219.90811002199840       -26.561106536630195     
        1006   220.00322649227988       -26.465317496598356     
        1007   219.90611502242965       -26.538219736918808     
        1008   219.87887179143814       -26.543544484309166     
        1009   220.01037433231818       -26.485644457659856     
        1010   219.89468224521434       -26.542783877791447     
        1011   219.85555192884775       -26.523035681551182     
        1012   220.00106841417255       -26.456156301117176     
        1013   219.90229966710513       -26.545996964684495     
        1014   219.94376594726745       -26.547189302167716     
        1015   219.88390001754502       -26.465511735124128     
        1016   219.88961255381668       -26.653541007746181     
        1017   219.87994774478489       -26.520413653087473     
        1018   220.02696431508480       -26.573257768025659     
        1019   219.88443948795407       -26.480100424918067     
        1020   219.93820255378495       -26.521661563890468     
        1021   219.95795716453918       -26.476093204424711     
        1022   219.93578049710914       -26.644092637475122     
        1023   219.83746325421703       -26.535571118673790     
        1024   219.84719746940772       -26.479550743470615     
        1025   219.91216781347066       -26.627856536844043     
        1026   219.89764510329186       -26.554151928810168     
        1027   219.88704995276893       -26.530006923950502     
        1028   219.92949186020959       -26.486760806340545     
        1029   219.83997894189997       -26.631867570967508     
        1030   219.92045461330204       -26.542291948150933     
        1031   219.91991614434542       -26.584402793438976     
        1032   219.90412538430169       -26.534809265677513     
        1033   219.99036702255358       -26.492490028026456     
        1034   219.97481780385681       -26.503386831638771     
        1035   219.89532749357289       -26.542043370425002     
        1036   219.90428494142742       -26.530863850520866     
        1037   219.89370196615783       -26.540497704619568     
        1038   219.81297928311193       -26.618125825920615     
        1039   219.91035613570878       -26.535836541904114     
        1040   219.89299382797267       -26.547491942578112     
        1041   219.89866331960550       -26.526522111421013     
        1042   219.90899438403747       -26.530218103389345     
        1043   219.88645801992487       -26.527745482342738     
        1044   219.88067948840060       -26.529574251869978     
        1045   219.89868949483352       -26.544971791001402     
        1046   219.94742014810311       -26.609840592980159     
        1047   219.99541940701488       -26.611539096649999     
        1048   219.88375497225181       -26.517137786515907     
        1049   220.01089113149976       -26.561736396281820     
        1050   219.80884632822611       -26.566268071060726     
        1051   219.89157316621180       -26.539486653449448     
        1052   219.79782987936474       -26.463978973076095     
        1053   219.91155418862991       -26.537022490113639     
        1054   219.90910430751245       -26.537537074281992     
        1055   219.96949858478297       -26.490244013071568     
        1056   220.00107230337744       -26.454944223362105     
        1057   219.84416668480458       -26.588422110098843     
        1058   219.96488296222532       -26.551817289233682     
        1059   219.89342716328238       -26.532806858740646     
        1060   219.90497806206074       -26.438965873804243     
        1061   219.91704857833804       -26.531095356774028     
        1062   219.90216006872004       -26.529153544528263     
        1063   219.80472105680261       -26.476774347733912     
        1064   219.96489573390463       -26.537326728820858     
        1065   219.85590060475263       -26.649778503273524     
        1066   219.94267423761337       -26.545610774175518     
        1067   219.89895493761003       -26.530515523008894     
        1068   219.81537704189515       -26.526149888329858     
        1069   219.91013448473058       -26.537624706231494     
        1070   219.80720558912483       -26.458911334772811     
        1071   219.82256902002572       -26.608734292984852     
        1072   219.89887874936034       -26.544084076388117     
        1073   219.93511804161420       -26.518090151004646     
        1074   219.87142589595510       -26.557233639749047     
        1075   219.90114397700009       -26.544674872706508     
        1076   219.90724944871647       -26.528842254097015     
        1077   219.90018655913443       -26.546914024498015     
        1078   219.89490696840545       -26.543647307706149     
        1079   219.90718488011072       -26.547766206899333     
        1080   219.91685411647057       -26.542826055210359     
        1081   219.91219838805063       -26.533137609210350     
        1082   219.86502837818054       -26.558913565446282     
        1083   219.94067240526709       -26.573922735017494     
        1084   220.01314754937266       -26.471434547548125     
        1085   219.89355201338006       -26.539526708790373     
        1086   219.90820152223131       -26.530365652810278     
        1087   219.90140489426355       -26.552886844852935     
        1088   219.96513768444751       -26.616713154380236     
        1089   219.88955644920037       -26.557938282086649     
        1090   219.89475634274942       -26.540444590345558     
        1091   219.90475869863769       -26.523182302967765     
        1092   219.90428293390474       -26.544849765921441     
        1093   219.91308795730586       -26.537476934574070     
        1094   219.84202892070877       -26.605030773688256     
        1095   219.82839089725067       -26.503671960516581     
        1096   219.82777314338503       -26.634062344722178     
        1097   219.89520787695747       -26.479332215320714     
        1098   219.99370745556129       -26.567095237006292     
        1099   219.91197233763296       -26.529648927296847     
        1100   219.89326285312248       -26.545002930327048     
        1101   219.89339397032097       -26.613286177743625     
        1102   219.83154264109001       -26.493674376239333     
        1103   219.83875617384106       -26.472573137184622     
        1104   219.89001267666524       -26.536892079155123     
        1105   219.78881903232892       -26.558803568630530     
        1106   219.95914376219633       -26.445039331841674     
        1107   219.90063235226589       -26.632067205102040     
        1108   219.89965769125632       -26.640676816677487     
        1109   219.90945298665136       -26.536064727173294     
        1110   219.93998974933118       -26.522848245478450     
        1111   220.00587358716439       -26.474163826035031     
        1112   219.88121544168055       -26.526672986257292     
        1113   219.82072051948506       -26.476085087516939     
        1114   219.94980204193408       -26.565298441250398     
        1115   219.98940260128157       -26.510440970262888     
        1116   219.87523714665789       -26.543032721766650     
        1117   219.93332093301845       -26.590954554773628     
        1118   219.90156421839927       -26.545135945514819     
        1119   219.79194788067332       -26.484539140534505     
        1120   219.92958437247381       -26.466000682009444     
        1121   219.89480299815182       -26.530835532323866     
        1122   219.94821710002915       -26.510811395423183     
        1123   219.89756101315209       -26.523975176171398     
        1124   219.97583477576944       -26.557667933992981     
        1125   219.89543006148094       -26.532867938553910     
        1126   219.81770909811249       -26.648846658896051     
        1127   219.80164898151213       -26.533795915336629     
        1128   219.89172510453193       -26.552658423267683     
        1129   219.90710600558384       -26.535061055047944     
        1130   219.91373536234738       -26.520226107240770     
        1131   219.92122589093714       -26.531070637297756     
        1132   219.89626515857796       -26.545464406859505     
        1133   219.89929726142006       -26.555501318731874     
        1134   219.83181769579363       -26.541102097565926     
        1135   220.00125054362459       -26.461754929293487     
        1136   219.89177844702536       -26.536043981460903     
        1137   219.93255562869953       -26.636811309718261     
        1138   219.94003735029153       -26.561800708642824     
        1139   219.89772822811273       -26.548338422710323     
        1140   219.89429392182697       -26.533781517299865     
        1141   219.91478667241515       -26.531828310658028     
        1142   219.97224061635200       -26.459696745736110     
        1143   219.89464485954898       -26.537323647012236     
        1144   219.90456770350488       -26.562972934721337     
        1145   219.92144856222933       -26.451658881077716     
        1146   220.02985327565190       -26.588573289444071     
        1147   219.81883821170436       -26.518511788864267     
        1148   219.91897552068718       -26.510725338226138     
        1149   219.81593229432980       -26.432118789076853     
        1150   219.89410680095014       -26.535637382717660     
        1151   219.87572541748537       -26.600117241242707     
        1152   219.90126969839449       -26.559956805328913     
        1153   219.90583912418663       -26.533665079290603     
        1154   219.89301795150482       -26.539339665626667     
        1155   219.91456612215754       -26.514024352629836     
        1156   219.90565983590426       -26.439627903974735     
        1157   220.01103192362601       -26.441185728195478     
        1158   219.90285344491488       -26.547003495299126     
        1159   219.89952664108091       -26.531153799403391     
        1160   219.89910945281630       -26.532738147308663     
        1161   219.86990166568003       -26.545042172640525     
        1162   219.89084156980991       -26.559685825566955     
        1163   219.91707366169996       -26.549743598764096     
        1164   219.94909070679125       -26.538925850430470     
        1165   219.99613121671399       -26.565577300542845     
        1166   219.82012452001024       -26.519584398434208     
        1167   220.00005392627656       -26.494224148609892     
        1168   219.89252494819954       -26.546136913743620     
        1169   219.94577617542078       -26.591648150863659     
        1170   219.82110784480781       -26.580616425008685     
        1171   219.91205359364812       -26.499830537095889     
        1172   219.85248781207474       -26.579249914551117     
        1173   219.89568404138342       -26.537123676474852     
        1174   219.90470251273726       -26.532916055895239     
        1175   219.89899575038419       -26.483045399002037     
        1176   219.90558598508639       -26.554443464117135     
        1177   219.90512210927582       -26.548391704685727     
        1178   219.88920515569095       -26.583184466155615     
        1179   219.93927909350748       -26.544883708564235     
        1180   219.90655613053804       -26.497183688521254     
        1181   219.81523153578510       -26.555381758061557     
        1182   219.90828332902973       -26.530987464922578     
        1183   219.90454352473589       -26.527622917404756     
        1184   219.89344464219678       -26.555808243366315     
        1185   219.90988004040193       -26.542546483572451     
        1186   219.90217071299369       -26.564544897677937     
        1187   219.81745472553766       -26.595953648947582     
        1188   219.94508866007834       -26.547531278454528     
        1189   219.88266634683004       -26.531060410325466     
        1190   219.90912724665026       -26.542611336492111     
        1191   219.90644801982754       -26.531990014644165     
        1192   219.87576326292157       -26.545684430460128     
        1193   219.91193461870242       -26.541959700546798     
        1194   219.95997052191061       -26.528166809902931     
        1195   219.88525952323249       -26.540208181867303     
        1196   219.89723265065518       -26.548020561642385     
        1197   219.90567522661001       -26.546933512260509     
        1198   219.89124835719375       -26.533139165826380     
        1199   219.90670911932199       -26.533253864643374     
        1200   219.84484582562209       -26.583483685057068     
        1201   219.89237666413095       -26.533893978486706     
        1202   219.99323275813688       -26.549452831782936     
        1203   219.96909880300680       -26.495077124811878     
        1204   219.88944142260073       -26.509455144287763     
        1205   219.93299090923793       -26.569385781665982     
        1206   219.91505420722180       -26.542705529836137     
        1207   219.91035217932296       -26.542197440175059     
        1208   219.87996495483245       -26.484319887191599     
        1209   219.92679516594094       -26.573028485092415     
        1210   219.91224030824452       -26.535602187156069     
        1211   219.91033321016047       -26.559184812782330     
        1212   219.91532845374090       -26.527441403252752     
        1213   219.88819358515960       -26.533432274552403     
        1214   219.92174617395017       -26.553914790903615     
        1215   219.82164342669481       -26.509348752835511     
        1216   219.83669097133250       -26.489797661869254     
        1217   219.99790348209694       -26.551240166678493     
        1218   219.86598066392955       -26.576388002470647     
        1219   219.91397003859240       -26.527051609849032     
        1220   220.01873047787564       -26.520352903266410     
        1221   219.91284619642218       -26.550010575398254     
        1222   219.90352585870630       -26.545202837780430     
        1223   219.84456257498209       -26.527800974711408     
        1224   219.84529071927545       -26.495277938893953     
        1225   219.88525483857163       -26.530441588169719     
        1226   219.91552025889797       -26.554972077044649     
        1227   219.91382238766496       -26.516887659623116     
        1228   219.90917868188714       -26.517438586961838     
        1229   219.95382637368141       -26.520719087441361     
        1230   219.87376214085953       -26.575323634807464     
        1231   219.80871232316127       -26.611933910620959     
        1232   219.89174116819393       -26.536898624120557     
        1233   219.89540464289556       -26.535720983618422     
        1234   219.95180480677524       -26.519661261824481     
        1235   220.02876554055405       -26.574101361914945     
        1236   219.90478212466107       -26.548194332898124     
        1237   219.89260223217272       -26.543290311961176     
        1238   219.88750518635840       -26.550728255933546     
        1239   219.91068618183877       -26.557117898521387     
        1240   219.91791440598726       -26.538918360799258     
        1241   219.91771743383620       -26.519215942013894     
        1242   219.90807548562469       -26.525073614235694     
        1243   219.86969948980718       -26.559393501005669     
        1244   219.92326449068696       -26.538022249150142     
        1245   219.88915591330789       -26.536717642623593     
        1246   219.89197439104095       -26.542907860994777     
        1247   219.92645351030222       -26.537590906984367     
        1248   219.90484104817389       -26.518612847096051     
        1249   219.89272711685280       -26.534767940602475     
        1250   219.90266111525546       -26.533142270994748     
        1251   219.92241588497802       -26.544933168818993     
        1252   219.89030297997289       -26.531260539930422     
        1253   219.90217453901514       -26.519297911142431     
        1254   219.88007031681661       -26.550685669488715     
        1255   219.85278509037306       -26.638245077211813     
        1256   219.92980222219055       -26.515115680310334     
        1257   219.88572834732025       -26.570365947826716     
        1258   219.89189329104872       -26.530305891811626     
        1259   219.89066706215934       -26.542337655127220     
        1260   219.90911776207088       -26.530670855974719     
        1261   219.90673181057383       -26.545516023270345     
        1262   219.89197962095179       -26.546082236433762     
        1263   219.93362225842083       -26.559474859979250     
        1264   219.88857403629970       -26.562519066090065     
