           1   217.52178595921438       -6.0704671876869005     
           2   217.52046069312516       -5.9796548512446375     
           3   217.52026774837006       -6.0086216397040815     
           4   217.51934182700319       -6.0454011515503021     
           5   217.51892454642507       -6.0485684244756683     
           6   217.51628081498336       -6.0832702081831638     
           7   217.51500268512820       -5.9656498842230112     
           8   217.51467762476935       -6.0326890538355302     
           9   217.51387970857002       -5.9852876138561486     
          10   217.51214269129329       -5.9408533752604500     
          11   217.51205972897401       -5.9572115191417172     
          12   217.51001989299897       -5.9764696434719129     
          13   217.50821494201568       -6.0332469583963011     
          14   217.50817802512995       -5.9486874933459069     
          15   217.50779820196672       -6.0152934684579007     
          16   217.50635650828150       -5.9486355717310992     
          17   217.50545377303311       -5.8714027922085474     
          18   217.50262300080317       -6.0434281658653140     
          19   217.49999286764557       -6.0526398997985735     
          20   217.49874575654064       -5.8697681463915341     
          21   217.49770755929529       -6.0353920683072104     
          22   217.49635290715634       -5.9536548015066737     
          23   217.49593882081317       -5.9751187250732833     
          24   217.49581551236267       -6.0053850364513259     
          25   217.49301662961238       -5.9832618457356181     
          26   217.49184585281847       -5.9431335369545852     
          27   217.49141624864831       -6.0072477348997486     
          28   217.49033301947429       -6.0350685615523068     
          29   217.48990097649570       -6.0040168458016794     
          30   217.48942143727862       -5.8780534812972656     
          31   217.48811995558853       -6.0436280457182967     
          32   217.48775415189800       -6.0440056416281518     
          33   217.48731207900096       -5.9588826026754145     
          34   217.48699631486551       -5.9155698463042743     
          35   217.48455014834698       -5.9447926503101058     
          36   217.48359484327554       -6.0330618975328747     
          37   217.48351246012604       -5.9826175823539316     
          38   217.48327635229114       -5.9596895768597733     
          39   217.48169858962771       -5.9436926499880123     
          40   217.48185357446138       -5.8793941570219781     
          41   217.47405141109607       -6.0657162391665711     
          42   217.47293120450621       -6.0279151753528106     
          43   217.47179905721703       -5.9760400726293872     
          44   217.47025064105418       -6.0783857963290462     
          45   217.47026649632525       -5.9218607093358209     
          46   217.46833246355305       -5.9835157550025677     
          47   217.46802853063241       -6.0068216573669302     
          48   217.46637257311795       -5.9690157941796693     
          49   217.46486161028156       -5.9382108248516374     
          50   217.46445254993034       -5.9484645900849618     
          51   217.46397696540663       -6.0720799339618923     
          52   217.46443611456431       -5.8644609315854872     
          53   217.46375701098256       -5.8773519689819098     
          54   217.46294130595496       -5.9623459544104520     
          55   217.46234200094307       -6.0504722329497023     
          56   217.46169961459751       -6.0256704531330776     
          57   217.46181505650691       -5.9588235861652192     
          58   217.46117338723863       -6.0281182140872529     
          59   217.46131593168488       -5.9112444602575991     
          60   217.46105384713960       -6.0023100110987579     
          61   217.46122020491242       -5.9293418542503717     
          62   217.45995007960408       -5.9645709496505885     
          63   217.45645579201900       -5.9723711496778726     
          64   217.45519541701771       -5.9638339784484460     
          65   217.45468054269330       -5.9597877596566100     
          66   217.45420612452824       -6.0771235744855652     
          67   217.45427596621141       -5.9621127370570886     
          68   217.45431757354314       -5.9424072457252191     
          69   217.45368563326022       -5.9538086161881836     
          70   217.45378139777384       -5.8908769468394642     
          71   217.45325392961703       -5.8927960299824402     
          72   217.45284613729132       -5.9642805443855034     
          73   217.45194030891270       -6.0026702438981312     
          74   217.45182753067894       -6.0462934826725894     
          75   217.45195544269586       -5.9755304543936267     
          76   217.45026558256598       -5.9635347758840869     
          77   217.45014992446815       -5.9517156288715656     
          78   217.44993016685135       -6.0043368487443418     
          79   217.44884333666710       -5.9694605946271038     
          80   217.44900010862122       -5.8728235519519130     
          81   217.44860970187392       -5.9575789557179801     
          82   217.44753971403384       -5.9961847779334727     
          83   217.44643281728474       -5.9593338699463461     
          84   217.44628081433169       -5.9137406404599053     
          85   217.44556503822685       -5.9560881706328548     
          86   217.44553253630468       -5.9440721663547036     
          87   217.44484248219831       -5.8959950298790602     
          88   217.44427282921188       -6.0679111774884129     
          89   217.44420881181185       -5.9425707123917411     
          90   217.44410938967812       -5.9037344640693057     
          91   217.44325202810160       -6.0303670056531065     
          92   217.44346167012677       -5.8895278025614628     
          93   217.44317249393993       -5.9716061397624021     
          94   217.44309998083679       -5.9780161593363363     
          95   217.44276911662450       -6.0427989075490416     
          96   217.44219722559723       -5.9888163459389414     
          97   217.44187412530707       -5.9521178099794145     
          98   217.44141080697324       -5.9536645018903966     
          99   217.44083655908420       -6.0056390788149203     
         100   217.44095118917949       -5.8978385826449031     
         101   217.44029621259847       -6.0755996106980543     
         102   217.44054824048348       -5.9456787945860743     
         103   217.44026176150618       -6.0537468787202160     
         104   217.44006843706200       -5.9747040942876479     
         105   217.43995644527436       -5.9146356912798490     
         106   217.43981807141239       -5.9665986686239014     
         107   217.43912247035567       -6.0827099761669707     
         108   217.43891584421567       -5.9541078176454949     
         109   217.43873638969248       -5.9648261402778724     
         110   217.43852529035402       -5.9443501719441780     
         111   217.43840092230067       -5.8854546426778844     
         112   217.43789368575335       -5.9953136225096149     
         113   217.43773690757348       -6.0276200691081581     
         114   217.43785161869192       -5.9426465345583903     
         115   217.43760238837865       -5.9008899179531387     
         116   217.43718895047078       -5.9639333633271923     
         117   217.43637001050197       -5.9801402731305116     
         118   217.43600126979592       -6.0174850668860573     
         119   217.43532268660957       -5.9817895873861158     
         120   217.43490065302345       -5.9693243734380657     
         121   217.43493699516245       -5.9548191195018738     
         122   217.43485442722888       -5.9609678396834251     
         123   217.43470557606670       -5.9715135578916385     
         124   217.43444763384878       -5.9913488064067897     
         125   217.43399909268553       -5.9906289096441991     
         126   217.43270810943969       -5.9521276264826177     
         127   217.43246356134790       -6.0052800070246484     
         128   217.43237659443002       -6.0007225891066032     
         129   217.43187692513104       -5.9954005877105612     
         130   217.43190785188941       -5.9759363759167696     
         131   217.43169502580176       -5.9907812772847198     
         132   217.43158866967971       -5.9747971556882389     
         133   217.43122292472790       -5.9768774476547506     
         134   217.43103479371649       -6.0051935208874072     
         135   217.43045900216896       -5.9725707939614185     
         136   217.43044546463426       -5.9401921012151595     
         137   217.43024046853083       -5.9126634164450094     
         138   217.42985279144833       -6.0185934222963722     
         139   217.42985386006171       -5.9940534306694317     
         140   217.42955040710413       -5.9500287824856137     
         141   217.42948926034859       -5.9643275191499248     
         142   217.42949071895089       -5.9605799875313359     
         143   217.42944766656933       -5.9660656857053134     
         144   217.42921500631434       -5.9760211137096180     
         145   217.42915395857125       -5.9925168364378072     
         146   217.42903081156939       -5.9962369380758416     
         147   217.42888345394687       -6.0404789946308952     
         148   217.42877470077946       -5.9626275353219285     
         149   217.42867311978705       -5.9411851300700329     
         150   217.42855204525210       -5.9698110102807203     
         151   217.42863086070574       -5.9247093001401785     
         152   217.42844329297520       -5.9586151314124391     
         153   217.42839615204582       -5.9757405975720976     
         154   217.42824658314996       -5.9925414386936389     
         155   217.42805505096877       -6.0191742603743519     
         156   217.42811270985425       -5.9930622663775122     
         157   217.42790009221628       -5.9530092307255726     
         158   217.42763207726202       -5.9523571419597001     
         159   217.42753080795165       -5.9736570348960631     
         160   217.42744971490458       -5.9756777460104704     
         161   217.42738919089356       -5.9614563208706226     
         162   217.42706161504552       -6.0781490515237273     
         163   217.42711943202804       -6.0336338287755957     
         164   217.42721776021233       -5.9855619911259295     
         165   217.42695004630727       -6.0197049006519290     
         166   217.42600731430548       -6.0080074163928225     
         167   217.42578242480585       -6.0257792380610722     
         168   217.42572903001533       -5.9780317259930591     
         169   217.42548062936331       -5.9766863650213757     
         170   217.42550913241408       -5.9541982517325271     
         171   217.42502385011952       -6.0264552664493856     
         172   217.42513641332741       -5.9535834150057090     
         173   217.42494934397197       -5.9766914250193111     
         174   217.42483933551492       -5.9544557218780065     
         175   217.42412954394547       -5.9672917521542779     
         176   217.42414288068926       -5.9562595460678160     
         177   217.42405275613450       -5.9635805420445296     
         178   217.42401207423930       -5.9590409677937348     
         179   217.42391551300918       -5.9744497291977119     
         180   217.42391289916554       -5.9335299364846170     
         181   217.42361330003749       -5.9764274800565644     
         182   217.42343648094334       -6.0075943459910004     
         183   217.42356973136202       -5.9397474375437902     
         184   217.42331402065741       -5.9998388878112507     
         185   217.42330583267827       -5.9529659911225234     
         186   217.42317502784002       -5.9750866986910207     
         187   217.42296409122153       -5.9720510590586917     
         188   217.42283205135138       -6.0147905424807817     
         189   217.42282636228708       -5.9689892292847757     
         190   217.42261976966279       -5.9733799244263359     
         191   217.42266375827884       -5.9534141603280641     
         192   217.42250813360545       -5.9728102814359252     
         193   217.42236751713151       -5.9994011196627612     
         194   217.42247260864784       -5.9563128423842526     
         195   217.42243436724723       -5.9695321495297797     
         196   217.42223492940320       -5.9890135914452971     
         197   217.42213782906305       -5.9511247747694602     
         198   217.42212961301186       -5.9519953453480667     
         199   217.42191422318328       -6.0096274469273885     
         200   217.42175409460148       -5.9726748790513788     
         201   217.42160155066892       -6.0018443824038208     
         202   217.42167525410261       -5.9675294348487169     
         203   217.42165680232640       -5.9741579748172180     
         204   217.42161078041158       -5.9783512548674489     
         205   217.42154893337985       -5.9834116294850652     
         206   217.42150551156530       -5.9791141403432837     
         207   217.42144570544625       -5.9958173133393036     
         208   217.42133008856462       -5.9879430055898233     
         209   217.42136452548067       -5.9502740460177153     
         210   217.42126694074193       -5.9848467272260804     
         211   217.42095902830968       -5.9746517829681851     
         212   217.42067949805727       -5.9929571349010251     
         213   217.42067942016755       -5.9864805129803953     
         214   217.42069964070572       -5.9597003608611709     
         215   217.42053923335808       -5.9742161776011153     
         216   217.42047051694047       -5.9548469445205168     
         217   217.42035763283943       -5.9955442607881571     
         218   217.42038160927601       -5.9735840114309875     
         219   217.42032589157719       -5.9862721545446389     
         220   217.42027689058796       -5.9949797103630038     
         221   217.42056048379476       -5.8678512676911723     
         222   217.42024028861169       -5.9784487425343542     
         223   217.42029470105882       -5.9506382156185227     
         224   217.42015269021783       -6.0020749987163509     
         225   217.42013518363905       -6.0029855347149068     
         226   217.42011617056744       -6.0090530016898125     
         227   217.42020355306607       -5.9664233544210310     
         228   217.42006136840598       -5.9763666745793298     
         229   217.42005633050320       -5.9671674059333952     
         230   217.41992890043389       -5.9736983722794710     
         231   217.41994306719585       -5.9460794766755241     
         232   217.41972737184153       -5.9528292307975121     
         233   217.41949030797252       -5.9952428665551416     
         234   217.41946896356106       -5.9956526938437236     
         235   217.41934733320761       -5.9710517404351124     
         236   217.41928258335790       -5.9862372066857565     
         237   217.41926911312103       -5.9780803148366930     
         238   217.41927948174850       -5.9583383976832662     
         239   217.41917128123868       -5.9717242871686889     
         240   217.41908275440403       -5.9667365792532765     
         241   217.41891720446364       -5.9893131005843676     
         242   217.41887101759457       -5.9899255162479728     
         243   217.41889317894106       -5.9600451633747067     
         244   217.41875622953853       -5.9904286748515894     
         245   217.41878937663836       -5.9729045269189394     
         246   217.41879120224590       -5.9526672399782967     
         247   217.41867435643627       -5.9855528422343971     
         248   217.41870122667862       -5.9693111646417032     
         249   217.41856636061570       -5.9679891837257166     
         250   217.41845130916482       -5.9862466549158260     
         251   217.41848581757463       -5.9706851811645629     
         252   217.41833093026483       -5.9875606655747093     
         253   217.41826970295836       -5.9752757256671272     
         254   217.41825498933702       -5.9534527437123659     
         255   217.41818546249547       -5.9784424352391481     
         256   217.41818250977374       -5.9683709053355338     
         257   217.41810183475297       -5.9745360118268493     
         258   217.41808330737760       -5.9796405138484783     
         259   217.41794917713409       -5.9849148199089655     
         260   217.41793668875292       -5.9757493947128308     
         261   217.41787342406749       -5.9674949751500934     
         262   217.41776523254367       -5.9983821631446377     
         263   217.41780401884796       -5.9802109327901309     
         264   217.41773404277114       -5.9943403008073082     
         265   217.41764881374124       -5.9871597386831850     
         266   217.41764609165861       -5.9812750516521698     
         267   217.41766266697215       -5.9717068389614907     
         268   217.41766240405255       -5.9545897033623172     
         269   217.41748598726628       -5.9818473746057377     
         270   217.41735216783073       -5.9919982869422741     
         271   217.41731369256061       -5.9801022535911512     
         272   217.41728542869444       -5.9842605971269931     
         273   217.41718763698699       -5.9686726736899542     
         274   217.41712866832589       -5.9783887306497956     
         275   217.41717382017819       -5.9592081047830519     
         276   217.41695541833727       -5.9738498784109302     
         277   217.41687165228745       -5.9767026244502111     
         278   217.41684315485244       -5.9863276254558144     
         279   217.41680206403339       -5.9572877106340210     
         280   217.41661583121962       -5.9814378990408335     
         281   217.41653822580750       -5.9831793009617584     
         282   217.41651286288578       -5.9669340195344871     
         283   217.41646682789255       -5.9767111654637226     
         284   217.41651655701580       -5.9524234349378533     
         285   217.41642030145258       -5.9689565936900042     
         286   217.41628165524909       -5.9776137560487932     
         287   217.41599395784067       -6.0777844267634542     
         288   217.41617472894413       -5.9860045027780764     
         289   217.41616294516066       -5.9841358316584641     
         290   217.41618728633225       -5.9699515301341153     
         291   217.41613040798305       -5.9900881614357360     
         292   217.41608406763379       -5.9615675343668446     
         293   217.41603025842130       -5.9664509972178950     
         294   217.41601144093585       -5.9642306818854722     
         295   217.41596297628917       -5.9742451269535914     
         296   217.41592647714762       -5.9771823506538109     
         297   217.41591171376663       -5.9758084595168599     
         298   217.41588195389448       -5.9865902642599327     
         299   217.41580172495375       -6.0051603558480728     
         300   217.41569555154618       -5.9902224060237375     
         301   217.41589640129791       -5.8961343251749163     
         302   217.41567575538696       -5.9693925483718635     
         303   217.41565888865176       -5.9718900735155920     
         304   217.41559866369744       -5.9739243275145215     
         305   217.41560138735230       -5.9667863539352028     
         306   217.41555012157667       -5.9813639966388150     
         307   217.41558480478366       -5.9613721324390534     
         308   217.41551464465920       -5.9821196138423254     
         309   217.41540236883188       -5.9837118427961444     
         310   217.41537468069941       -5.9714368107372362     
         311   217.41518430592396       -5.9770064237180121     
         312   217.41515118865138       -5.9751169645697981     
         313   217.41499009996531       -6.0110695612780640     
         314   217.41513206402766       -5.9330573557048556     
         315   217.41500623358178       -5.9729043059518352     
         316   217.41495676022302       -5.9877302966746777     
         317   217.41492876887935       -5.9846547360933817     
         318   217.41485046860348       -5.9978305846300444     
         319   217.41487752634188       -5.9797730740255757     
         320   217.41492763971439       -5.9589887736662481     
         321   217.41464387917281       -5.9642928437328981     
         322   217.41465186132424       -5.9435191157928342     
         323   217.41449820877494       -5.9844798010238920     
         324   217.41447110294482       -5.9820907763650668     
         325   217.41446376145996       -5.9793429486358143     
         326   217.41439141956286       -5.9655272604441425     
         327   217.41425868064192       -5.9862868102160531     
         328   217.41428145039703       -5.9752348071242993     
         329   217.41418069257392       -6.0033851164965002     
         330   217.41418300012566       -5.9711418318422984     
         331   217.41405799146457       -5.9993114667066667     
         332   217.41407881221869       -5.9731078832567714     
         333   217.41401465458074       -5.9807272162564287     
         334   217.41399976183820       -5.9780830833868066     
         335   217.41396264346724       -5.9791659209003889     
         336   217.41394258918959       -5.9717962607581265     
         337   217.41390962920201       -5.9764077146048349     
         338   217.41396893847775       -5.9520971762802795     
         339   217.41385490611054       -5.9825670944073170     
         340   217.41383526042091       -5.9744443825020088     
         341   217.41379075859339       -5.9860903879513705     
         342   217.41376216311991       -5.9887860913691293     
         343   217.41379902304121       -5.9644987714471265     
         344   217.41365976795245       -5.9925829013262142     
         345   217.41370869601337       -5.9679665072695220     
         346   217.41368359890700       -5.9741033543382001     
         347   217.41357368942889       -5.9774801157142816     
         348   217.41362503930284       -5.9565432908533325     
         349   217.41360602228920       -5.9540204822921519     
         350   217.41351826564070       -5.9835222922256044     
         351   217.41355707137308       -5.9665045360587836     
         352   217.41351191195048       -5.9763524268124941     
         353   217.41336863697339       -5.9917352136392745     
         354   217.41343533774511       -5.9645377295448814     
         355   217.41324223617681       -5.9722891609949409     
         356   217.41308876059944       -5.9786840070810046     
         357   217.41310986505840       -5.9659762688168838     
         358   217.41308139534945       -5.9701152310698280     
         359   217.41305380486375       -5.9802643253553542     
         360   217.41303472251712       -5.9839841645000975     
         361   217.41298820109989       -5.9819976281533380     
         362   217.41295619129724       -5.9939531795594849     
         363   217.41296904583004       -5.9795697426533669     
         364   217.41298889265232       -5.9687446806351661     
         365   217.41292449132709       -5.9632510998036228     
         366   217.41285976564768       -5.9839812156399130     
         367   217.41284456502112       -5.9756661050357645     
         368   217.41267983814092       -6.0254191233430339     
         369   217.41277465172860       -5.9829120638935143     
         370   217.41276278332143       -5.9709894761537701     
         371   217.41262375394444       -5.9791724527784780     
         372   217.41259093745549       -5.9749997832376049     
         373   217.41253646929550       -5.9863336994711629     
         374   217.41253498395173       -5.9823434939652707     
         375   217.41253634233007       -5.9735700707889894     
         376   217.41250197494458       -5.9843732558566565     
         377   217.41250692335430       -5.9809597655694207     
         378   217.41249233444293       -5.9627932910972232     
         379   217.41242440180784       -5.9770327329339477     
         380   217.41243303844942       -5.9513191161741128     
         381   217.41233172542152       -5.9761544135502733     
         382   217.41233939368914       -5.9663457409550018     
         383   217.41228346982049       -5.9779765628254191     
         384   217.41230880593400       -5.9630288477113922     
         385   217.41240860701902       -5.8975633698360976     
         386   217.41206428813206       -5.9702232844282230     
         387   217.41199947324790       -5.9739521320351985     
         388   217.41198538807814       -5.9721970989093975     
         389   217.41194421023303       -5.9767790027448546     
         390   217.41187750446355       -5.9798205362448540     
         391   217.41179089341784       -5.9834474953771357     
         392   217.41164736207861       -5.9943125346196489     
         393   217.41159263428685       -5.9875300328704721     
         394   217.41160102330434       -5.9831962693001142     
         395   217.41156985906855       -5.9826961485217316     
         396   217.41155028037676       -5.9870679883045712     
         397   217.41159206518324       -5.9701339169051479     
         398   217.41154852540365       -5.9778653827061401     
         399   217.41156837473383       -5.9673901564039511     
         400   217.41153163514664       -5.9805774945223327     
         401   217.41147333481223       -5.9796210577049456     
         402   217.41147156570310       -5.9739553051046848     
         403   217.41143327372018       -5.9774370078025623     
         404   217.41140805807336       -5.9659574685003376     
         405   217.41143492276839       -5.9483948625791303     
         406   217.41135464441817       -5.9786265707943143     
         407   217.41130323873324       -5.9956801682363423     
         408   217.41137207325744       -5.9633318873122070     
         409   217.41132807613863       -5.9765942989611656     
         410   217.41126835904572       -5.9671993403086496     
         411   217.41121399300050       -5.9779340581243403     
         412   217.41122646936711       -5.9556305150806210     
         413   217.41121807303321       -5.9549483029480799     
         414   217.41114928051715       -5.9747739404165365     
         415   217.41108863448713       -5.9854233046952414     
         416   217.41108598539992       -5.9837088470592112     
         417   217.41108056065792       -5.9727981457527557     
         418   217.41099232728982       -5.9997470002834685     
         419   217.41103344002886       -5.9814164615550487     
         420   217.41102482975776       -5.9753311040685411     
         421   217.41102942896364       -5.9712023280561990     
         422   217.41099988318427       -5.9795694476329784     
         423   217.41099973250485       -5.9605344331308192     
         424   217.41096088930701       -5.9650317829903390     
         425   217.41084120348341       -5.9874644882967383     
         426   217.41083708972820       -5.9848997172489806     
         427   217.41082085909699       -5.9805607557129408     
         428   217.41076369167436       -5.9588919530692266     
         429   217.41081247735798       -5.9382031348948319     
         430   217.41071058547956       -5.9734811707671609     
         431   217.41064146921849       -5.9818152028026281     
         432   217.41061148922699       -5.9917899331483531     
         433   217.41066421349393       -5.9711845663911509     
         434   217.41061945452327       -5.9785641868966906     
         435   217.41060577077556       -5.9801016704268743     
         436   217.41057665662046       -5.9780143505221357     
         437   217.41068697744524       -5.9202836910001455     
         438   217.41053730756167       -5.9753071980344084     
         439   217.41048461908107       -5.9862920520084861     
         440   217.41043466459496       -5.9714979818541218     
         441   217.41037142886816       -5.9768777769637857     
         442   217.41034965719615       -5.9593807672738199     
         443   217.41028973891105       -5.9814796251315059     
         444   217.41028176176889       -5.9838268779194221     
         445   217.41025766759248       -5.9834487727270425     
         446   217.41020414226381       -5.9792338212549998     
         447   217.41023872166167       -5.9472850908913442     
         448   217.41011628332765       -5.9764874285460667     
         449   217.41013024244006       -5.9671109530812370     
         450   217.40998573939319       -6.0112262583584224     
         451   217.41007498146305       -5.9743093863358441     
         452   217.41000821291351       -5.9891021153319119     
         453   217.40992825868778       -5.9912593139374914     
         454   217.40997989680258       -5.9667832968424523     
         455   217.40988472842699       -6.0014828914731009     
         456   217.40991118733777       -5.9832453511465982     
         457   217.40988056592670       -5.9875115386993691     
         458   217.40991158438439       -5.9751923235195283     
         459   217.40987497662667       -5.9865715189527107     
         460   217.40992814655883       -5.9579023196122005     
         461   217.40981288828004       -5.9745607653001169     
         462   217.40977253357386       -5.9772908574973806     
         463   217.40961905236023       -6.0295987495114565     
         464   217.40975682722521       -5.9727978050815294     
         465   217.40973888603088       -5.9742066984072748     
         466   217.40971956453112       -5.9809416455181941     
         467   217.40969867576200       -5.9813861275668510     
         468   217.40970082195858       -5.9758551862840479     
         469   217.40968646859963       -5.9796864668834084     
         470   217.40963582254619       -5.9788412349072901     
         471   217.40960240537694       -5.9782629053686742     
         472   217.40941543056525       -6.0424974713297592     
         473   217.40949806979251       -5.9869467875436220     
         474   217.40944876480393       -5.9779081611797782     
         475   217.40941903450232       -5.9856981685234834     
         476   217.40942091273686       -5.9821832785892930     
         477   217.40941598038506       -5.9736029081746578     
         478   217.40936260663395       -5.9844995277282491     
         479   217.40937281272178       -5.9766782650811008     
         480   217.40933236796670       -5.9849661515513324     
         481   217.40934302295403       -5.9801609916977982     
         482   217.40932272461086       -5.9837361056890881     
         483   217.40936511232533       -5.9645617205315604     
         484   217.40933668809458       -5.9711796441057592     
         485   217.40931985434503       -5.9714034308341928     
         486   217.40931932977392       -5.9680351528860998     
         487   217.40935396258425       -5.9537533873610196     
         488   217.40926032052130       -5.9754168472614246     
         489   217.40918123450430       -5.9915171015338746     
         490   217.40925071191504       -5.9610955129068763     
         491   217.40920631391833       -5.9703688439140263     
         492   217.40911867632661       -5.9779040996564285     
         493   217.40912720127176       -5.9697883703832746     
         494   217.40906464019821       -5.9825928110294573     
         495   217.40898569261120       -6.0074269405351695     
         496   217.40905286124189       -5.9805604727063368     
         497   217.40901573401149       -5.9908156088045343     
         498   217.40904478282292       -5.9720320194863934     
         499   217.40904178815774       -5.9728278438277673     
         500   217.40896134259319       -5.9741936621812606     
         501   217.40895761044644       -5.9710651360551559     
         502   217.40897972514432       -5.9517254631065031     
         503   217.40885974788986       -5.9760634566560213     
         504   217.40878313477589       -5.9986490305123610     
         505   217.40880333554756       -5.9794441584169071     
         506   217.40877685065919       -5.9843445299036837     
         507   217.40876472770626       -5.9883462839373971     
         508   217.40848087320040       -6.0663306059390667     
         509   217.40865636309985       -5.9714677063139607     
         510   217.40863437655980       -5.9694000117098645     
         511   217.40856292480441       -5.9741092912059210     
         512   217.40853384475201       -5.9732014028807718     
         513   217.40848741305442       -5.9699126573334080     
         514   217.40845877259659       -5.9770721678825636     
         515   217.40850681615285       -5.9561049161538362     
         516   217.40842239572763       -5.9852563291130156     
         517   217.40842631697248       -5.9727748243624692     
         518   217.40838284412496       -5.9826271808676612     
         519   217.40843204378035       -5.9506109723986080     
         520   217.40840716292831       -5.9555841028725576     
         521   217.40833771972825       -5.9800322079478789     
         522   217.40831311515959       -5.9744155210448922     
         523   217.40835002590660       -5.9596225911478831     
         524   217.40826044045835       -5.9773968175765075     
         525   217.40827609206397       -5.9657356873987988     
         526   217.40821422931000       -5.9846354998749742     
         527   217.40822918562046       -5.9701841003949605     
         528   217.40817635435633       -5.9831976951553747     
         529   217.40818572743544       -5.9758694437867153     
         530   217.40817302337700       -5.9782635907287087     
         531   217.40814046033017       -5.9813513407469863     
         532   217.40811529006012       -5.9820602018013087     
         533   217.40812132782727       -5.9795601975861032     
         534   217.40813295524032       -5.9665807983410186     
         535   217.40811344918970       -5.9737176088040425     
         536   217.40812986260718       -5.9674572862229294     
         537   217.40812193125026       -5.9690610676381226     
         538   217.40809776965736       -5.9778347587408440     
         539   217.40810966363762       -5.9716291306365052     
         540   217.40812325898676       -5.9641441404041613     
         541   217.40808960195849       -5.9767279500939585     
         542   217.40803413895927       -5.9653175223172656     
         543   217.40787355715503       -5.9838039194228694     
         544   217.40787516353154       -5.9705931964953969     
         545   217.40782542035100       -5.9529468156106207     
         546   217.40777327305497       -5.9682439553737785     
         547   217.40775152816565       -5.9748260272161735     
         548   217.40775058600732       -5.9677170183722934     
         549   217.40768531735057       -5.9764853552443640     
         550   217.40767074883868       -5.9807734311237031     
         551   217.40768149158436       -5.9710204742088440     
         552   217.40767285807206       -5.9722967021165188     
         553   217.40767947454827       -5.9697051078313876     
         554   217.40761870328097       -5.9830928125778966     
         555   217.40761543571830       -5.9785612523158438     
         556   217.40756154039326       -5.9670268206550201     
         557   217.40754714408439       -5.9701463796482583     
         558   217.40746082099994       -5.9823922252376862     
         559   217.40738997871551       -5.9984881638887355     
         560   217.40722645823965       -6.0497581724870466     
         561   217.40736316694785       -5.9836138299258987     
         562   217.40735119427259       -5.9844584334267221     
         563   217.40737571915577       -5.9719065650294452     
         564   217.40733978405305       -5.9759279577031359     
         565   217.40732290935944       -5.9734951823340268     
         566   217.40731997197321       -5.9729118060642898     
         567   217.40726772096323       -5.9903209221988973     
         568   217.40733504559961       -5.9615185134743056     
         569   217.40727310018619       -5.9585080348156394     
         570   217.40723991502469       -5.9632717912754023     
         571   217.40715098212902       -5.9722195509483900     
         572   217.40706988481037       -5.9913487056141914     
         573   217.40708595200167       -5.9851361807250516     
         574   217.40709128264413       -5.9715424273991129     
         575   217.40710844269259       -5.9576214836053349     
         576   217.40701244772313       -5.9745019220527675     
         577   217.40698014984446       -5.9773134763023483     
         578   217.40696065570972       -5.9814738508689169     
         579   217.40696096839162       -5.9810138325673066     
         580   217.40696997447102       -5.9752748999332317     
         581   217.40695474138414       -5.9804051569390095     
         582   217.40694387157646       -5.9823978803548421     
         583   217.40698114629620       -5.9637051174784590     
         584   217.40688146041265       -5.9833370383613316     
         585   217.40689212463622       -5.9788341469086452     
         586   217.40686096423019       -5.9682435650981285     
         587   217.40679887732594       -5.9869534136452147     
         588   217.40681379829431       -5.9798663945766535     
         589   217.40682482042959       -5.9703472969527906     
         590   217.40678756481316       -5.9764793217320999     
         591   217.40676632686643       -5.9784577621673716     
         592   217.40677259183002       -5.9681156308054595     
         593   217.40676552085364       -5.9672727610506229     
         594   217.40674678887390       -5.9690221374686603     
         595   217.40666103865340       -5.9840539065270688     
         596   217.40669772367696       -5.9649514713055662     
         597   217.40669175099615       -5.9628907384955960     
         598   217.40666439590382       -5.9730328154786374     
         599   217.40665622525424       -5.9707793248974959     
         600   217.40658016478824       -5.9804918710079233     
         601   217.40658553947472       -5.9718439089794648     
         602   217.40651068574084       -5.9939844975748002     
         603   217.40647073016132       -5.9821867212628153     
         604   217.40644622918160       -5.9754332740919569     
         605   217.40644713532981       -5.9662780324035731     
         606   217.40637699986385       -5.9869262381030275     
         607   217.40643298587347       -5.9593382154139380     
         608   217.40635720229034       -5.9825896053794327     
         609   217.40639424866978       -5.9678509409289413     
         610   217.40638114165108       -5.9670054901481331     
         611   217.40632208182149       -5.9776148531867452     
         612   217.40612409047944       -6.0519736038102696     
         613   217.40636314543471       -5.9569424986530821     
         614   217.40628439385625       -5.9742431294128595     
         615   217.40625268408883       -5.9799247188015228     
         616   217.40614142647735       -6.0098164090202788     
         617   217.40619373264502       -5.9768848375366082     
         618   217.40617741338849       -5.9724640895871230     
         619   217.40617644286712       -5.9687234659278801     
         620   217.40615106464563       -5.9729403126970828     
         621   217.40613011355862       -5.9787929509674571     
         622   217.40613211671845       -5.9691366879989021     
         623   217.40607836660374       -5.9827739730020086     
         624   217.40604408913723       -5.9923953939225729     
         625   217.40607833108709       -5.9762639273142151     
         626   217.40607586749778       -5.9757113028500033     
         627   217.40608840676896       -5.9708790768170159     
         628   217.40615703744422       -5.9339378659602362     
         629   217.40601360166016       -5.9818923870851322     
         630   217.40605762717809       -5.9609160994135237     
         631   217.40601561865125       -5.9651549579777949     
         632   217.40597668121862       -5.9783602218362271     
         633   217.40592832408785       -5.9736459263901924     
         634   217.40588270774396       -5.9861956192851125     
         635   217.40587713896690       -5.9844900750358123     
         636   217.40590062009957       -5.9750123447712635     
         637   217.40585922793196       -5.9865224368670260     
         638   217.40578169933067       -5.9884724129724241     
         639   217.40580208423066       -5.9807200383365142     
         640   217.40574621243752       -5.9796969796139781     
         641   217.40569575587779       -5.9839956421585372     
         642   217.40571063979181       -5.9702303406452879     
         643   217.40566909525725       -5.9815380995130871     
         644   217.40565775488179       -5.9761252318373472     
         645   217.40564565333833       -5.9787941285316411     
         646   217.40559702587399       -5.9926972609282583     
         647   217.40562869010583       -5.9769923967992060     
         648   217.40562887263650       -5.9607826233289591     
         649   217.40558102504073       -5.9721881844092612     
         650   217.40560022909742       -5.9642471895799885     
         651   217.40559105364107       -5.9649612170371702     
         652   217.40554989601034       -5.9731172931496745     
         653   217.40551436996037       -5.9779071151149665     
         654   217.40550591285594       -5.9792439536071686     
         655   217.40544369519546       -6.0023082062887960     
         656   217.40543722434188       -5.9982708615583968     
         657   217.40520032037708       -6.0835698513142997     
         658   217.40547852601034       -5.9699460168535223     
         659   217.40547449516569       -5.9624882651308031     
         660   217.40538990461582       -5.9828289245595787     
         661   217.40533909534949       -5.9919185231512273     
         662   217.40537445330884       -5.9754555980839594     
         663   217.40536064103438       -5.9801721696555363     
         664   217.40538975757030       -5.9668757345591397     
         665   217.40530824400392       -5.9872354570809545     
         666   217.40531766134148       -5.9750757325708159     
         667   217.40530817104303       -5.9775218081690138     
         668   217.40527452042591       -5.9836386856382209     
         669   217.40530972620502       -5.9664324108524163     
         670   217.40527855909556       -5.9571643234729450     
         671   217.40519546860307       -5.9723184347637002     
         672   217.40517031120885       -5.9783152385345790     
         673   217.40518277519817       -5.9726718040877627     
         674   217.40516996401152       -5.9735350036640575     
         675   217.40517070894305       -5.9688484785900506     
         676   217.40512421586450       -5.9853266314765534     
         677   217.40510564189378       -5.9845170427264511     
         678   217.40507777997317       -5.9901348027887877     
         679   217.40511117827876       -5.9704815291866140     
         680   217.40495221418163       -6.0080468446429309     
         681   217.40501717463587       -5.9806969451330705     
         682   217.40500871675687       -5.9796143034656000     
         683   217.40496447946657       -5.9952374745386487     
         684   217.40497547194659       -5.9903632396367925     
         685   217.40501356299495       -5.9747372760353885     
         686   217.40499232332462       -5.9743825782609674     
         687   217.40495360705913       -5.9830439291894395     
         688   217.40494448973942       -5.9820038548151597     
         689   217.40490627913334       -5.9843378690417275     
         690   217.40483092625669       -5.9874593742858071     
         691   217.40480630645160       -5.9716562960216990     
         692   217.40478052858080       -5.9761959058259562     
         693   217.40471531116083       -5.9739204156359511     
         694   217.40473895572507       -5.9645589012274440     
         695   217.40470997747835       -5.9753421566696705     
         696   217.40472415889977       -5.9688393940853777     
         697   217.40465672685249       -5.9921673511294768     
         698   217.40473585390473       -5.9570949099048702     
         699   217.40467044000428       -5.9767820781979699     
         700   217.40463049130292       -5.9724030425442054     
         701   217.40457916239620       -5.9829559454248695     
         702   217.40456121621600       -5.9789844200329032     
         703   217.40456645791627       -5.9768379281551089     
         704   217.40452354885304       -5.9846731323822313     
         705   217.40449406606007       -5.9878988260671555     
         706   217.40452304736004       -5.9707651661887127     
         707   217.40449120088937       -5.9800882292897937     
         708   217.40450659612236       -5.9728745307593494     
         709   217.40447556657608       -5.9819352109142585     
         710   217.40452803476663       -5.9543175365717032     
         711   217.40446879439077       -5.9736996657490229     
         712   217.40442146048903       -5.9843072876302621     
         713   217.40443790619886       -5.9759322082167721     
         714   217.40441944495919       -5.9797362898014734     
         715   217.40439620507343       -5.9813622025851645     
         716   217.40444653434088       -5.9607346535528158     
         717   217.40442128380289       -5.9655390979685725     
         718   217.40437327827010       -5.9824925456693423     
         719   217.40432139370591       -5.9918994379451460     
         720   217.40434365372795       -5.9784911202216646     
         721   217.40426859012584       -6.0061790285768684     
         722   217.40433476328084       -5.9804970008805318     
         723   217.40415025697442       -5.9954480455121431     
         724   217.40415133424452       -5.9856847045408434     
         725   217.40414543448080       -5.9740731943270342     
         726   217.40403946466429       -5.9827531745685167     
         727   217.40405898196929       -5.9692005758615556     
         728   217.40417078318146       -5.9242071401965859     
         729   217.40403101055927       -5.9710073056265731     
         730   217.40397781594947       -5.9757880527973617     
         731   217.40397611710608       -5.9745237159043816     
         732   217.40393864195724       -5.9809796261793622     
         733   217.40395223732259       -5.9658168412702439     
         734   217.40392989118482       -5.9733293335849549     
         735   217.40388104425020       -5.9843341433456736     
         736   217.40386291231724       -5.9715089612964007     
         737   217.40386869155324       -5.9653431987957726     
         738   217.40382258130631       -5.9773904105401892     
         739   217.40380685609938       -5.9569677858256735     
         740   217.40371687445648       -5.9876629481332024     
         741   217.40372999749985       -5.9745351524961352     
         742   217.40370902968087       -5.9781014650314965     
         743   217.40367467198882       -5.9899325529323448     
         744   217.40368068982096       -5.9853767291604028     
         745   217.40373656749722       -5.9629993304744788     
         746   217.40368322355485       -5.9708365036643372     
         747   217.40367460468261       -5.9740094471796104     
         748   217.40370715000620       -5.9581213071552321     
         749   217.40357122148166       -6.0051039923063918     
         750   217.40363589447819       -5.9552937400182770     
         751   217.40354953310859       -5.9681544913026165     
         752   217.40349250871429       -5.9894798022599698     
         753   217.40353323387950       -5.9727458301576126     
         754   217.40347454784629       -5.9839520399809514     
         755   217.40350270966752       -5.9689627765687447     
         756   217.40347416572371       -5.9791079648259728     
         757   217.40341506534645       -5.9994806847955404     
         758   217.40342964225258       -5.9815826839232775     
         759   217.40348338952751       -5.9607314321123477     
         760   217.40324511848462       -6.0077348754688371     
         761   217.40335472426850       -5.9641047985209354     
         762   217.40337140045526       -5.9574248918765189     
         763   217.40330039903827       -5.9824202582660044     
         764   217.40332915265421       -5.9695328330573458     
         765   217.40327231458801       -5.9873973990880049     
         766   217.40326314732891       -5.9900122629940755     
         767   217.40331531318441       -5.9648608524436284     
         768   217.40328347702385       -5.9765423298697886     
         769   217.40322141700383       -5.9997647966215846     
         770   217.40324139618895       -5.9618976884259389     
         771   217.40316972869147       -5.9751693772521897     
         772   217.40314083209088       -5.9777888697735362     
         773   217.40311213454297       -5.9709060570769763     
         774   217.40308146524180       -5.9736063171205487     
         775   217.40304943502412       -5.9748688840230360     
         776   217.40303753209588       -5.9731473886048692     
         777   217.40305566560377       -5.9609318598767089     
         778   217.40298556787727       -5.9799123121116100     
         779   217.40297209162418       -5.9807722796406217     
         780   217.40299936344152       -5.9702643180056993     
         781   217.40297061952495       -5.9743487961273809     
         782   217.40288683336675       -5.9970547874846822     
         783   217.40288000627189       -5.9978150560949359     
         784   217.40287740506383       -5.9847155182723464     
         785   217.40286624433250       -5.9793742774245233     
         786   217.40286522983700       -5.9674928341130924     
         787   217.40286311202044       -5.9670225473294227     
         788   217.40284856132484       -5.9724743463465124     
         789   217.40282939498834       -5.9795858611686157     
         790   217.40277777358838       -5.9827052041167805     
         791   217.40280675507046       -5.9701183683305485     
         792   217.40276784102250       -5.9839615920772200     
         793   217.40277300156797       -5.9786741061278477     
         794   217.40273900669004       -5.9869386182539834     
         795   217.40275459766795       -5.9772907381864364     
         796   217.40261333400292       -6.0219449555871982     
         797   217.40263723412241       -5.9833676000863223     
         798   217.40267984254109       -5.9655092424810565     
         799   217.40262438355825       -5.9808636381513827     
         800   217.40262223510308       -5.9750788944679281     
         801   217.40257849941364       -5.9768317620786453     
         802   217.40253609739537       -5.9811672162460789     
         803   217.40256175525982       -5.9703839442986251     
         804   217.40244853960294       -5.9962897820115835     
         805   217.40251889286648       -5.9682568100031999     
         806   217.40249715168045       -5.9716425139999298     
         807   217.40242666800984       -5.9733862806672366     
         808   217.40229219677983       -6.0054888029040843     
         809   217.40234252999323       -5.9798183169543631     
         810   217.40235028783431       -5.9696615900844119     
         811   217.40228845007189       -5.9639167820861898     
         812   217.40222966823322       -5.9729106449581009     
         813   217.40218352879512       -5.9820812473828031     
         814   217.40218215707563       -5.9787499530634935     
         815   217.40213855549854       -5.9951604790516324     
         816   217.40218393331568       -5.9756290180626506     
         817   217.40215287308473       -5.9823650397404551     
         818   217.40211077137241       -5.9747507531599187     
         819   217.40208660367725       -5.9808256530954225     
         820   217.40206393101508       -5.9835504508192416     
         821   217.40204119302535       -5.9806302207796893     
         822   217.40202629544103       -5.9844763105250927     
         823   217.40199418009794       -5.9882666434293368     
         824   217.40196344946958       -5.9868452473199758     
         825   217.40199527869507       -5.9720510715264199     
         826   217.40193532099406       -5.9686366120646106     
         827   217.40191399782685       -5.9752884278104634     
         828   217.40186557890735       -5.9905524963305261     
         829   217.40179804719807       -5.9941417269869444     
         830   217.40186238187965       -5.9635327306651167     
         831   217.40185997775490       -5.9638052481107753     
         832   217.40180462308598       -5.9778840712433317     
         833   217.40172368777337       -6.0052884085199194     
         834   217.40179421394831       -5.9614057478680857     
         835   217.40173788134234       -5.9811344917821998     
         836   217.40161003798968       -6.0224232589439906     
         837   217.40178782857043       -5.9484335405400826     
         838   217.40165618232760       -5.9841055717944762     
         839   217.40187302218189       -5.8974853027905807     
         840   217.40169783695035       -5.9558447857376491     
         841   217.40161574008161       -5.9854605833247403     
         842   217.40162227136315       -5.9733631264726137     
         843   217.40159394104853       -5.9749256331167606     
         844   217.40158661804540       -5.9717723641916187     
         845   217.40154773124996       -5.9761303302515030     
         846   217.40147773530995       -5.9784520055179611     
         847   217.40138392538040       -6.0091789043180803     
         848   217.40140524690304       -5.9730090949272396     
         849   217.40139106268512       -5.9691075474026993     
         850   217.40135106987765       -5.9812299800875559     
         851   217.40135790589670       -5.9778063492449878     
         852   217.40132559444797       -5.9834428106499722     
         853   217.40132914525196       -5.9721778379557602     
         854   217.40123317455527       -5.9891510854086558     
         855   217.40129185023054       -5.9668546918444294     
         856   217.40123808737502       -5.9789355152118580     
         857   217.40128976889440       -5.9444109429075258     
         858   217.40119260130038       -5.9807124503413851     
         859   217.40116818587407       -5.9824428649252237     
         860   217.40113137504073       -5.9883004826055064     
         861   217.40112191657485       -5.9758999224675424     
         862   217.40115009182310       -5.9639251967960849     
         863   217.40110730739369       -5.9751598701253483     
         864   217.40107498323206       -5.9850225063753690     
         865   217.40106325814253       -5.9838703300888794     
         866   217.40105831348453       -5.9773726396721152     
         867   217.40104592578956       -5.9819556323930057     
         868   217.40103704139008       -5.9793097346823947     
         869   217.40094940378296       -5.9940654164552916     
         870   217.40091484087941       -5.9807437325993655     
         871   217.40090893445188       -5.9800167345167186     
         872   217.40091044652772       -5.9787250020987139     
         873   217.40091349274172       -5.9713288868844270     
         874   217.40090839033869       -5.9630356402178561     
         875   217.40079498799128       -5.9776637851333536     
         876   217.40078952590483       -5.9722076986087220     
         877   217.40078642148646       -5.9709708780134685     
         878   217.40070782658367       -5.9969639393369674     
         879   217.40073222772017       -5.9868795743232850     
         880   217.40075533509167       -5.9695150514163462     
         881   217.40068690346399       -5.9812501244663157     
         882   217.40066428249861       -5.9871998032489726     
         883   217.40062955927169       -5.9853828693239128     
         884   217.40060216965040       -5.9739628242617471     
         885   217.40054599225621       -5.9774909268824326     
         886   217.40054808330547       -5.9753937884968300     
         887   217.40047164107426       -5.9732174189534621     
         888   217.40047820104178       -5.9654267942117452     
         889   217.40045013301966       -5.9662967498381541     
         890   217.40034985797067       -5.9766067376174865     
         891   217.40035065186902       -5.9748699035264048     
         892   217.40032716987858       -5.9722387880931000     
         893   217.40032283866586       -5.9597730768497827     
         894   217.40023945340889       -5.9842762914890306     
         895   217.40023559065128       -5.9840418642170423     
         896   217.40032099992649       -5.9467494054380605     
         897   217.40021485218506       -5.9787694543405925     
         898   217.40016272463203       -5.9982878730833704     
         899   217.40021687740486       -5.9715503722980623     
         900   217.40019020005531       -5.9744670121581320     
         901   217.40010618838414       -5.9794504381662854     
         902   217.40010102814909       -5.9802974004682596     
         903   217.40005908486322       -5.9823866376260426     
         904   217.40003823522085       -5.9883824403566610     
         905   217.40006134217018       -5.9738547524809791     
         906   217.40000251262848       -5.9817963131366110     
         907   217.39996946607215       -5.9709104745502470     
         908   217.39989835499878       -5.9971500098612411     
         909   217.39976111799476       -5.9654705174404903     
         910   217.39971198060172       -5.9824199496331234     
         911   217.39968024644452       -5.9790972582889301     
         912   217.39965841930510       -5.9815402857395785     
         913   217.39966809649979       -5.9751962741453291     
         914   217.39956745974968       -6.0071121600349944     
         915   217.39954146133695       -6.0123873302256126     
         916   217.39963514273526       -5.9734766083242761     
         917   217.39957369071456       -5.9895725607554953     
         918   217.39958229825746       -5.9779358160150764     
         919   217.39957934252757       -5.9783744469029854     
         920   217.39959793617214       -5.9701039878008135     
         921   217.39953827838681       -5.9695435139905015     
         922   217.39948937972184       -5.9785519985642832     
         923   217.39949340672601       -5.9710872518483704     
         924   217.39949897377284       -5.9673425260640629     
         925   217.39943083945593       -5.9903464859211466     
         926   217.39943990863819       -5.9717446689230860     
         927   217.39936979938639       -5.9730502388933830     
         928   217.39930800359394       -5.9849731794038750     
         929   217.39925736269572       -5.9766246446652573     
         930   217.39925127094475       -5.9754173418429213     
         931   217.39921601662357       -5.9856138724684946     
         932   217.39917792124871       -5.9919472274539505     
         933   217.39923178313782       -5.9666449664940808     
         934   217.39920064226069       -5.9747880353386593     
         935   217.39918869990487       -5.9737604310318959     
         936   217.39914440272744       -5.9850395529161249     
         937   217.39917738918481       -5.9717329899020246     
         938   217.39909232831567       -5.9814070678028406     
         939   217.39907302309047       -5.9827296216974819     
         940   217.39905663265256       -5.9871711044250091     
         941   217.39916488835325       -5.9414757329763610     
         942   217.39908099625941       -5.9643751311809350     
         943   217.39895080852554       -5.9707152381169095     
         944   217.39892624374318       -5.9761234394328611     
         945   217.39908321483574       -5.9008275852052741     
         946   217.39882138268212       -5.9894146371283004     
         947   217.39884430003113       -5.9790576341473587     
         948   217.39879626658643       -5.9774925678294490     
         949   217.39885440608683       -5.9534943176346982     
         950   217.39874512670065       -5.9768396427480033     
         951   217.39871240951425       -5.9819907869640572     
         952   217.39874862226640       -5.9649411643159231     
         953   217.39865374487198       -5.9974490249664214     
         954   217.39867347515971       -5.9692803112463650     
         955   217.39862944473239       -5.9541037740093010     
         956   217.39855016501809       -5.9835695127382795     
         957   217.39847253985619       -5.9938521537604199     
         958   217.39850816048471       -5.9731121484872061     
         959   217.39846474240528       -5.9787854687372333     
         960   217.39843905102606       -5.9879915588917969     
         961   217.39844527086078       -5.9715297735527511     
         962   217.39838808172468       -5.9890907302431513     
         963   217.39842500974532       -5.9735924368840037     
         964   217.39842268410254       -5.9704177957393636     
         965   217.39838381918781       -5.9804494317412233     
         966   217.39836752127957       -5.9640751542636758     
         967   217.39827635878405       -5.9909212768145288     
         968   217.39816796340321       -5.9915817652304391     
         969   217.39823165898994       -5.9661364839226616     
         970   217.39819505989686       -5.9764102199097406     
         971   217.39814712664455       -5.9798658221078096     
         972   217.39812727588287       -5.9784858975105655     
         973   217.39818478503912       -5.9536400086841939     
         974   217.39805099497170       -5.9778522938664302     
         975   217.39798275470571       -5.9724701139438476     
         976   217.39779175314243       -6.0394327575209132     
         977   217.39810411269929       -5.9137376550347165     
         978   217.39790915789496       -5.9747880926661434     
         979   217.39782724236858       -6.0018964085232787     
         980   217.39781096961030       -5.9812184285017711     
         981   217.39772923323824       -5.9883669729452516     
         982   217.39776198470980       -5.9759230950096116     
         983   217.39767675019394       -5.9728458037555230     
         984   217.39771284196073       -5.9587596901769251     
         985   217.39761881921288       -5.9799323653834406     
         986   217.39759526113014       -5.9879912289178643     
         987   217.39746915644145       -6.0320049652941403     
         988   217.39756014428968       -5.9917622811112494     
         989   217.39761112805863       -5.9655906552941120     
         990   217.39752879481458       -5.9853527537789297     
         991   217.39753359333932       -5.9814393402545356     
         992   217.39751470429590       -5.9778468407685370     
         993   217.39748877843894       -5.9826661009019970     
         994   217.39751377202322       -5.9719592612353996     
         995   217.39749908507699       -5.9696509352942249     
         996   217.39741280514650       -5.9859639731514269     
         997   217.39736240308054       -6.0019262643465119     
         998   217.39739171848254       -5.9842061176558303     
         999   217.39734701034399       -5.9733854385588563     
        1000   217.39724547514584       -6.0115683748104392     
        1001   217.39735034707755       -5.9709066975534260     
        1002   217.39751990443577       -5.8843434811888278     
        1003   217.39728846775046       -5.9684418172428986     
        1004   217.39721367441746       -5.9863307301579489     
        1005   217.39715714523115       -5.9891392081011414     
        1006   217.39715833095815       -5.9803537477017983     
        1007   217.39701011390636       -5.9979252391096392     
        1008   217.39707364350934       -5.9526045423223826     
        1009   217.39701568907310       -5.9726275312444956     
        1010   217.39690496539475       -6.0053679723102995     
        1011   217.39698636644513       -5.9716895575376485     
        1012   217.39693902682174       -5.9807694620600911     
        1013   217.39689452037075       -5.9895033197567447     
        1014   217.39684141044168       -5.9791512243277714     
        1015   217.39673435632147       -5.9828029701151708     
        1016   217.39675577094087       -5.9742438443550343     
        1017   217.39670722565199       -5.9796943210557574     
        1018   217.39665349871413       -5.9906283533216698     
        1019   217.39670929459618       -5.9573184334956215     
        1020   217.39661653245886       -5.9747545031425986     
        1021   217.39657022589219       -5.9812131687963248     
        1022   217.39656772429595       -5.9668275648080797     
        1023   217.39654432214689       -5.9726790872890296     
        1024   217.39652860443758       -5.9783350994352427     
        1025   217.39651215960967       -5.9835447858213682     
        1026   217.39644607587823       -5.9928928148153746     
        1027   217.39632001444832       -6.0325592713685321     
        1028   217.39641670068173       -5.9754323257077564     
        1029   217.39665541500437       -5.8760106696907464     
        1030   217.39635349704406       -5.9763699162319064     
        1031   217.39630985268454       -5.9768990079398661     
        1032   217.39623105326086       -5.9920726205021131     
        1033   217.39626244660852       -5.9663862607878890     
        1034   217.39591946963665       -6.0834231939851087     
        1035   217.39614238115993       -5.9896573584446759     
        1036   217.39615244825853       -5.9857923095964276     
        1037   217.39614978321228       -5.9725255334643181     
        1038   217.39613415894161       -5.9560055304399215     
        1039   217.39606049258916       -5.9797305451348564     
        1040   217.39606285295031       -5.9773691317599909     
        1041   217.39603253126268       -5.9752092766549101     
        1042   217.39596121327486       -5.9835723785584056     
        1043   217.39595697772751       -5.9725824644862833     
        1044   217.39588601839125       -5.9739063036780102     
        1045   217.39584673092776       -5.9828616723482844     
        1046   217.39583618371583       -5.9703655252498145     
        1047   217.39582945822244       -5.9508448291904701     
        1048   217.39554276907077       -6.0509590734905778     
        1049   217.39574727877613       -5.9685893237483869     
        1050   217.39563662452429       -5.9917684147221406     
        1051   217.39567609829794       -5.9601088194857104     
        1052   217.39554634089825       -5.9715319730703049     
        1053   217.39550445199040       -5.9748116716327511     
        1054   217.39547303147123       -5.9802604025443866     
        1055   217.39546563426907       -5.9787916082082715     
        1056   217.39538263009587       -5.9997412682233184     
        1057   217.39543553374051       -5.9616566691518056     
        1058   217.39539284265484       -5.9689402554661690     
        1059   217.39541683336788       -5.9350229251498856     
        1060   217.39515048017080       -5.9909702840046890     
        1061   217.39512380621980       -5.9931203993681548     
        1062   217.39516887284219       -5.9557980718983776     
        1063   217.39506332487917       -5.9814669575529980     
        1064   217.39513041005668       -5.9437841569120833     
        1065   217.39491553100063       -5.9849779707246009     
        1066   217.39493699608369       -5.9696033008864360     
        1067   217.39475118610085       -5.9726653234550184     
        1068   217.39467439538259       -5.9953121728340175     
        1069   217.39462385291679       -5.9912437318404690     
        1070   217.39448310124698       -5.9958457329518122     
        1071   217.39452727914127       -5.9777961865302691     
        1072   217.39449199386422       -5.9799804820276989     
        1073   217.39444269423581       -5.9755749044917117     
        1074   217.39441328381238       -5.9720644867036672     
        1075   217.39431389932031       -5.9794775954773138     
        1076   217.39432783517714       -5.9734880017154319     
        1077   217.39423974990410       -5.9842237361699073     
        1078   217.39392984568047       -5.9774866252308945     
        1079   217.39391606873687       -5.9817322428367268     
        1080   217.39397073683017       -5.9583218110221168     
        1081   217.39391460146589       -5.9645479286693019     
        1082   217.39389414018578       -5.9657098041289487     
        1083   217.39367123021199       -5.9858832803793121     
        1084   217.39366507089062       -5.9743704873450891     
        1085   217.39363555861323       -5.9753984272887912     
        1086   217.39357501042241       -5.9932791321622556     
        1087   217.39360796295566       -5.9799131835605879     
        1088   217.39355643421860       -5.9902046040568928     
        1089   217.39360146732736       -5.9731483158112093     
        1090   217.39366261065314       -5.9434459965828745     
        1091   217.39356326057037       -5.9667643844946472     
        1092   217.39332699059742       -6.0053842449989459     
        1093   217.39327702641532       -5.9716990985281093     
        1094   217.39313969206975       -5.9936707176058919     
        1095   217.39319113232602       -5.9726989058670164     
        1096   217.39314834167979       -5.9742963503713273     
        1097   217.39308831029402       -5.9735808984512211     
        1098   217.39306424397745       -5.9600510089044230     
        1099   217.39297088177634       -5.9828771855722129     
        1100   217.39295192327995       -5.9720522285552171     
        1101   217.39295509940189       -5.9654423652839430     
        1102   217.39288045078945       -5.9701258949207352     
        1103   217.39285353816516       -5.9750897716256164     
        1104   217.39263293410943       -5.9853978521601405     
        1105   217.39279911785766       -5.9018881157121541     
        1106   217.39238053889733       -6.0103902340412310     
        1107   217.39246873688356       -5.9610872158247954     
        1108   217.39231438439930       -5.9940428930802661     
        1109   217.39235655053227       -5.9735353238820972     
        1110   217.39223528230391       -5.9888418518827917     
        1111   217.39200404212238       -5.9931022205774047     
        1112   217.39191639079445       -5.9720936856640030     
        1113   217.39184544062351       -5.9815557871791567     
        1114   217.39179956087776       -5.9746986557966277     
        1115   217.39171317645952       -5.9656413145321583     
        1116   217.39160222954740       -5.9880313644538958     
        1117   217.39154372597341       -5.9968952139225440     
        1118   217.39156675784741       -5.9794122526592437     
        1119   217.39150746117505       -5.9842967111366523     
        1120   217.39146042454712       -5.9935666878236731     
        1121   217.39142590378776       -5.9725568585652384     
        1122   217.39135824358104       -5.9783868591446625     
        1123   217.39120834924074       -5.9815442418185381     
        1124   217.39120890475814       -5.9689596631398132     
        1125   217.39118091125297       -5.9762582252823995     
        1126   217.39118023048053       -5.9706399339420164     
        1127   217.39110844018694       -5.9803658598721841     
        1128   217.39104435662770       -5.9739953379592698     
        1129   217.39104664409211       -5.9681057617135966     
        1130   217.39089267197139       -5.9930021750942828     
        1131   217.39089428836343       -5.9890027437548374     
        1132   217.39088075030222       -5.9780475585000961     
        1133   217.39074658899750       -5.9707835126801667     
        1134   217.39067668413776       -5.9788793365986459     
        1135   217.39069528462858       -5.9655429882341151     
        1136   217.39062574641957       -5.9562263234764581     
        1137   217.39068013940931       -5.9174556632797009     
        1138   217.39056565547679       -5.9537334787364458     
        1139   217.39046811724015       -5.9583388409345748     
        1140   217.39028766751645       -5.9759056744233447     
        1141   217.39025408304403       -5.9851640009070968     
        1142   217.39019418581037       -5.9696416940622052     
        1143   217.39017214094642       -5.9662403725404038     
        1144   217.39008775457179       -5.9774857368190952     
        1145   217.39007642840397       -5.9741821514571747     
        1146   217.39006655811107       -5.9738079967695876     
        1147   217.38995279124569       -5.9800419577584289     
        1148   217.38989551572035       -5.9675632805184948     
        1149   217.38973846769372       -5.9647600923988708     
        1150   217.38977374415205       -5.9433102655035519     
        1151   217.38958056705633       -6.0005769853475828     
        1152   217.38960041284233       -5.9824270936371766     
        1153   217.38958445044639       -5.9834521758332144     
        1154   217.38948268589050       -6.0024964893825548     
        1155   217.38943582600797       -6.0066134454562699     
        1156   217.38922138377819       -6.0538868669648638     
        1157   217.38949795107143       -5.9476401366385225     
        1158   217.38958717988913       -5.8834161493353951     
        1159   217.38918865265694       -5.9986783494388147     
        1160   217.38892118431809       -6.0896813044522293     
        1161   217.38916374485038       -5.9774144118487724     
        1162   217.38920207654542       -5.9523556699066553     
        1163   217.38903340638302       -5.9955369048118552     
        1164   217.38892520879222       -5.9840991346479733     
        1165   217.38875861341285       -6.0351169165790193     
        1166   217.38875459359565       -5.9951610777940720     
        1167   217.38870208308046       -6.0112749908288095     
        1168   217.38872801069769       -5.9896917853052232     
        1169   217.38873113061007       -5.9782656945183152     
        1170   217.38875833066140       -5.9659595115102713     
        1171   217.38877454102615       -5.9531149402688710     
        1172   217.38862722694745       -5.9940352083686008     
        1173   217.38866100924625       -5.9770509700774186     
        1174   217.38832414585053       -5.9878277676023366     
        1175   217.38837796433549       -5.9626013837843388     
        1176   217.38829516999385       -5.9667581191753278     
        1177   217.38820785735919       -5.9805492820212054     
        1178   217.38815042494466       -5.9850579398712593     
        1179   217.38743742273056       -6.0157033764657744     
        1180   217.38743976047931       -5.9576319202063832     
        1181   217.38736681935259       -5.9825794810024711     
        1182   217.38712312720750       -5.9980385124690914     
        1183   217.38710408274881       -5.9835661858372271     
        1184   217.38700441732300       -5.9899997318050726     
        1185   217.38691945507571       -5.9960020522338331     
        1186   217.38693016670078       -5.9679087400086406     
        1187   217.38672814272493       -5.9699834679927148     
        1188   217.38679311700525       -5.9377799104261619     
        1189   217.38660100409808       -5.9927776864742173     
        1190   217.38661743309495       -5.9524795138783455     
        1191   217.38652467373305       -5.9806260564815181     
        1192   217.38632532784945       -5.9958306313974585     
        1193   217.38608407191563       -6.0182306582034144     
        1194   217.38609141359458       -6.0001470366574203     
        1195   217.38593498435469       -5.9949431993306161     
        1196   217.38599061094811       -5.9728490089184492     
        1197   217.38588333906620       -5.9791472837504758     
        1198   217.38556898679224       -5.9708903468153771     
        1199   217.38556712149912       -5.9673677548825061     
        1200   217.38526463245879       -5.9878648753991852     
        1201   217.38523057244069       -5.9574547988245765     
        1202   217.38493155347268       -5.9687165778147637     
        1203   217.38476498588633       -5.9476726094511774     
        1204   217.38459393774247       -5.9835868401497265     
        1205   217.38458603584618       -5.9826535047282041     
        1206   217.38424692301228       -5.9999555975153864     
        1207   217.38416877754238       -5.9869962225725519     
        1208   217.38403123290229       -6.0305341690460263     
        1209   217.38402020833706       -5.9987848691184933     
        1210   217.38361764628863       -5.9755733102941972     
        1211   217.38350368194818       -5.9942464542397955     
        1212   217.38356931074838       -5.9631188334042715     
        1213   217.38344768131415       -5.9682464334664829     
        1214   217.38342807592682       -5.9708333043419044     
        1215   217.38302135752369       -6.0325340145359654     
        1216   217.38309620056071       -5.9327029145346870     
        1217   217.38259565111940       -6.0000568520119879     
        1218   217.38265722808009       -5.9455631872841392     
        1219   217.38256229640248       -5.9472547358074594     
        1220   217.38228391660692       -5.9154177492436233     
        1221   217.38210645670364       -5.9715084073415916     
        1222   217.38216563912363       -5.9384729049956917     
        1223   217.38199368745194       -5.9835048364544727     
        1224   217.38198810635853       -5.9678229237526894     
        1225   217.38190614298571       -5.9874866358146832     
        1226   217.38182159301005       -5.9910660222111414     
        1227   217.38181853503093       -5.9825724545114642     
        1228   217.38172745223619       -5.9657850643185455     
        1229   217.38162384076387       -5.9489506161746029     
        1230   217.38118294447773       -5.9749230108077098     
        1231   217.38106987769825       -5.9951842661172856     
        1232   217.38106013015954       -5.9809803561513162     
        1233   217.38079300897610       -5.9534787408761032     
        1234   217.38070554867190       -5.9689686356997251     
        1235   217.38066761292745       -5.9667494871393520     
        1236   217.38031239058520       -6.0348016247454472     
        1237   217.38004506421800       -5.9609227081391518     
        1238   217.37976635511944       -5.9930650282350184     
        1239   217.37971427329518       -5.9709231809119796     
        1240   217.37953254085164       -5.9728550187835410     
        1241   217.37935828186912       -5.9789638063904107     
        1242   217.37948473761818       -5.9175818183624456     
        1243   217.37917099875679       -5.9738852106670732     
        1244   217.37883472070479       -5.9940691543538271     
        1245   217.37873345971062       -5.9883702454822014     
        1246   217.37830579584386       -6.0087437734425988     
        1247   217.37813547481693       -6.0014904261681448     
        1248   217.37795976572198       -5.9688811763381731     
        1249   217.37744517427677       -6.0360839694425685     
        1250   217.37748306166296       -5.9867056277253345     
        1251   217.37736052399148       -5.9662618532327558     
        1252   217.37693604824852       -5.9253277892589393     
        1253   217.37633400040863       -6.0667805399386170     
        1254   217.37622056191597       -6.0687524616313446     
        1255   217.37565089117126       -6.0302371675554376     
        1256   217.37551715272068       -6.0410236734483416     
        1257   217.37593159137347       -5.8729063019846031     
        1258   217.37539231477624       -5.9629803975328555     
        1259   217.37523947464382       -5.9776056401222828     
        1260   217.37518096125308       -5.9927269539928183     
        1261   217.37461430872901       -5.9940856571351864     
        1262   217.37439326901469       -5.9976667499532033     
        1263   217.37450590094679       -5.9513167342772215     
        1264   217.37408217306753       -6.0444451117995159     
        1265   217.37403021058850       -6.0171598501579320     
        1266   217.37405023820330       -5.9814702373363051     
        1267   217.37303718008877       -6.0142095728690013     
        1268   217.37289085520123       -6.0382053203046873     
        1269   217.37307039953549       -5.9686922622125280     
        1270   217.37286172358156       -5.9789678305124463     
        1271   217.37270230381208       -5.9957113726576141     
        1272   217.37265759025081       -5.9772859933858831     
        1273   217.37219195777504       -5.9106195759307676     
        1274   217.37176541152951       -5.9766295969112404     
        1275   217.37112406899220       -6.0371533933465589     
        1276   217.37114883244232       -5.9725178194442448     
        1277   217.37073766372794       -6.0223568949082171     
        1278   217.37072804707068       -5.9452017021406487     
        1279   217.37079194076469       -5.8994674794491200     
        1280   217.37049413355970       -5.9833140586825584     
        1281   217.37057243841437       -5.8782843517599295     
        1282   217.36904795280373       -6.0117793919170426     
        1283   217.36906326995046       -5.9466280361931663     
        1284   217.36873194887391       -5.9400607536103891     
        1285   217.36856740591091       -5.9711718093272559     
        1286   217.36786666437959       -5.9682827810786661     
        1287   217.36743017383969       -6.0001448682217786     
        1288   217.36698715271794       -5.9979602950602873     
        1289   217.36707026355583       -5.9634180970787813     
        1290   217.36647367259130       -5.8787039115166984     
        1291   217.36586177931125       -5.9722544758238438     
        1292   217.36580755693157       -5.9619900567685997     
        1293   217.36523792744939       -5.9787913242918700     
        1294   217.36378989971647       -5.9867994022204982     
        1295   217.36357788522702       -6.0645178759803127     
        1296   217.36381099134388       -5.8700944599131422     
        1297   217.36309540616946       -5.9371696488644963     
        1298   217.36264748788670       -5.9939144121719625     
        1299   217.36216668746243       -5.9882138085018610     
        1300   217.36181831437770       -5.9720956996846830     
        1301   217.36102974080245       -5.9811886825681491     
        1302   217.35970933815938       -5.9129019889963388     
        1303   217.35766016916170       -6.0343854741647087     
        1304   217.35773783513852       -5.9302538155568003     
        1305   217.35709848863146       -6.0147536242861692     
        1306   217.35495320147044       -5.9004722436281840     
        1307   217.35405130008158       -5.9799582682689287     
        1308   217.35346120889099       -5.9705616141032873     
        1309   217.35308424395805       -5.9958028532714787     
        1310   217.35256213851957       -5.9705514834399827     
        1311   217.35196217091354       -6.0033269992118994     
        1312   217.35218117566646       -5.9081257392661382     
        1313   217.35092073902993       -5.8986257225138186     
        1314   217.35010018845531       -6.0211769245330755     
        1315   217.34998123214419       -5.8950669263072877     
        1316   217.34798329763416       -5.9225124127568165     
        1317   217.34742947930013       -6.0000950856464286     
        1318   217.34713135236390       -6.0631472546337344     
        1319   217.34730784514539       -5.9558629182018068     
        1320   217.34585367194069       -5.9482105482525363     
        1321   217.34192865320028       -6.0820131413986278     
        1322   217.34201089587430       -5.9025571447673268     
        1323   217.34061648809808       -5.9786816314827842     
        1324   217.34084490971415       -5.8810242352210187     
        1325   217.33947077974295       -6.0042649222111910     
        1326   217.33844055217850       -5.9498951412258547     
        1327   217.33807645168375       -5.9705290787653169     
        1328   217.33646756096451       -6.0554722238024743     
        1329   217.33395178604917       -5.9855546106063500     
        1330   217.33082024688309       -6.0629007093042464     
        1331   217.32885161801212       -5.9825840073885956     
        1332   217.32420467929873       -5.9032927720136250     
        1333   217.32345971910769       -5.9164305850991248     
        1334   217.31925839428862       -5.9050519640445902     
        1335   217.31809395808551       -5.9427688015736990     
        1336   217.31581465448483       -5.9384704319327541     
        1337   217.31500893166816       -5.9532528645954068     
        1338   217.31323593848705       -5.9250774068240020     
        1339   217.31190313505752       -6.0728908179684131     
        1340   217.31228562188218       -5.8824895166872535     
        1341   217.31051070097311       -6.0004268751838969     
        1342   217.30858935232996       -5.9462106629670251     
        1343   217.30807708489911       -5.9629851753476810     
        1344   217.30693269609313       -6.0458797151046948     
        1345   217.30581332257972       -6.0209602052174613     
        1346   217.30458907251801       -6.0558014234918680     
        1347   217.30410601599121       -6.0220349192731470     
        1348   217.30193149772523       -5.9311042817457542     
        1349   217.30028368812916       -5.9464830731730798     
        1350   217.29974764462821       -5.8826856493886677     
        1351   217.29820709004426       -6.0676105675082495     
        1352   217.29648091150150       -5.9427424850584316     
        1353   217.29646231100685       -5.9131993171652359     
        1354   217.29524554073171       -5.9545805606123450     
        1355   217.29409175766870       -5.9835743322906403     
