           1   53.238007351118398        79.714443764487115     
           2   52.735917932293276        79.646331754362606     
           3   52.473864227314898        79.564286900985152     
           4   53.226277436951150        79.555741490294182     
           5   52.996195817046328        79.779560115203097     
           6   53.809791904998562        79.536830092560010     
           7   52.426478814432841        79.525248631528783     
           8   53.039855929165341        79.402867344699459     
           9   53.332057330849544        79.441125024762783     
          10   52.693712207902536        79.656125091942272     
          11   52.117083561241820        79.649977893250608     
          12   53.706060021450988        79.477038786860149     
          13   52.178601941154497        79.503448409587079     
          14   52.570050526717509        79.679814292688675     
          15   52.998892587351541        79.424773180280255     
          16   54.084488608043465        79.711343543716879     
          17   52.498314565012492        79.515547211799714     
          18   52.141919012669504        79.689172917676387     
          19   53.906625159290193        79.789836934231914     
          20   52.616776007979105        79.506179449942309     
          21   53.905883774266300        79.789371382266140     
          22   53.245422954517366        79.644267467356300     
          23   52.630145046041640        79.624190847710906     
          24   53.482215915884105        79.766163652489908     
          25   53.572160983545587        79.612528704944623     
          26   52.454396309822577        79.514333844707878     
          27   52.555531955477882        79.481228941084680     
          28   52.823972501779771        79.463814767465266     
          29   54.142197204365615        79.519613151157799     
          30   52.259399966368143        79.471204367011978     
          31   53.315133834736642        79.603306083130875     
          32   53.113317022805688        79.771962884700073     
          33   53.862515325798825        79.564147786462655     
          34   52.768410295152243        79.638581124158705     
          35   52.890779599639252        79.735114793749645     
          36   52.344770911267013        79.690383557153808     
          37   53.252464567242662        79.601724769122242     
          38   53.047400857357978        79.722460089604752     
          39   53.170229609729617        79.469306854954041     
          40   52.600394302172113        79.503359998906518     
          41   53.943212056678142        79.718219494023032     
          42   53.084883035121784        79.408457361844114     
          43   52.314260508256460        79.408941993068751     
          44   52.443884115291674        79.500736300613610     
          45   53.293716701003163        79.532322663201924     
          46   52.152449776402811        79.496667400920771     
          47   54.065735327665749        79.613953189847521     
          48   54.282568440057275        79.555820123062702     
          49   52.746793988623708        79.556151853994820     
          50   53.782126411845908        79.580690270062291     
          51   53.830247182175071        79.636063299803268     
          52   52.196774824449747        79.457440019470710     
          53   52.571650689682997        79.641603953146841     
          54   52.696351077835352        79.713266066448867     
          55   53.716221586593605        79.439099245815072     
          56   52.265609621087840        79.661486428358060     
          57   54.205578411150675        79.638000293692002     
          58   53.248256810784682        79.616377993089756     
          59   53.277571794989782        79.779815187488936     
          60   54.101960253488585        79.415732252073312     
          61   52.889032013604591        79.662410804841727     
          62   52.344636715921027        79.404278245889074     
          63   53.745559775990728        79.790892954859757     
          64   53.317850665848745        79.743728241883758     
          65   54.187323440691642        79.528169146881481     
          66   54.023596386434633        79.778653077668153     
          67   54.022645900375785        79.778183770499680     
          68   54.147930180783860        79.583358604385154     
          69   52.802453546691147        79.749988141146474     
          70   54.216828070429649        79.621389406458505     
          71   52.258790887659067        79.592630924465439     
          72   52.980408499937027        79.423852226839301     
          73   53.343446292280127        79.763366452211969     
          74   52.629345029305284        79.462651746147415     
          75   53.965080731463246        79.541200557840440     
          76   53.525739304258693        79.662318884320840     
          77   52.282993401044855        79.462521676771473     
          78   52.379134848725450        79.398030985057218     
          79   53.745311561598321        79.790583287465381     
          80   53.856447730432336        79.422811837137317     
          81   52.448321555929262        79.536345691256031     
          82   53.333494829090277        79.492476389833996     
          83   52.536499616355854        79.606569350464156     
          84   52.432760796410740        79.530011962236685     
          85   53.410792845019280        79.535124303989946     
          86   53.172319362901057        79.412268475871088     
          87   52.888605547856770        79.516050672107099     
          88   54.039242649418448        79.679149201635838     
          89   52.666107640123982        79.585040430108066     
          90   52.742009548945560        79.686323244715439     
          91   53.875809934970455        79.427529531990999     
          92   53.614565564387540        79.701279046220904     
          93   53.317695944291678        79.608882151833214     
          94   52.669599815925920        79.478370062787604     
          95   53.759099607756070        79.767541420853732     
          96   53.250559876173725        79.425515254493277     
          97   54.194818067975483        79.409682944742045     
          98   53.642232762732107        79.602338168988098     
          99   52.256176968854199        79.401977018725248     
         100   53.261697490734718        79.627502958422383     
         101   52.491399345079508        79.579386911966324     
         102   53.804528205474789        79.475070724156339     
         103   53.736023153450375        79.593453282380167     
         104   53.631386717663496        79.759055502879832     
         105   53.728809328152792        79.478468125098843     
         106   53.412088447035373        79.411921155823890     
         107   53.842673200543800        79.548332297185055     
         108   52.767707326345942        79.534897535516691     
         109   53.120023341433694        79.482560431702893     
         110   52.712626715901322        79.485637059422515     
         111   52.290287214229430        79.517985995785750     
         112   54.034821051132049        79.602506203717383     
         113   53.874291604786130        79.547092616354391     
         114   52.677272477007385        79.745689523938594     
         115   53.609496291965122        79.606160744093486     
         116   53.520815337899172        79.451035919281153     
         117   52.375908088708840        79.421255872079584     
         118   52.848313796845908        79.761868058110878     
         119   52.886868305614222        79.488459443324089     
         120   54.192058995271509        79.478894464636937     
         121   53.126073171801146        79.777390441896699     
         122   53.972713653284657        79.657830319537396     
         123   54.295586123338566        79.707411748562663     
         124   53.522991678965255        79.665009282544318     
         125   53.150777427539047        79.439521804686734     
         126   53.963358984230204        79.454920112330200     
         127   53.691077761056505        79.652926468289706     
         128   54.283731267583505        79.743089735859044     
         129   53.000868050152988        79.510578823072379     
         130   53.911543972524726        79.505151947218295     
         131   54.253564191498612        79.421381038407006     
         132   53.810008412863553        79.637361121726542     
         133   52.713222416931984        79.494236451099724     
         134   52.785226124494955        79.462481682087258     
         135   54.056048300073058        79.411674644648187     
         136   52.259359733521862        79.409045995544986     
         137   54.248008536030405        79.779063271087836     
         138   54.057920983956691        79.529392413132911     
         139   54.281352140037797        79.485537853916199     
         140   54.282299461414084        79.742665883248193     
         141   53.366703346657864        79.641284595540213     
         142   52.334454264290883        79.718195475125412     
         143   53.485330798406984        79.730636966677324     
         144   52.800409735073579        79.580936930821295     
         145   52.335885889454786        79.726446000709217     
         146   53.815374497949541        79.777391610763786     
         147   52.687074898460232        79.669288351033330     
         148   53.007924838030341        79.552297049417064     
         149   52.769338319915761        79.486980599228318     
         150   53.040536957328165        79.706968825282686     
         151   52.509400581722574        79.582673370451900     
         152   53.757758115098028        79.439953531476121     
         153   52.831429989723709        79.617007419496034     
         154   53.288401781180411        79.633808663502137     
         155   52.384529077500993        79.616162782137650     
         156   54.170418704041985        79.689710844566051     
         157   52.481851425853513        79.733246038323728     
         158   53.410180484622707        79.512826466863174     
         159   54.050325840693674        79.410636902213767     
         160   52.864325472196455        79.702859268756441     
         161   52.846908993256704        79.742228142140220     
         162   54.131714493363127        79.715579163551922     
         163   53.238449519152034        79.434752983176779     
         164   53.462823649321017        79.417609309245037     
         165   53.556859443814375        79.680523358023649     
         166   52.446023123852214        79.452420056775509     
         167   52.336103544037265        79.528456349439864     
         168   54.274965049350179        79.549833614497217     
         169   53.182513233713330        79.411958677616738     
         170   53.340915108690567        79.456378820528371     
         171   52.836624531068921        79.456226635320704     
         172   53.148390396316039        79.422784781831439     
         173   54.003181461141629        79.735406832250007     
         174   52.150902425743460        79.717387681122588     
         175   52.129097995185731        79.688114335114847     
         176   52.792306731298488        79.586753137657922     
         177   53.620412790352390        79.645810533905717     
         178   52.739709999984555        79.680904709227079     
         179   52.259551725840886        79.582142408324941     
         180   52.589304011145309        79.736081069662802     
         181   53.591927802100365        79.476623720287066     
         182   52.421675702791561        79.671884089030470     
         183   53.839714327175088        79.744322270081383     
         184   52.588046176724795        79.640724661180826     
         185   53.686241540080651        79.437627985555793     
         186   52.960133459149162        79.679588565449649     
         187   54.246256473646000        79.778528780485942     
         188   53.864325292745832        79.527118140203683     
         189   53.516290144638006        79.456394298364103     
         190   54.077590528308690        79.690258737033389     
         191   53.695323737295837        79.767561556410598     
         192   52.289952833772027        79.654811058149335     
         193   53.899410366852649        79.526558336396334     
         194   53.667470215264380        79.507895676796821     
         195   53.538680842824540        79.709990980120125     
         196   54.151901931704934        79.424223305868097     
         197   52.889320877871455        79.785433853563902     
         198   53.088833649389237        79.511783973500485     
         199   54.000107859397176        79.706646752837173     
         200   52.758288138454375        79.502424621495891     
         201   52.879419207439227        79.415913197004855     
         202   52.118498792824901        79.745557708498822     
         203   54.109013723163805        79.428785766652240     
         204   52.651097053711162        79.498126436595399     
         205   53.505466393277729        79.546184939959744     
         206   53.536003839617848        79.549703879025131     
         207   53.780293128910124        79.757427244290440     
         208   52.794994628375079        79.619386767712712     
         209   52.532676544938283        79.398452346454434     
         210   54.104368989259299        79.558520445056516     
         211   52.263013234965221        79.462118236403839     
         212   53.209443698449391        79.762347780670993     
         213   52.850694744977147        79.773044983408113     
         214   52.995462811324451        79.574878151890786     
         215   53.596284365365094        79.758261614453048     
         216   52.712893229107905        79.496907357019381     
         217   52.968325933514919        79.407794732740044     
         218   52.680587989009695        79.422105986346779     
         219   52.707579606313153        79.665945356981666     
         220   53.138016113975787        79.617845458710775     
         221   52.304211640607946        79.519981114878817     
         222   53.462896830149141        79.504677579100118     
         223   52.568303284647115        79.448401556315261     
         224   53.356627677236943        79.637497950050118     
         225   54.003915557541895        79.513351012818561     
         226   52.185252106396383        79.636151296023868     
         227   53.210534802732518        79.587896807790756     
         228   54.280101490961243        79.448759583421946     
         229   53.848046583546399        79.654191425867722     
         230   54.292779567500631        79.498162000228589     
         231   53.870475756883707        79.615419829832888     
         232   53.592120356974775        79.419113196619193     
         233   52.521918074561576        79.736230770628154     
         234   53.383162652427295        79.743121843172659     
         235   53.206320070436355        79.445241637743337     
         236   53.801964197273435        79.607289157528314     
         237   52.343119455259107        79.781553021962807     
         238   52.835676294384058        79.626289896087286     
         239   52.980204576344008        79.550326455448840     
         240   53.141929591421480        79.585103555758636     
         241   52.842441051399049        79.438388745461765     
         242   52.629168950531557        79.762875826114836     
         243   52.433377913558552        79.430642904353519     
         244   52.145321337830325        79.538882941264248     
         245   54.254510186400616        79.569994891282107     
         246   52.629665415898913        79.722614587143440     
         247   52.553681707301102        79.777864579727776     
         248   53.844415590534076        79.436669363899640     
         249   52.626002598638159        79.507606350226354     
         250   53.337778193780323        79.582472003352095     
         251   53.216929778184578        79.479191854792873     
         252   53.440513525391609        79.514016908325274     
         253   53.925703491603386        79.472885595023413     
         254   53.907756282102397        79.480894722865855     
         255   53.854246034560447        79.564311248847204     
         256   53.779348591440801        79.723103747172232     
         257   53.769098987106737        79.731053901087748     
         258   53.424857472019134        79.543324914890761     
         259   53.341080761075943        79.593910539654331     
         260   52.868034171657357        79.411904495758179     
         261   53.220895885718910        79.452251268803394     
         262   52.216291874118014        79.542980349304770     
         263   53.401334239312078        79.560298458707351     
         264   52.290241185505764        79.611122253035063     
         265   52.293987202033591        79.542555568791514     
         266   53.568076308409772        79.759203312979878     
         267   52.888313537537101        79.614509823504505     
         268   53.103121625132630        79.681583084071931     
         269   52.218171946847363        79.529421017310099     
         270   52.204769922501413        79.603776915284172     
         271   52.435982888578543        79.736226672029247     
         272   53.099755394535428        79.711195419007339     
         273   53.954433435527513        79.635365399830633     
         274   53.934055167625871        79.605045922364894     
         275   53.053691993791503        79.420808209467793     
         276   54.280357880981413        79.728758652736431     
         277   52.617589864305806        79.784948136171749     
         278   53.555710018667590        79.494011324517984     
         279   52.508949423984767        79.476816188017921     
         280   53.704797270649905        79.457713164315493     
         281   53.306967271204016        79.748653122990447     
         282   53.373410889343361        79.571115381677629     
         283   54.150042208981880        79.475190057365836     
         284   53.505439783798892        79.416959314703703     
         285   53.836751576148721        79.432584995486764     
         286   52.683342676524987        79.578439022526908     
         287   54.053523829152390        79.584310111731867     
         288   52.811496808259022        79.418340460950759     
         289   54.281741966452550        79.729127016584201     
         290   53.003527889480758        79.533826596452471     
         291   52.168268508007550        79.604105231083039     
         292   52.185605011421124        79.422574809962356     
         293   54.163583420941286        79.529159889402266     
         294   52.585735534015676        79.690893165865361     
         295   53.180659163865762        79.731183154658069     
         296   52.582186485551233        79.476583351812096     
         297   54.282276581115823        79.500840026099965     
         298   54.228485405565500        79.492314972736878     
         299   52.888544231495665        79.725823461480047     
         300   53.243819150371046        79.681233301067238     
         301   53.487772183668959        79.671365570746346     
         302   53.923382691028536        79.514867557795100     
         303   52.981819734347788        79.768039046728305     
         304   52.225105161279700        79.479658206928434     
         305   52.388187455390423        79.544903912640763     
         306   53.665689076830652        79.720833354606015     
         307   52.585078377717174        79.709901057207830     
         308   52.511423690291458        79.464535152212591     
         309   54.183139530800020        79.422968789652955     
         310   53.361787575226266        79.708621132791123     
         311   53.832957447756179        79.624799238079220     
         312   53.167531405003629        79.450480954252328     
         313   53.467092023390904        79.579177793732441     
         314   52.718029276940911        79.415453187072757     
         315   52.888029980090451        79.496795867102634     
         316   54.111303470656139        79.673855406068952     
         317   54.224954059596783        79.652050597434879     
         318   53.213667540916965        79.445539172744560     
         319   54.244148047056299        79.643057185820766     
         320   52.970496060268005        79.748812299699367     
         321   53.515305962661763        79.592636881640445     
         322   53.615686962817556        79.755168720457604     
         323   52.926896159215467        79.593678935046270     
         324   52.226796475313847        79.531181900865235     
         325   52.425052368286892        79.618304980928173     
         326   53.718855529772966        79.477596044542125     
         327   53.098936227901604        79.506348122472801     
         328   53.702842043613444        79.467209444913692     
         329   52.276254458834835        79.505846439319157     
         330   54.076943265232757        79.589499167974864     
         331   53.625644065956379        79.593862765048897     
         332   52.803207998489881        79.415819148879962     
         333   54.181854845594714        79.508719410082819     
         334   52.238215629463042        79.453319802553750     
         335   52.814031358576770        79.468341767205061     
         336   54.278274739179537        79.531675008036757     
         337   53.229587357388880        79.645886931068006     
         338   53.130332720787138        79.444145464640030     
         339   53.739472016408058        79.783626537296996     
         340   52.150690683859040        79.589677130347667     
         341   52.389249075599729        79.445102030856987     
         342   54.006291264790072        79.492592972292940     
         343   53.061197249365286        79.607310953541088     
         344   52.703784350736640        79.482975555466084     
         345   52.652512386183545        79.558404804620821     
         346   53.065442663940601        79.609272549465430     
         347   52.294730834991384        79.620410229431386     
         348   53.840089998385849        79.514310261014060     
         349   54.211646362974712        79.772695501704092     
         350   54.101478311990398        79.467875458700490     
         351   52.520681059875315        79.668487473708979     
         352   53.660747397598307        79.584140598503282     
         353   53.978819202898322        79.487726983047963     
         354   53.110641602805266        79.562386320968258     
         355   52.291552053514032        79.688123211948096     
         356   52.816647277013239        79.521039735436091     
         357   53.959427489371770        79.580987178985836     
         358   54.280241489459144        79.446388879828390     
         359   53.024371445623188        79.490451647563688     
         360   53.500647391325934        79.589868622567039     
         361   52.419705481302067        79.533407887054153     
         362   53.433868402946850        79.668856098434333     
         363   53.739151756590559        79.470295920899531     
         364   53.947258715764050        79.768844634534474     
         365   52.406988140883797        79.500401370957320     
         366   54.210194875187540        79.772210676962843     
         367   54.196557557922425        79.742775146993736     
         368   52.464889318417910        79.757009682201243     
         369   52.886100640282891        79.790742345634840     
         370   53.575922127979666        79.617459332674898     
         371   53.534803778043532        79.678590392048946     
         372   52.822995049642380        79.583408114920246     
         373   53.273696259464877        79.747250347449253     
         374   53.593235634600440        79.684831467699425     
         375   52.431372973857037        79.599603168475298     
         376   53.656675170384041        79.487444596152926     
         377   53.587053121562846        79.672621638145543     
         378   53.337258218801431        79.642456529941086     
         379   52.548859683758366        79.708422767684837     
         380   52.299135578126773        79.594126206441928     
         381   52.466937389180494        79.704133362363507     
         382   54.061886652902196        79.524061280402478     
         383   53.161247247241270        79.641828890109295     
         384   52.640669550529267        79.716072509750504     
         385   52.125176336148265        79.705690483453850     
         386   52.150506759614402        79.556326629625175     
         387   52.527823875279864        79.661993198145510     
         388   53.888684836630091        79.448485119366524     
         389   53.481287171166230        79.548768631265986     
         390   52.404427594017328        79.473321524328981     
         391   54.129388642460626        79.785991773154507     
         392   52.496302671751856        79.688994594259754     
         393   52.936221698651160        79.505727660215442     
         394   54.161711095354796        79.410533284716891     
         395   53.662155169276396        79.613522330317565     
         396   52.625326205316277        79.460304611559465     
         397   52.941013421394459        79.481483875144107     
         398   52.241751913238701        79.623045559819772     
         399   52.501906506185399        79.599738332217768     
         400   54.197617224083970        79.743147556561695     
         401   53.433242145798893        79.505794973984280     
         402   52.722802274296065        79.539791328644242     
         403   53.224001143246994        79.410148028109859     
         404   52.872947434767035        79.759651520971047     
         405   52.832152222270523        79.520000892051129     
         406   54.004335217677301        79.510040189970013     
         407   52.854207893251377        79.443489332177123     
         408   53.494908143096183        79.619419259034913     
         409   52.537773957213574        79.726660840257281     
         410   53.820986851571647        79.629817235845536     
         411   53.311630904956552        79.493924210372882     
         412   53.504901937645862        79.525489283542882     
         413   53.689071886864582        79.543714178939041     
         414   53.774518363574579        79.564274798221192     
         415   54.259344537709971        79.452805159424244     
         416   53.380358290359702        79.712222576099521     
         417   52.732437662513163        79.769249370359745     
         418   54.295998952059435        79.659501722142750     
         419   52.680753534441777        79.674453688163439     
         420   53.946672862680842        79.768494166844150     
         421   52.538196446436416        79.551764766877085     
         422   53.565305587072821        79.782398323034883     
         423   53.076054398332211        79.614340478518002     
         424   53.068072204477154        79.442443696087409     
         425   54.128348457546529        79.785478904289988     
         426   52.422252946354789        79.626306590596570     
         427   52.515868170185193        79.779597855251680     
         428   52.738844765689990        79.762065820668980     
         429   52.536008498445938        79.521847374233118     
         430   54.099864893600540        79.587848062939614     
         431   53.041015379954814        79.674979207367258     
         432   53.323394106526308        79.665826329018543     
         433   52.146736551379256        79.517425852568095     
         434   53.117965520582374        79.752787377419352     
         435   53.911886771469760        79.405211263377723     
         436   54.101048180624197        79.648731777593383     
         437   53.541807146305452        79.694263731014019     
         438   53.513876899518664        79.759352421494555     
         439   53.369890749497195        79.679712375244293     
         440   52.604979304333817        79.763955859867224     
         441   54.158351265966814        79.424066590347721     
         442   52.258623526548675        79.636434079023260     
         443   53.887613322046825        79.561104754308971     
         444   52.946330567421114        79.400731814208129     
         445   52.794835303813457        79.466685282724171     
         446   52.479394641641804        79.582507602966274     
         447   52.635796360313783        79.744753511430048     
         448   54.208851598220463        79.605481003124240     
         449   53.301514911632552        79.583065588948415     
         450   53.659101413681654        79.646063245033332     
         451   52.893052543976864        79.639958607551677     
         452   52.784683706782225        79.674254981638668     
         453   53.570426733980412        79.694966780577928     
         454   52.293453614051039        79.464153644018310     
         455   53.604347910981595        79.470398974768813     
         456   52.152328865947013        79.610831707098669     
         457   53.191152387070844        79.512836935394319     
         458   53.887637116404889        79.431330646851862     
         459   54.094067650217582        79.585282470367119     
         460   52.899768477648202        79.480480503900949     
         461   52.451305611496011        79.404013137061554     
         462   53.308782942983356        79.661112580862948     
         463   52.297293410132333        79.460011100326184     
         464   53.935450067611825        79.428284821558179     
         465   52.558903984540414        79.476308018518310     
         466   52.406600447245125        79.562249545493486     
         467   53.357713780548934        79.740941493966588     
         468   54.052423587713058        79.757695237081890     
         469   52.817637070626297        79.521749001794575     
         470   53.712421871924938        79.634835265914916     
         471   52.712834947986089        79.770764402655374     
         472   53.658828415918705        79.505170245987884     
         473   54.175925960887220        79.443423027066970     
         474   52.672981353582593        79.683046391935065     
         475   53.473583587460112        79.745881301638235     
         476   52.715013926143264        79.732141419655079     
         477   53.202424186245167        79.504737957361186     
         478   52.417572058177171        79.667854834682430     
         479   53.109630736477598        79.741841836114375     
         480   52.907978385487056        79.460514219841741     
         481   53.134771427473638        79.724105454823714     
         482   52.523094731535693        79.727866028921895     
         483   53.607691345360237        79.781852881023980     
         484   52.674390725415570        79.681890315158554     
         485   53.027397942819405        79.473777591732286     
         486   52.872980252060792        79.498414274642883     
         487   53.132569952524335        79.531807807663085     
         488   53.425834258570568        79.427831131392338     
         489   53.326841537894872        79.452864293442133     
         490   54.102396133282262        79.438220154537049     
         491   53.102458642288809        79.518793778107607     
         492   52.705814528428135        79.579663826069151     
         493   52.750036723668110        79.437410611241916     
         494   54.177702423129368        79.482858883794904     
         495   52.321794377370551        79.505016152975145     
         496   52.847507713169975        79.647137486995248     
         497   54.247837922092486        79.774447880912945     
         498   52.479807600623239        79.601328192359105     
         499   53.121788210058007        79.553128524690052     
         500   53.313216536235693        79.703600438158503     
         501   53.868915766019661        79.594991777177412     
         502   53.806706034944384        79.691625861243551     
         503   52.227556661589240        79.637254732527254     
         504   54.098263724671476        79.679251528682002     
         505   52.115215876059253        79.661174452895821     
         506   53.014657077568607        79.560628346838314     
         507   54.036776275248329        79.403603143216188     
         508   52.906053682708759        79.599623201304667     
         509   52.794679338680695        79.710522252806925     
         510   54.153754901855805        79.703007167509185     
         511   53.852923433101004        79.448221626765047     
         512   53.575615258654722        79.666774193884322     
         513   53.292587056213399        79.719860733182244     
         514   52.768751540526011        79.734681192430770     
         515   53.362632297266487        79.592936605176675     
         516   52.346315504108325        79.671598695955424     
         517   53.797529884694860        79.734899856215847     
         518   53.086062765989723        79.763676512187402     
         519   53.259985583563498        79.402205497297857     
         520   53.768850842561370        79.649052531379027     
         521   53.717258622261234        79.445540110313232     
         522   53.504969484411887        79.588461164828004     
         523   54.063570251840133        79.726642347180331     
         524   53.078894746296847        79.775730247881995     
         525   53.159050119587818        79.691286461752384     
         526   52.247450859911105        79.499038006765545     
         527   52.729466046125857        79.636659389938131     
         528   54.029891824806683        79.437557712948191     
         529   52.799737164629278        79.562540729089093     
         530   53.327673349880499        79.445928006822498     
         531   53.676789850267213        79.457570124335874     
         532   53.067970463598371        79.605781574091836     
         533   53.211608101631001        79.613184468231353     
         534   54.193868301158460        79.548930921296872     
         535   52.411116016885984        79.494228497604780     
         536   54.269267542627588        79.509230539216233     
         537   52.352747395372340        79.445292004786836     
         538   54.246429992374281        79.773939119813676     
         539   52.185045863426794        79.513624695138986     
         540   52.670024178081555        79.632411932459661     
         541   53.517882812272710        79.418912244874861     
         542   52.690329353822172        79.777657348027532     
         543   52.325074081852371        79.753882885810384     
         544   53.088072755206177        79.442582967742297     
         545   52.759000009784046        79.553557946059556     
         546   52.553376340028720        79.459158202859044     
         547   52.835956426844760        79.595091636193459     
         548   53.334939676056159        79.581779258983616     
         549   53.034450244052302        79.629846084577167     
         550   52.979615493095864        79.476881959897881     
         551   53.853683366080681        79.552792475100105     
         552   54.202276037524641        79.449723482932043     
         553   53.202280632990579        79.570154956239264     
         554   52.397559217379950        79.537779536113618     
         555   53.638232811607907        79.506793431858185     
         556   52.976566729336895        79.727139100252828     
         557   52.143908330425809        79.561294632990226     
         558   52.545421182672605        79.572001894225167     
         559   52.903870392918940        79.500633138362844     
         560   52.362006067399683        79.586527057631343     
         561   53.210129736609296        79.710751427675191     
         562   54.176493509784414        79.432001507572778     
         563   52.895906110185045        79.453587504375463     
         564   53.599540899120804        79.423994368536142     
         565   53.372696188446170        79.524675972688257     
         566   54.252914131633879        79.435153821717378     
         567   53.050553578729399        79.535511781030124     
         568   53.987836431550079        79.663228005969827     
         569   52.159332515508403        79.649450116502706     
         570   53.912782196670264        79.776481026721100     
         571   52.788866154388700        79.417302535524968     
         572   52.945411580039405        79.643397936989913     
         573   52.762191955417222        79.425781801483097     
         574   53.847059876809290        79.620080806044541     
         575   53.948585479059780        79.550718912660685     
         576   52.960488743523342        79.736005889708636     
         577   53.343669023373778        79.765745087801022     
         578   53.533190517703140        79.740844671444151     
         579   52.480859833353641        79.560812045407644     
         580   52.415071552267023        79.524081807701990     
         581   53.912161393439192        79.776058695467341     
         582   54.234682699039489        79.566051394175048     
         583   54.187902683865076        79.654279629380127     
         584   53.381776344709870        79.457099894622061     
         585   53.448320139555122        79.558184990974482     
         586   53.824506217423270        79.769183799726534     
         587   53.221523050388527        79.565879064394380     
         588   54.171960972382486        79.540954423435679     
         589   53.989596657669253        79.705841377536956     
         590   53.715290438576559        79.512027714115220     
         591   53.827955537133285        79.560846005619098     
         592   53.412390150925347        79.592097191207998     
         593   53.810595800760218        79.429098890169243     
         594   53.304880061782029        79.624643720177772     
         595   52.215370399112253        79.617608168183295     
         596   53.087387436887973        79.628975786661883     
         597   52.151774769566735        79.721109883027424     
         598   53.267271047735484        79.469909372592753     
         599   53.091834378514513        79.430892688296282     
         600   52.519385793447803        79.495746302958736     
         601   52.328778933151753        79.466576035498122     
         602   53.793292184063645        79.438604899414585     
         603   52.445530919880696        79.541967310821562     
         604   53.287065114568918        79.581500808403973     
         605   53.092412472821316        79.403700384286267     
         606   53.937355595565357        79.642434978871563     
         607   54.049202838471501        79.678738046897465     
         608   54.281349929849185        79.792292226524395     
         609   54.032823290455639        79.456984860500683     
         610   52.461384443789129        79.536432939536454     
         611   52.790521898675784        79.482473197670572     
         612   53.167633124370134        79.687113419350126     
         613   52.917865572572239        79.733208800271953     
         614   52.433030117573153        79.593417379761078     
         615   52.613159759017890        79.473893357557799     
         616   53.429227202851131        79.568028199233439     
         617   52.896737514233230        79.421159371688361     
         618   53.224987787750067        79.452949737098095     
         619   53.847733973789147        79.622052725003726     
         620   53.466686560666588        79.495098966287586     
         621   53.686923491348722        79.741554622412238     
         622   53.993414515863925        79.664770794860914     
         623   53.427796776098880        79.588009030955178     
         624   53.252676080533362        79.562075407586448     
         625   52.160401690599137        79.726164770292144     
         626   52.663889542613923        79.596044167780107     
         627   54.100515595742280        79.603216781676622     
         628   53.668035527435393        79.570359129280476     
         629   52.574770936175639        79.488056865343438     
         630   53.312002180462351        79.474764759824751     
         631   53.966109071664945        79.695093482795457     
         632   53.343131856493997        79.657944443768827     
         633   53.828993866234335        79.738179488256279     
         634   53.520022318894831        79.769249419777978     
         635   52.490994502420953        79.735294814773098     
         636   53.994586242324722        79.697279076362761     
         637   53.098188794494526        79.639121861919747     
         638   52.921906143813345        79.647145621683720     
         639   53.873334072653513        79.456038169957196     
         640   53.424078917076301        79.652812183920503     
         641   53.397405720002730        79.737270884169433     
         642   52.226464211142492        79.615892779200379     
         643   52.454963880208410        79.414465699633283     
         644   52.482287896142772        79.542016072095805     
         645   53.935038508555593        79.456775642064542     
         646   52.482226046461449        79.475131631816637     
         647   52.979655730273208        79.445156737740177     
         648   53.593670028073440        79.679835877850095     
         649   53.168125493086123        79.483384261939307     
         650   53.783105011019835        79.473266566476468     
         651   52.496929731921711        79.431335162722618     
         652   53.125184121113399        79.611922404526879     
         653   52.865704074252484        79.774004426187162     
         654   53.931653552753502        79.523129921569193     
         655   53.772000194252570        79.455449956333695     
         656   53.478001219510247        79.784075914932544     
         657   54.092708443608174        79.491025422468951     
         658   52.317061196356761        79.604743740274628     
         659   54.099530159006484        79.593690145348504     
         660   52.669515767031498        79.482963731170244     
         661   53.341528556488960        79.612959532504561     
         662   53.837209882540009        79.741025935003549     
         663   54.041370785719295        79.636698414324343     
         664   52.513758091050192        79.524009966972798     
         665   53.885742930028321        79.608397580207779     
         666   54.284903357978855        79.599823831022633     
         667   54.217201180948301        79.485650799980178     
         668   54.279757205112240        79.791706853740266     
         669   53.882008368091867        79.426214486599832     
         670   53.034140265943897        79.605117996609081     
         671   52.310869021455147        79.467042567701512     
         672   53.081091417303796        79.688573459341171     
         673   53.665025951263694        79.782880020420237     
         674   52.450998679959824        79.444697079066032     
         675   53.872412498598891        79.703393949953281     
         676   53.608640075357641        79.534622246263709     
         677   53.155416482865704        79.488780909155977     
         678   53.523014346246534        79.417682510903134     
         679   52.733795865247458        79.517390191941729     
         680   54.056007564288571        79.778458521098813     
         681   52.713140821454409        79.541118984253671     
         682   53.771379637629870        79.584614143292569     
         683   53.586382406116016        79.493460131963658     
         684   54.212330218047583        79.710536099783084     
         685   53.307600325598095        79.530218636730154     
         686   54.097097470729629        79.662089559674840     
         687   52.679658783550032        79.448839745160683     
         688   52.710194030411714        79.730379629352697     
         689   53.682456755281841        79.698654901668746     
         690   53.263275036932491        79.419073272588022     
         691   52.317931250132041        79.404961824644886     
         692   53.354418321536400        79.771979638171814     
         693   52.341430781149050        79.554615281512127     
         694   53.350890235690564        79.643439510146763     
         695   53.632261181457658        79.565196516352714     
         696   52.574354110591919        79.760795288947435     
         697   53.933632147479337        79.737654515579493     
         698   53.025366384312385        79.441420695861197     
         699   53.836357528139885        79.420977515688563     
         700   52.799068236570498        79.693351663785947     
         701   54.076985659732536        79.713924142751665     
         702   53.449598511004559        79.411045676213192     
         703   54.223830394776307        79.620071390801641     
         704   54.111518772092715        79.620165996881042     
         705   53.675221372235811        79.534556469105567     
         706   53.296336215135305        79.478108202877010     
         707   53.309725005882193        79.585841818830389     
         708   52.853882306410469        79.676318469208269     
         709   52.629930094024374        79.571214970417458     
         710   52.709313827062168        79.454792102200472     
         711   52.769416008587392        79.610426857632120     
         712   52.405458284692251        79.507456949249061     
         713   54.011661299556600        79.634100880804723     
         714   54.094265349800601        79.606721473291842     
         715   53.936385341603540        79.636993199774565     
         716   53.596812274197219        79.682427883821816     
         717   52.246595334120123        79.685310530955221     
         718   53.197706143880509        79.484737739812701     
         719   52.637301401554737        79.575090261795054     
         720   52.123049519392275        79.676154974835939     
         721   52.836778316063281        79.620052829473366     
         722   52.512576813716443        79.426778158008332     
         723   53.495032249327046        79.509823665072005     
         724   53.826241779245031        79.730429202743508     
         725   52.825951061614795        79.574393049651192     
         726   53.781306831757085        79.671323064061369     
         727   53.253607184257177        79.760337731510845     
         728   52.306222555803181        79.597124113709270     
         729   52.243992272341785        79.657844862056891     
         730   54.043641034229474        79.435156942910808     
         731   52.888602250824306        79.722777175661648     
         732   52.686499171200815        79.449552490140363     
         733   53.427597357291212        79.456899847692782     
         734   52.249529219412224        79.597669332298636     
         735   52.277152830349138        79.611938476787515     
         736   53.210107667882809        79.594827482538051     
         737   52.918946345865066        79.515464988776102     
         738   53.098856723838978        79.461908295460489     
         739   54.247648698625895        79.497985030683637     
         740   53.900896256409183        79.728776065884404     
         741   53.518353379607291        79.429918254322033     
         742   52.784379546287212        79.687762190233755     
         743   53.867617195564392        79.455497149993747     
         744   54.236755017856083        79.652638685034560     
         745   53.386676823487896        79.677008076728484     
         746   53.108935522703192        79.725634070242208     
         747   52.683709606855125        79.678507672795206     
         748   52.466801140249615        79.742665040138277     
         749   54.259314903247585        79.418171168721301     
         750   52.742535491972909        79.402772291370255     
         751   54.068076277949707        79.417045444977802     
         752   52.787269411105910        79.667551262933983     
         753   52.334577431230741        79.547406712580695     
         754   53.436462285121522        79.752634467023029     
         755   53.246188656582838        79.701495596487234     
         756   54.055082713673720        79.777984547050110     
         757   53.014386700284682        79.488407648114205     
         758   53.062323952480405        79.610733992137213     
         759   53.212342758805086        79.480769197347158     
         760   53.476361054940931        79.617577725886164     
         761   52.518848491389647        79.402170700720291     
         762   52.964819144339728        79.647320303049057     
         763   53.822897869779176        79.789355623607094     
         764   52.414304248204360        79.761146192142760     
         765   52.522520811105984        79.662382705231153     
         766   52.880041260911376        79.584154975142695     
         767   53.109758642451844        79.448256562443973     
         768   53.902204669059643        79.671246082427061     
         769   52.408882622135259        79.486475035291079     
         770   54.108538105493025        79.562033601471683     
         771   52.934052125893778        79.480044545046127     
         772   53.374980188655734        79.682924819453802     
         773   52.563522689220918        79.610940673562865     
         774   52.582608330127592        79.416405224947056     
         775   53.291191452759286        79.710233814820626     
         776   52.496520237627166        79.703811992865994     
         777   54.280406613882583        79.711676972819305     
         778   53.534199942621235        79.792146045726639     
         779   52.837627025341995        79.475961500076721     
         780   52.704668750741000        79.618582240882304     
         781   53.551490856441923        79.423966476694801     
         782   52.389081070553033        79.631840291264012     
         783   52.688858155244944        79.493241753750723     
         784   53.985118186102341        79.642229772843194     
         785   53.561447454236216        79.615296003520712     
         786   52.822079939850703        79.642004247276247     
         787   52.205559156689162        79.565582740966249     
         788   53.741471944332929        79.593662320641116     
         789   53.732391847557729        79.637595334973099     
         790   52.587061888081848        79.544977331742672     
         791   53.295205068309890        79.578978235893857     
         792   52.356239882010257        79.591910034500060     
         793   53.417032794385399        79.613825503545414     
         794   53.348857063653149        79.679068564295250     
         795   54.087614411951044        79.469393144893900     
         796   52.408894374197992        79.399486586125988     
         797   52.674806681333628        79.540769377667388     
         798   53.880966550419998        79.506765895020791     
         799   52.165042848666943        79.718893549003070     
         800   52.491871394541029        79.724147909146012     
         801   52.689039238219337        79.723053487254134     
         802   53.141712131113408        79.485912897593352     
         803   53.027394678013266        79.679529451689305     
         804   53.815755534645255        79.488817010637149     
         805   53.662885932790289        79.674708332452653     
         806   54.102758755696343        79.515534867609134     
         807   53.046771023602837        79.434765407635638     
         808   53.588494093627261        79.744779083672810     
         809   52.398158507525309        79.600272112993594     
         810   53.236044028744445        79.685815147631629     
         811   53.079582356654790        79.510275324663780     
         812   53.649461510234929        79.568458684604423     
         813   54.047694441110451        79.413193573239923     
         814   52.383819549018753        79.762230297375851     
         815   53.685388659100397        79.510197163097416     
         816   52.304257206602799        79.743716532222038     
         817   53.576152376476422        79.754023240529690     
         818   52.270057016741085        79.442917800697288     
         819   54.223520677419749        79.510907429458626     
         820   52.395625356680128        79.417820966299388     
         821   52.495099287117725        79.687927617362789     
         822   53.478024894446371        79.440840802217380     
         823   52.840035202960344        79.498393522278207     
         824   54.207734626481880        79.616236569136731     
         825   53.770669417585552        79.589343721153710     
         826   52.753085691774935        79.656409856678707     
         827   52.964221579805127        79.571988746078432     
         828   52.653263787228006        79.525703704953884     
         829   52.401783915733311        79.414753083197667     
         830   52.941470702786333        79.404828763462632     
         831   52.475943315034996        79.635163997924053     
         832   52.265981180668184        79.556512856216713     
         833   53.347067684770671        79.537890177401536     
         834   53.727169555543547        79.784189802432920     
         835   52.731358650384344        79.768430970586820     
         836   52.776743609777334        79.602017912413928     
         837   53.707137174489588        79.426664547862188     
         838   52.293608047406067        79.753924170910736     
         839   52.877109398006489        79.765582655362579     
         840   52.964649156967525        79.750971720809503     
         841   54.147162253526417        79.524330212055588     
         842   52.837506683283465        79.772474050555743     
         843   53.509385931787840        79.601372666459497     
         844   52.446745262849227        79.405768320349040     
         845   54.203334034403063        79.489133616051419     
         846   53.814381937078707        79.594603443691199     
         847   54.138789321609138        79.743104741654818     
         848   53.549871639091158        79.659844391735945     
         849   54.114350908094600        79.771919385103160     
         850   53.228725943265871        79.441745348774347     
         851   52.187556791857425        79.498109108190320     
         852   53.293839250255751        79.515929935489481     
         853   53.990142458497722        79.484107221971058     
         854   52.811238191282392        79.710779140433573     
         855   52.476658152879395        79.652797491954914     
         856   52.557329917790440        79.404705313871759     
         857   52.191960198583772        79.442610765796189     
         858   52.227137787185178        79.518769925419804     
         859   53.851596480784096        79.462003455695964     
         860   52.879633486084906        79.624222125908801     
         861   52.620650091821695        79.610272030470355     
         862   54.159299584514599        79.519351010971448     
         863   52.760551451988285        79.589022420248696     
         864   54.179644403891160        79.541162950291636     
         865   53.718032416627636        79.410911318462894     
         866   52.872405969299137        79.582871149298768     
         867   52.360043211328033        79.592278924204933     
         868   54.146546489712520        79.555300609308176     
         869   53.743276386887338        79.503378187470958     
         870   53.650283342020607        79.539557285199137     
         871   52.574659421298705        79.709237601976426     
         872   53.162863791594255        79.417164049771387     
         873   52.435223343054695        79.595554962931189     
         874   53.432418133290966        79.581881210751135     
         875   53.895290859836145        79.783179044530399     
         876   53.996205106253690        79.757613388075285     
         877   52.891710537991706        79.627391460210305     
         878   54.215955870824125        79.546185373142208     
         879   52.801172287239815        79.488526153653368     
         880   53.330328952529129        79.582912024658256     
         881   53.897704497612992        79.599834613042063     
         882   54.011647677053652        79.658995207466859     
         883   53.272432136128607        79.562598409976502     
         884   52.455887436681991        79.638924238147126     
         885   53.665937585938124        79.471334908521214     
         886   52.789175211858577        79.603179984770492     
         887   53.083921087114341        79.620332353059311     
         888   54.179517781018077        79.446832798428844     
         889   52.382815308369693        79.656816366925497     
         890   53.580484487573429        79.550733024292811     
         891   52.961116744155582        79.630449069638914     
         892   54.178412383044773        79.583862059652603     
         893   53.987360283761028        79.468537075796931     
         894   53.431285197617619        79.760063601287484     
         895   52.489670396532411        79.465726901178883     
         896   53.059598807351342        79.641706775848348     
         897   52.569954163553668        79.504854008854537     
         898   52.688108863107047        79.442032300606385     
         899   53.049065786112152        79.430633615561021     
         900   54.268026116103037        79.721442381051133     
         901   53.253506929883152        79.723173194439838     
         902   53.403062033513031        79.408646328184986     
         903   52.837436552936353        79.730941001834239     
         904   53.686273791089008        79.550575718621417     
         905   52.850702817167800        79.714284740411031     
         906   52.576918317730915        79.552298950714743     
         907   54.147018508848348        79.658094431088102     
         908   53.280019076326532        79.560547124280987     
         909   53.401106641567154        79.614176838560866     
         910   54.207034366525001        79.628077407011460     
         911   52.152893129709099        79.735244084938500     
         912   52.489258737818105        79.614629196683339     
         913   53.349745923159247        79.580951189139213     
         914   53.030459347069360        79.714574970958282     
         915   52.176038678880403        79.590292993512051     
         916   52.364006128149320        79.565345265158157     
         917   52.701492625196785        79.428181040981727     
         918   54.290833035527761        79.512123606382545     
         919   53.708052789905011        79.451838907389444     
         920   54.048022947790237        79.610212730021402     
         921   52.659666837279289        79.620802910571783     
         922   53.043543127209233        79.536594508793556     
         923   52.780307533730792        79.791258055898197     
         924   53.925271659625459        79.728947656977610     
         925   52.381929657486282        79.516022178532765     
         926   52.759832223189655        79.629685140706911     
         927   52.246864281862614        79.418333650019775     
         928   53.680523444635234        79.711669500142207     
         929   52.836083572606498        79.491729401096634     
         930   52.210491859248634        79.704451071860802     
         931   52.957795018143749        79.562439717986678     
         932   53.153329250022210        79.552229306929064     
         933   52.567301931344879        79.553404946057000     
         934   52.846373571597987        79.475842563818105     
         935   53.488435510540739        79.452247846875352     
         936   52.261743434793814        79.492250538851607     
         937   53.246101472067217        79.423564249954111     
         938   53.385285345876547        79.568034129107872     
         939   52.831842877329372        79.759445011604541     
         940   53.009514064811114        79.417856745171065     
         941   52.910401502460488        79.546495293400739     
         942   54.060685876927039        79.744426941054911     
         943   54.223543040559008        79.599986737854579     
         944   53.039645429874462        79.405553992920247     
         945   53.579514139349591        79.717514176931175     
         946   52.741398277824004        79.727492012744733     
         947   52.180637021247136        79.496637800367751     
         948   53.006839549880375        79.548314821368066     
         949   52.965381927516454        79.542387304864732     
         950   52.294817003498565        79.702308281414346     
         951   53.188228713363145        79.595764283517980     
         952   53.220943975350039        79.640005780174462     
         953   52.859692926310117        79.538963656961485     
         954   53.491255363838782        79.747576604495009     
         955   52.981565976098125        79.581525639846717     
         956   53.370298567990652        79.577961722975374     
         957   53.894662292698669        79.782695821194991     
         958   52.490040582479871        79.506398858294901     
         959   53.349337210670981        79.582827305030165     
         960   52.736313098713424        79.622070800826364     
         961   52.806001199893032        79.555689007874179     
         962   53.423874706414431        79.467653378955447     
         963   52.212092078608173        79.626961038741726     
         964   53.350539797805240        79.638944097854406     
         965   52.935058078015494        79.746714173765994     
         966   53.322061480104239        79.697610109543206     
         967   53.353495469188211        79.597443522757345     
         968   52.345268606202488        79.589041963569542     
         969   52.912296204588166        79.437120558932321     
         970   54.133481424512937        79.773000215149438     
         971   53.990471956542322        79.522068001152718     
         972   54.113308721396045        79.771446645935853     
         973   53.385118374817139        79.609046585581893     
         974   52.941232972807818        79.771841280066084     
         975   53.337338189731533        79.573096287177250     
         976   54.216808384837627        79.727953157749369     
         977   52.963752638130714        79.436454790477953     
         978   52.280136136015379        79.430374793431440     
         979   53.333823123317032        79.578406878696129     
         980   54.267014398213639        79.721067149233903     
         981   53.346486870169166        79.580206943963731     
         982   53.990021044731101        79.525717840533844     
         983   53.695211922378107        79.631916737763575     
         984   52.470005653177381        79.672154436188606     
         985   53.797642203876947        79.651922281409824     
         986   52.834043395923601        79.473674009499547     
         987   53.254054053831567        79.552779313019414     
         988   53.582855828523009        79.664512105262915     
         989   53.300487903171906        79.430547124888619     
         990   54.220262917778314        79.540133960796567     
         991   53.562972303531822        79.465751874217020     
         992   52.630614373278036        79.459310709378954     
         993   53.615355511557397        79.570689458057231     
         994   53.679224783741439        79.426914214054250     
         995   53.349212591215426        79.580721652389386     
         996   53.616271868528258        79.476505647690402     
         997   53.310314905159096        79.551382671261692     
         998   52.418933555606657        79.454552505775382     
         999   52.238580224624449        79.699540482005517     
        1000   54.184231961243817        79.574897481245003     
        1001   53.403560367899431        79.559279547521285     
        1002   52.914814171276582        79.448456336022431     
        1003   53.449444171058175        79.664307992813207     
        1004   54.197259029882034        79.660214946206011     
        1005   52.794384566221744        79.449571665881024     
        1006   52.602558637330446        79.524479306374630     
        1007   53.734514607984380        79.428583079237839     
        1008   52.215438168117984        79.606004409155076     
        1009   53.375409308228058        79.580918509616112     
        1010   53.579436962113014        79.708602592711131     
        1011   53.653682674029930        79.484284294526418     
        1012   52.143003157756510        79.727102370481774     
        1013   54.074350816563360        79.485782939668368     
        1014   54.136285825395653        79.672077260969701     
        1015   53.507042154600960        79.408141159172047     
        1016   52.698597882055616        79.502986923321060     
        1017   53.144211968111968        79.430600336112903     
        1018   53.944365867286237        79.707984947691457     
        1019   53.276103464858380        79.503135050797482     
        1020   52.159138211060743        79.698815549620576     
        1021   53.115445284483819        79.657013086698811     
        1022   54.119908787065491        79.558520610100857     
        1023   52.764766635884158        79.781699802361103     
        1024   53.406188789799032        79.528886401470871     
        1025   54.090752007033515        79.677417720203962     
        1026   53.173284725288028        79.639732758538642     
        1027   53.156555449456626        79.665087102059744     
        1028   53.732879277350477        79.427238047006682     
        1029   53.529844830223226        79.618193122238864     
        1030   52.763440952981320        79.673091461467308     
        1031   53.086569648680182        79.410381879126746     
        1032   53.729394493517141        79.422140109856088     
        1033   54.159867322626603        79.666175487893483     
        1034   53.414998275342626        79.674836920484282     
        1035   52.297640208519468        79.740533749536212     
        1036   53.174928755876230        79.729435484145853     
        1037   54.069319350660564        79.567011666763065     
        1038   52.525808511690379        79.434961969001108     
        1039   52.655755875383676        79.759048506320269     
        1040   53.849836866648474        79.490230763353352     
        1041   54.244441849825257        79.464596988240942     
        1042   52.532822050528132        79.465876441586062     
        1043   53.331002022459089        79.579266947680253     
        1044   53.504121926867334        79.473585444588366     
        1045   52.638688862640464        79.459682095988299     
        1046   52.766696512264517        79.454030983602991     
        1047   53.262633894386191        79.553777546328774     
        1048   52.736660101012745        79.788137048960024     
        1049   53.328425319171295        79.582322209496795     
        1050   52.218077928789555        79.566269997143323     
        1051   53.089422993750134        79.743635638261111     
        1052   53.892037411356604        79.689682078705701     
        1053   53.779130760673503        79.469626477507319     
        1054   52.587220323830785        79.733407362589404     
        1055   52.870833232864669        79.573503006188844     
        1056   52.468542174007389        79.496432988958205     
        1057   52.472895397593611        79.742908824634085     
        1058   53.717733952648501        79.406106464839681     
        1059   53.310390795083244        79.734877950239408     
        1060   53.223604213637280        79.653555518628551     
        1061   54.262952687011506        79.537045858842035     
        1062   52.348069427392176        79.721534488523432     
        1063   53.579320348211603        79.709979154248074     
        1064   54.134793649644230        79.545947540313918     
        1065   54.059467191810391        79.562584683636047     
        1066   53.798230862875698        79.455824294475605     
        1067   52.220666221418838        79.492524622896596     
        1068   52.887578614969719        79.428809028977085     
        1069   53.045767762669726        79.660171241576862     
        1070   53.492449141514598        79.600432055134718     
        1071   53.763254863296737        79.549176435230706     
        1072   52.721981295134803        79.667013874401832     
        1073   54.014161626808544        79.725641701685390     
        1074   53.111097118230376        79.478534629908751     
        1075   54.016188677958034        79.609235494005318     
        1076   52.648271481661077        79.726260350008175     
        1077   54.293825314358017        79.723652668657451     
        1078   52.679998301680442        79.547509687413324     
        1079   52.465106179855063        79.473841795093392     
        1080   52.206863207887743        79.529196256715082     
        1081   52.750309847927696        79.469426817616039     
        1082   52.818935037731251        79.623646874414192     
        1083   52.483175876123639        79.571961067299426     
        1084   52.299035521617554        79.516108908008363     
        1085   52.421486105625497        79.460765126683910     
        1086   53.297019954335937        79.547889378558864     
        1087   52.839175694493719        79.451183798647051     
        1088   53.407259379132853        79.641845702284058     
        1089   52.657010194878183        79.469060547795621     
        1090   53.469710092768004        79.659187446553418     
        1091   53.534829705638082        79.559442056142288     
        1092   54.293690846769039        79.476320387713940     
        1093   52.310454460804728        79.689981484749850     
        1094   52.613258554305780        79.606010057661337     
        1095   53.293848902023100        79.605465067591282     
        1096   52.835262663340202        79.459470698646783     
        1097   54.140309089494480        79.735083388494800     
        1098   53.781005336365340        79.695043499618905     
        1099   52.762437927596693        79.537737028303653     
        1100   52.986581794242881        79.589388107497811     
        1101   52.275957964144951        79.527465607421064     
        1102   52.428628407353223        79.425850173410765     
        1103   52.882272754408191        79.420926444920795     
        1104   52.503105238008295        79.738401745454226     
        1105   52.641012232558680        79.583337405166802     
        1106   52.834052191919987        79.718844295757606     
        1107   52.525016642681123        79.734479462464819     
        1108   53.714392657765693        79.736507973839082     
        1109   53.268637117380557        79.499125074639309     
        1110   52.443519644500839        79.480815011882981     
        1111   53.815826418899114        79.431005847436680     
        1112   52.695455819373890        79.669543390292148     
        1113   53.200714893442090        79.578392395160392     
        1114   53.844931290348597        79.582400893977663     
        1115   53.206625679262139        79.424660737626752     
        1116   53.408498130967097        79.744752745950862     
        1117   53.619402370298481        79.500962813499797     
        1118   53.814818447391502        79.600138781778995     
        1119   53.680066238938636        79.762569138356653     
        1120   53.199394963294907        79.449451489935385     
        1121   53.912570149806541        79.579178926185989     
        1122   53.322335695498246        79.488540883799487     
        1123   52.510701259335356        79.623556048880161     
        1124   53.144941823767184        79.706611367469989     
        1125   53.800101018977280        79.538924925798497     
        1126   53.750211407690358        79.629405262562074     
        1127   54.244431473337599        79.499532688608568     
        1128   53.881586933028217        79.644839442296202     
        1129   53.507674206944635        79.683694601297347     
        1130   52.282557172226582        79.581187101665790     
        1131   54.040916526343139        79.532838964079488     
        1132   53.487547377071756        79.438916100881968     
        1133   52.838944984099705        79.767206820097954     
        1134   53.574371924993471        79.585446486982576     
        1135   54.218474742555273        79.778623037138701     
        1136   53.490247326102590        79.636926707667413     
        1137   53.644020499107675        79.494827427176602     
        1138   53.089232978912776        79.783201884543871     
        1139   54.129343834752426        79.756685893335813     
        1140   52.823765935225531        79.479563559406401     
        1141   54.028025894974846        79.681614498227546     
        1142   53.450835981571018        79.460723720668028     
        1143   54.147750302355178        79.477502647937555     
        1144   53.327593076692217        79.580142375168279     
        1145   53.886940736850860        79.477646625224878     
        1146   53.101775752381521        79.699329456974084     
        1147   53.318697290439900        79.488975067614504     
        1148   53.134569514125381        79.714163097729752     
        1149   52.621253313303754        79.440050998026564     
        1150   53.310476404379465        79.583687234034656     
        1151   53.216622734711876        79.462576467052443     
        1152   52.461036580103020        79.581085981703623     
        1153   53.701567958727509        79.790721059606255     
        1154   53.364293555345789        79.570922707377662     
        1155   52.165898235041468        79.717637988938876     
        1156   53.345315197082463        79.581374918573601     
        1157   52.934438779053799        79.605843201366071     
        1158   52.458615300911717        79.504437850830371     
        1159   52.644041890849344        79.503057425194868     
        1160   54.187102171444508        79.490987385174947     
        1161   52.202871996472332        79.523453175134648     
        1162   52.169876951652171        79.569345863943056     
        1163   53.814533180262266        79.476445561732305     
        1164   53.417398860002109        79.609633668844396     
        1165   53.146926853650044        79.591482445654620     
        1166   53.346115608498380        79.582668570075612     
        1167   52.676054445043327        79.549936864667373     
        1168   53.633814162244015        79.692239883596045     
        1169   52.788965425528566        79.677264626264588     
        1170   53.786479184322857        79.544341159068765     
        1171   53.671524324444675        79.552783958227849     
        1172   54.079723833400962        79.490140719422158     
        1173   52.743695900177265        79.613861019788274     
        1174   52.387920604058650        79.710922590405460     
        1175   53.257373624196951        79.527906918827711     
        1176   52.281230274097211        79.662534304943250     
        1177   53.188213393273564        79.612677530624822     
        1178   54.156387381307674        79.496945365286351     
        1179   52.872906966868840        79.775427302953716     
        1180   52.861432496810004        79.784593995402275     
        1181   53.386486805078221        79.588351712611683     
        1182   52.860107334650088        79.732333327423518     
        1183   53.676404649980398        79.593122816055939     
        1184   54.246811872748310        79.585014126891735     
        1185   53.501181799819364        79.723943095004827     
        1186   53.986413993399175        79.455246315871094     
        1187   52.636993062556861        79.591540455512899     
        1188   53.939300032522176        79.665843206934483     
        1189   52.685525356447762        79.441274296495834     
        1190   52.820824242408243        79.661452169240917     
        1191   52.679405116042147        79.584999685853617     
        1192   53.447478550315239        79.607513988145925     
        1193   53.965994546388281        79.687750991651185     
        1194   52.772578464954996        79.751437647583401     
        1195   54.261975439392934        79.762899377017519     
        1196   53.128786798749871        79.688876765406619     
        1197   52.988306018037122        79.705363936760648     
        1198   52.386918684527110        79.574725134073020     
        1199   53.310139414461105        79.626570305718758     
        1200   53.022487428177833        79.750953525618939     
        1201   52.670049884910519        79.602845817953622     
        1202   53.978553542861611        79.501269238265564     
        1203   54.105674571795383        79.504326285199269     
        1204   52.359280318998728        79.613929734936633     
        1205   52.942448011152628        79.779969311362123     
        1206   54.168093400303860        79.519600040619224     
        1207   53.790353789436594        79.611541781326821     
        1208   52.428775145676120        79.474203263371493     
        1209   52.759263791146246        79.712615107594587     
        1210   53.768054257342889        79.599050101870901     
        1211   54.007736368177596        79.519100843583089     
        1212   54.217101744709694        79.778065177908218     
        1213   54.292818742400549        79.723300664794920     
        1214   53.246520549868947        79.573551479657212     
        1215   52.688160077212935        79.596359357574414     
        1216   53.908680425152859        79.473910986516117     
        1217   52.111377881968053        79.668106635560420     
        1218   54.180961542934831        79.427468888750710     
        1219   53.367620612414932        79.581433012537957     
        1220   52.882937840270635        79.589627416267916     
        1221   52.837949965024130        79.776677032303468     
        1222   53.292371004673427        79.522811765501871     
        1223   53.270544072180819        79.572437310032541     
        1224   53.365160416917632        79.689393896492390     
        1225   53.928569783606115        79.765224619665219     
        1226   52.421445834268539        79.733153090938998     
        1227   53.765903990025151        79.479144587692161     
        1228   53.724950926541560        79.481878357973343     
        1229   53.391437876718449        79.662949599023534     
        1230   52.427557772306258        79.548714238111586     
        1231   53.836926219000837        79.515035194952830     
        1232   53.229364614801213        79.567987503718996     
        1233   53.516836486022669        79.787969610643273     
        1234   52.777146301249971        79.470514500379551     
        1235   52.203537460618200        79.648246357824931     
        1236   53.859627114485548        79.492816021898150     
        1237   53.377189901244897        79.563241038613072     
        1238   53.279931873032815        79.408599655721389     
        1239   52.416846797509855        79.404073409630001     
        1240   52.175993289111084        79.700557120350425     
        1241   53.651764511677804        79.630016025953807     
        1242   53.791843045817210        79.632539801239346     
        1243   52.364697856031526        79.592326712722382     
        1244   52.305275794026933        79.449666068023689     
        1245   53.026426971097997        79.571288517799346     
        1246   52.247100383095038        79.522642075797251     
        1247   54.088818867851998        79.624546735481047     
        1248   53.673409659109893        79.628617680439149     
        1249   53.349614016679958        79.500899663138242     
        1250   54.141035168136838        79.764010275394341     
        1251   52.276285366746116        79.749764432060033     
        1252   52.158343810561419        79.779286929611999     
        1253   52.330477417805227        79.463595412494030     
        1254   54.165319587142825        79.641632760029921     
        1255   54.268905269667044        79.514997724981029     
        1256   52.861119705963468        79.634930940986905     
        1257   53.895739930377189        79.575262361089543     
        1258   52.168485097836012        79.761337879913143     
        1259   53.364414633772505        79.581986002582880     
        1260   52.674682517309328        79.759123655483208     
        1261   53.402199688303412        79.515503545264039     
        1262   53.356177997656907        79.552163717414174     
        1263   52.569027443342669        79.484270846479959     
        1264   53.424688901613358        79.603035444033466     
        1265   52.697386025550323        79.747920262781861     
        1266   53.026557875032580        79.561112929813518     
        1267   52.273987209532272        79.726278487272396     
        1268   52.251961692360787        79.510741990325428     
        1269   52.740557723963391        79.611993620111079     
        1270   53.169508005448975        79.709909858020779     
        1271   53.229015504081147        79.563720472788447     
        1272   52.770059106260817        79.416636162129350     
        1273   52.804611691192797        79.421797278628944     
        1274   53.282637622707945        79.566561631149639     
        1275   52.394971615497404        79.508182329366505     
        1276   53.250344940390725        79.599770974979251     
        1277   53.867414718273359        79.777639273317320     
        1278   54.290739062483624        79.614420304773390     
        1279   52.338238502191984        79.696176440247001     
        1280   53.381552908197115        79.426620029887744     
        1281   53.427018831131896        79.744199658557861     
        1282   52.476994713141437        79.560250266348518     
        1283   53.298878162769782        79.683144085112787     
        1284   53.866881809103141        79.777241470762050     
        1285   53.316080769467213        79.582361534865470     
        1286   53.568865587213367        79.683671738886233     
        1287   52.878214140682623        79.718731859709621     
        1288   53.328644575366539        79.577318894337623     
        1289   54.272448707911835        79.519550659708557     
        1290   53.773475120856673        79.453491202703631     
        1291   53.776895067322656        79.436281343826693     
        1292   52.856379747169264        79.401445725109767     
        1293   53.710730075248669        79.666162117106509     
        1294   53.235642252991902        79.564537012671607     
        1295   53.362177194630682        79.582854215358893     
        1296   53.413600685517686        79.580728226126126     
        1297   53.532654952386949        79.579321080519534     
        1298   53.344779367645756        79.568542967168852     
        1299   53.208221791372502        79.609203478085277     
        1300   53.371639902319586        79.580309245103251     
        1301   53.156024298503340        79.489999593362796     
        1302   53.318912415283641        79.581308357989840     
        1303   53.930559894640979        79.793156345200146     
        1304   52.487031828437082        79.513923233168910     
        1305   52.733365800958360        79.456516625077754     
        1306   53.293656325242331        79.587659920095632     
        1307   53.101256608921013        79.430010538743488     
        1308   53.209778922568333        79.497521916276384     
        1309   52.368824979413098        79.576739346459206     
        1310   53.794483088809372        79.755227770192519     
        1311   52.244683914815795        79.723306096713188     
        1312   53.230614415631031        79.663502008827351     
        1313   52.704567059639167        79.615766540033803     
        1314   54.125516425312874        79.776922970345225     
        1315   54.287172516034310        79.437229305585348     
        1316   53.385871171860678        79.573357263520037     
        1317   53.524796241075613        79.624186444135418     
        1318   53.918472009876659        79.767187664260263     
        1319   52.364462053359951        79.645320166954079     
        1320   53.764972432112621        79.663967061695089     
        1321   53.270977327967955        79.579575341836332     
        1322   52.209006248817445        79.504342524645267     
        1323   53.327507484015811        79.579600134705672     
        1324   52.696683674877761        79.551977920312424     
        1325   52.562364009726508        79.731570402380939     
        1326   53.690424223008577        79.591433286561013     
        1327   53.335847710989015        79.579731129367303     
        1328   53.326582277625668        79.583745442031088     
        1329   53.433768732655707        79.568396099744533     
        1330   52.753651107421696        79.613336184202140     
        1331   54.140008536690715        79.763545476724104     
        1332   53.300603053865267        79.529975312856820     
        1333   53.886076280888062        79.620438879477035     
        1334   52.364006343004917        79.420950009089680     
        1335   53.332882303355738        79.569581886813666     
        1336   53.957513118030462        79.487776267877521     
        1337   53.118204873916902        79.730653504361229     
        1338   53.845120754467068        79.567560804140555     
        1339   53.246867134639459        79.536558081999416     
        1340   52.268813936700639        79.442053689674893     
        1341   53.048290844073584        79.618139822856847     
        1342   52.955934411423584        79.607863967188109     
        1343   53.861191252464437        79.566808860231603     
        1344   52.946611152888551        79.761463957228543     
        1345   53.313698275564178        79.588203715871700     
        1346   52.355803012282351        79.466133030692546     
        1347   53.316732364321460        79.601533642625498     
        1348   52.577543211657023        79.739465924711041     
        1349   54.124356512446738        79.776417282546916     
        1350   52.396499880698350        79.439077181761675     
        1351   53.222817869741277        79.583058644060401     
        1352   53.173784521597362        79.493469051620210     
        1353   53.514993690254450        79.649696283023488     
        1354   53.348358729997273        79.573615149583915     
        1355   53.960245856317492        79.473800258546163     
        1356   52.346506570365456        79.453195911390992     
        1357   53.331642835014485        79.574882678928134     
        1358   53.131622126626851        79.477702980731436     
        1359   52.964469020856050        79.698411549833679     
        1360   53.747143535369425        79.403137763635797     
        1361   53.408139010197210        79.693048688956722     
        1362   53.312447528007297        79.587433118048892     
        1363   53.106302269466219        79.446545077338726     
        1364   53.226382097741904        79.468966577311150     
        1365   53.936102191292917        79.603470024677947     
        1366   53.331606408190829        79.584873921972914     
        1367   53.252459159258983        79.423210506741611     
        1368   52.551950779876364        79.622651903614297     
        1369   53.331288623512961        79.580375682890406     
        1370   54.283435256250236        79.597030949412982     
        1371   52.397696832782565        79.433155743832273     
        1372   53.331964741685397        79.585867499543895     
        1373   53.917925818420514        79.766789929441444     
        1374   52.309169745275156        79.429908140835394     
        1375   52.585488518525494        79.586393999577439     
        1376   53.293426338746372        79.580144081879538     
        1377   53.864040341691599        79.436707195980546     
        1378   52.379839324011883        79.558675978434664     
        1379   53.694679928464701        79.461405674579282     
        1380   53.313130415674522        79.580131319516113     
        1381   52.418417435651406        79.589264955897860     
        1382   53.316491893985678        79.621494265886227     
        1383   52.978234087682900        79.678735684643016     
        1384   53.085856987105558        79.771915672257649     
        1385   53.077083643161444        79.528479178919866     
        1386   53.083886562285855        79.548321314092249     
        1387   53.872388482116328        79.557752277362908     
        1388   53.620873621817630        79.558818011278802     
        1389   53.582117403966834        79.584395128933579     
        1390   53.308249272551585        79.584711475493265     
        1391   53.475813747437407        79.653431510407074     
        1392   54.228516356609596        79.603252709455674     
        1393   53.338005423157782        79.578609663680680     
        1394   53.409065009672076        79.441327099187532     
        1395   53.219954267949575        79.652135421004800     
        1396   53.360414311010750        79.624309747123561     
        1397   53.538300209523051        79.695496548209945     
        1398   53.342209364337052        79.580007412634018     
        1399   52.664649870134255        79.466679740551058     
        1400   53.245291526207140        79.590445756062294     
        1401   53.082375596874932        79.758467078859127     
        1402   53.391419610036280        79.610198884467550     
        1403   53.838183452266399        79.788455736820580     
        1404   53.253571423368356        79.405021026172705     
        1405   53.340986581690942        79.579351833618162     
        1406   53.230098295246222        79.533646985859477     
        1407   53.335958856533502        79.576856500144359     
        1408   53.326361883227712        79.589171121430596     
        1409   53.315657993335577        79.629157854963196     
        1410   53.407852348234933        79.596236715264396     
        1411   53.316257980256744        79.589226464864780     
        1412   53.556826673429136        79.594394071380634     
        1413   52.723209730900940        79.438608821608213     
        1414   53.940783452705936        79.470607783330081     
        1415   53.219849827204953        79.573895121562828     
        1416   53.292234611390221        79.583075725124147     
        1417   53.408303882817840        79.676548282022011     
        1418   52.598287500501392        79.530001126975833     
        1419   52.744390351607940        79.634788587125001     
        1420   53.164644798401625        79.536816731982853     
        1421   53.375154113719162        79.583921501744072     
        1422   53.254455391353382        79.587079428090988     
        1423   53.231068022550843        79.576857791715042     
        1424   52.466465249493602        79.596172304591406     
        1425   54.036436580548276        79.577569775950764     
        1426   53.290259358698059        79.592897382625509     
        1427   53.185601474850706        79.579973258893190     
        1428   54.164471677048454        79.563057489691332     
        1429   53.321796748280292        79.586834515275498     
        1430   53.347744651631189        79.589000683705862     
        1431   52.393675020329987        79.572245486135202     
        1432   53.779577271243056        79.526675564930201     
        1433   53.079860210519591        79.616446567193677     
        1434   53.491572937585417        79.587256081442931     
        1435   53.055387133713012        79.607811271217500     
        1436   52.385169111191281        79.516640966069218     
        1437   53.272169071101665        79.568450575941029     
        1438   53.266669927187174        79.560621571171254     
        1439   53.557779985595509        79.514136954345290     
        1440   53.384173717368775        79.722798208090566     
        1441   54.022220023725424        79.488661250743448     
