           1   228.99842767036446        7.6173986376800090E-002
           2   228.87235201557613        7.1225931850789237E-002
           3   228.99419790111060        7.4047306652270203E-002
           4   229.08418604374992        7.5965246751147880E-002
           5   229.06165031559746        7.5320919604699818E-002
           6   229.06290458222287        7.4797929840498573E-002
           7   228.87076542751734        6.8511581670104849E-002
           8   229.13454612394568        7.4813470885040534E-002
           9   228.98279448074558        7.1067899341033872E-002
          10   228.98135368377862        7.0950381555662412E-002
          11   229.05650051788649        7.1928491831884586E-002
          12   229.15080488134254        7.3047801867602208E-002
          13   229.15065266215964        7.2597108670495888E-002
          14   228.95217106347764        6.7196166936756910E-002
          15   229.12066539933616        7.1274134210071893E-002
          16   229.06406026141110        6.9882219916096042E-002
          17   229.09225638627959        7.0254075567011853E-002
          18   228.96259879929875        6.6799479445100451E-002
          19   229.16899377325058        7.0970410316030921E-002
          20   229.16880819326741        7.0490600647581086E-002
          21   229.05642390093973        6.7481406678330899E-002
          22   229.09459069165104        6.7974361167208827E-002
          23   229.04753379578520        6.6699982528246701E-002
          24   229.18274005871680        6.9551131967959104E-002
          25   229.17453843124306        6.9225375279494197E-002
          26   228.89631039839225        6.2160507808516570E-002
          27   229.18255060946566        6.9033165810948816E-002
          28   229.17434494980756        6.8771961470310478E-002
          29   228.87927548307502        6.1452670116392751E-002
          30   229.15733439888376        6.8064234670676724E-002
          31   229.15717377806195        6.7628638770037094E-002
          32   229.08931398620848        6.5335930151736957E-002
          33   229.02853974908805        6.3811275733501593E-002
          34   228.99782992465921        6.2773130934594412E-002
          35   229.12641572661235        6.3945415481282297E-002
          36   229.06589598110148        6.1984352627899801E-002
          37   228.89886255862174        5.6741137627656500E-002
          38   228.99782717757881        5.8908730839484252E-002
          39   229.10601218438160        6.0346455160998173E-002
          40   228.83337535922564        5.3491613595808840E-002
          41   229.08294264906513        5.9502330122233042E-002
          42   229.04275518571538        5.8520694087807801E-002
          43   228.97017248763024        5.6058762827826798E-002
          44   229.19459098363561        6.0535225056459835E-002
          45   229.13096731760905        5.8751946148441619E-002
          46   229.05184675102831        5.6329989930585557E-002
          47   228.97679695117338        5.3750567824786266E-002
          48   228.98686523649479        5.3359323811494268E-002
          49   229.06998706338001        5.5183728424816343E-002
          50   228.89452254913428        5.0915966780167757E-002
          51   228.94194813017972        5.1622707320165856E-002
          52   228.96396522907642        5.1577223672190670E-002
          53   228.96508815700685        5.1354033651409413E-002
          54   228.98144824353008        5.1616473645738119E-002
          55   229.06751108606656        5.1505807160643416E-002
          56   229.20193996640910        5.4664093907171418E-002
          57   229.20170850141599        5.4166916565186796E-002
          58   229.02105044138511        4.9618255799730539E-002
          59   229.02446803478284        4.9689912295522901E-002
          60   228.97493775881591        4.8164875589393606E-002
          61   229.09942693420530        5.1125548596209776E-002
          62   229.01755086629834        4.8967729015620777E-002
          63   229.02427241489491        4.8262850579680446E-002
          64   228.95845196814165        4.6575768366717812E-002
          65   229.07746650429976        4.8860123808360710E-002
          66   228.87981441665445        4.2791748381680692E-002
          67   228.89500031123379        4.1341019079045860E-002
          68   229.00405374532923        4.3835313286828270E-002
          69   228.88775717028861        4.0977222125245759E-002
          70   229.12936648698437        4.6278017039568443E-002
          71   229.03564417386636        4.3008228581660805E-002
          72   229.09107051110183        4.2863456273597014E-002
          73   228.98419998182439        4.0165447540822394E-002
          74   228.82983123494321        3.5271239531022978E-002
          75   229.13764529421536        4.2295845742098957E-002
          76   229.13475840343165        4.1859658702563730E-002
          77   228.99819818700718        3.7626843240378779E-002
          78   228.97760261928610        3.6937834936682408E-002
          79   228.97543595047011        3.6874468090575187E-002
          80   229.13644932836738        4.0647935495666157E-002
          81   228.85072532335016        3.3705302855700815E-002
          82   228.85356754470848        3.3600833698480666E-002
          83   228.90626671857413        3.2068617873072018E-002
          84   228.89466038058237        3.1418800601941091E-002
          85   229.10541694943348        3.6320307965584504E-002
          86   229.04326152898156        3.4281325061095998E-002
          87   229.03360800337529        3.3603444531822499E-002
          88   228.86027277441164        2.9212192162534366E-002
          89   229.05902837871935        3.3286092666773466E-002
          90   228.96110997469108        3.0726574792807413E-002
          91   229.06825257449898        3.2636643538936028E-002
          92   228.89749519021922        2.7909061890567761E-002
          93   229.09911344809353        3.2287853971223440E-002
          94   229.06961965315836        3.0814370475250381E-002
          95   229.06154177406452        2.9920052929465209E-002
          96   229.13413177981835        3.0722592011461821E-002
          97   228.91301266814074        2.5292679868805155E-002
          98   229.01504434523636        2.7369783045157269E-002
          99   228.81906803930727        2.2053851243412172E-002
         100   229.00539159101749        2.4797710145154656E-002
         101   228.94335388608275        2.3152484133273699E-002
         102   228.90845151777947        2.1383698399106324E-002
         103   229.02658241909413        2.4055845177014815E-002
         104   228.85754510761961        1.9909845367918434E-002
         105   228.98484992118190        2.2935957935381508E-002
         106   228.87530762568184        2.0098561725637946E-002
         107   229.14060063310052        2.6059459703322001E-002
         108   229.16902495977430        2.6365887368734263E-002
         109   229.12954138515408        2.4856355849587414E-002
         110   229.19256347472003        2.6077549682597012E-002
         111   229.02851834513214        2.1609244911902716E-002
         112   229.00198538876538        2.0886079762710855E-002
         113   229.05681596939786        2.2012474796213748E-002
         114   229.11079503496194        2.2300530306598572E-002
         115   229.06434888488059        2.1023303624989092E-002
         116   229.16001174633251        2.2881636685210770E-002
         117   229.07524389489203        1.8803767805196710E-002
         118   228.92393465710506        1.5086141047126942E-002
         119   229.04111646773825        1.7509198736894431E-002
         120   229.05080729609054        1.7252647615874590E-002
         121   228.96866130632606        1.5221740779586672E-002
         122   229.04442178490402        1.5245906779950098E-002
         123   228.85794095249364        1.0063398211067250E-002
         124   229.10250710612368        1.4238235264056636E-002
         125   229.12523096477048        1.4042084046274845E-002
         126   228.96844864075990        9.5043214117906689E-003
         127   228.97577171749512        9.1755217091399437E-003
         128   228.97404600712611        8.7961372565824245E-003
         129   229.14730990651498        1.2938971696706316E-002
         130   229.00727635676049        8.7055759752554304E-003
         131   228.90543460701042        6.1331102593603394E-003
         132   228.95661885016762        7.3573421904702969E-003
         133   228.86504019136592        4.8723100423836152E-003
         134   229.20504915727753        1.2455609639155013E-002
         135   228.94291071232513        6.0118482512213026E-003
         136   229.00407770910940        7.2165132352826483E-003
         137   228.91266511831901        4.6748807586045630E-003
         138   229.00074528557843        6.7679996132889528E-003
         139   229.19827990607712        1.1383916058790440E-002
         140   229.04275495375353        7.2366055527494279E-003
         141   229.14780553777777        9.1403801692715950E-003
         142   228.98567323134142        4.5231933771340957E-003
         143   229.06170152445785        6.2519936314120051E-003
         144   228.89626516218758        1.5390903026759844E-003
         145   229.17632395812024        8.0344345551074722E-003
         146   229.08913128114145        5.7912564993276476E-003
         147   229.13298336919482        6.7065341628861647E-003
         148   228.97268022722605        1.7570003786731593E-003
         149   228.89327361035339       -1.6817906104437056E-004
         150   229.01908260960593        1.5102485195973554E-003
         151   229.18930192925899        5.4146990220875421E-003
         152   228.81712895424263       -3.8475537541121114E-003
         153   228.93662492130420       -1.7194733367491674E-003
         154   229.06253093295990        1.1787705338886397E-003
         155   229.16163170028625        3.5731550070348590E-003
         156   229.18863511557990        3.7700337266531338E-003
         157   228.93325295072444       -2.4973615263442135E-003
         158   228.86309045738145       -4.3167209660562303E-003
         159   228.97961676288892       -1.7178962850318365E-003
         160   229.00072316816303       -1.3307914566067322E-003
         161   228.89952699439215       -4.7913888887249111E-003
         162   229.15825251099261        1.4113983098572576E-003
         163   229.11965034919820        2.8467420859711360E-004
         164   228.92448793099902       -4.5081624119905480E-003
         165   228.88360951619256       -5.7584730331605230E-003
         166   229.01292144600686       -3.9374755435537005E-003
         167   228.87732308672520       -7.3716513721769654E-003
         168   229.17320410040051       -2.4204338079208336E-004
         169   229.04372765620209       -4.1330188443472774E-003
         170   229.08775656186856       -3.5097390109189003E-003
         171   228.84902727222291       -9.3467367961638567E-003
         172   229.01835058384771       -6.1459024599092279E-003
         173   228.84986120489694       -1.0494669844537676E-002
         174   229.00586882695322       -7.2742486753631739E-003
         175   229.13501740419940       -4.3026365378520306E-003
         176   229.10669766546107       -5.0019376053612608E-003
         177   229.02237147884946       -7.7933683892686331E-003
         178   229.03067564420556       -7.7747712390227163E-003
         179   228.85660095716159       -1.3096561709548307E-002
         180   228.93172381435002       -1.1376706539619971E-002
         181   229.19346803086580       -5.3331859863243883E-003
         182   228.91240715443004       -1.2458606908632628E-002
         183   229.09603426161686       -8.1954606192775302E-003
         184   228.96732470961757       -1.1537073411256191E-002
         185   229.04777733188715       -9.6118170295966202E-003
         186   229.18975201031887       -6.2603739802141907E-003
         187   229.00542045234857       -1.0771118717369911E-002
         188   229.10954216965530       -8.7161185033941147E-003
         189   228.92277985910380       -1.3322019220944116E-002
         190   229.00929715549339       -1.2261399306038225E-002
         191   228.89189805401867       -1.5231373904863553E-002
         192   229.12642515258892       -9.8514928342506389E-003
         193   228.89901993526115       -1.5515893675115813E-002
         194   229.08407185919850       -1.1187653607402403E-002
         195   229.08276322459628       -1.1558469212696411E-002
         196   229.18115604301329       -9.4147346641258855E-003
         197   228.95940840089031       -1.4928801212681524E-002
         198   229.17998312682371       -9.5881215168367971E-003
         199   228.85031970609907       -1.8443118020311275E-002
         200   229.05328920354714       -1.4100551837582619E-002
         201   229.06739112597819       -1.3777839344521236E-002
         202   228.89352482500126       -1.8878637625205721E-002
         203   228.94809232242375       -1.7738358738704718E-002
         204   229.16960192336919       -1.2706331952837229E-002
         205   229.10959792515351       -1.4464342983453032E-002
         206   228.98207835292482       -1.9583186790494145E-002
         207   229.19830608244595       -1.5353830223900342E-002
         208   229.05901739437158       -1.8753897130180958E-002
         209   229.13936816198932       -1.6897061567123419E-002
         210   229.08962690091138       -1.8254698472187549E-002
         211   229.08263960962549       -1.8797257088355251E-002
         212   229.15513682529635       -1.7817822214323594E-002
         213   228.83848702516406       -2.5941287286013227E-002
         214   228.97007595719947       -2.4038851273516390E-002
         215   229.15867076351856       -1.9585143204031302E-002
         216   228.83866255535372       -2.7727375042211184E-002
         217   228.81695958456675       -2.9417330137460982E-002
         218   228.96669178462764       -2.6114076801464048E-002
         219   228.91049580350398       -2.7630434110334862E-002
         220   229.14118153555376       -2.2071548767281145E-002
         221   228.92707559616611       -2.7449342305643241E-002
         222   228.97929608675454       -2.6939912867126058E-002
         223   229.03477045788517       -2.5702671822292685E-002
         224   228.84956425005680       -3.0365273551235302E-002
         225   229.20061988458926       -2.2457624121936734E-002
         226   229.14785734142791       -2.4046636672867761E-002
         227   228.95807092581180       -2.8664420245721387E-002
         228   228.99640678625946       -2.8177473048157212E-002
         229   228.93084568266752       -3.0273880130216538E-002
         230   228.94571887740398       -3.0567352137693259E-002
         231   229.07345814664623       -2.7508044876562519E-002
         232   229.01513392294962       -2.9082100637095012E-002
         233   228.89717454788513       -3.2477606294595895E-002
         234   229.06592440859129       -2.8730425913894082E-002
         235   228.99519570484554       -3.1384097501713094E-002
         236   229.20596072773014       -2.6437475682914123E-002
         237   228.92607441640027       -3.3982153316725473E-002
         238   228.87255638869485       -3.5601380224618201E-002
         239   228.90484453299808       -3.5524286964578836E-002
         240   229.02348700549371       -3.2928012589956944E-002
         241   229.13785564318164       -3.0533992284432095E-002
         242   229.14471221993139       -3.0430130850539545E-002
         243   229.08557074916243       -3.2537782363964360E-002
         244   229.05597464801647       -3.3545920433383607E-002
         245   229.01323490368435       -3.5129959399085649E-002
         246   229.17881765612975       -3.2218829692053870E-002
         247   229.11453017006664       -3.4203028651184041E-002
         248   229.07098892205062       -3.5367514333875832E-002
         249   228.93614201828288       -3.8771635916484214E-002
         250   229.14535472055391       -3.3738183302410463E-002
         251   229.06418201492275       -3.6428653058468333E-002
         252   229.12462661216676       -3.5146753332154029E-002
         253   228.91780826625424       -4.0231786787294610E-002
         254   229.01749764473908       -3.7895895098918643E-002
         255   228.85522323479671       -4.2793749017343119E-002
         256   228.98859424365946       -4.0994914635474687E-002
         257   228.96688729666639       -4.4150368424466915E-002
         258   229.13279521485836       -4.0150715320855901E-002
         259   228.89036658845595       -4.6434039842883107E-002
         260   228.92598764559048       -4.5806669118320084E-002
         261   229.16223002272184       -4.0625968825970672E-002
         262   228.83550333743011       -4.8711647863876620E-002
         263   229.02804893736561       -4.4114740709764427E-002
         264   229.03991997661913       -4.4457181054486899E-002
         265   228.82508344815363       -5.0718872907845554E-002
         266   229.09986735780302       -4.4117502817098087E-002
         267   229.04887122699779       -4.5388484179270196E-002
         268   229.08440346812282       -4.4740806406247412E-002
         269   229.17459945861302       -4.2728480894082779E-002
         270   229.03175001165843       -4.6308970043555026E-002
         271   228.93743959494506       -4.8912504851839525E-002
         272   228.98738834592908       -4.8022736111374142E-002
         273   228.93429965123428       -5.0055844705578306E-002
         274   228.99100115498331       -4.8800021173963655E-002
         275   228.91555087400778       -5.1379148916360549E-002
         276   229.09312233003337       -4.7130470559530645E-002
         277   228.92962886777440       -5.1391766281802774E-002
         278   229.04962177805459       -4.8806591120949434E-002
         279   229.05066780293018       -4.8863125234026673E-002
         280   229.00315070459177       -5.0601284822138326E-002
         281   228.91861402299415       -5.2766713992933638E-002
         282   229.03519220777301       -5.0597063072725483E-002
         283   228.97576059910082       -5.2168454815539139E-002
         284   229.18009266653502       -4.7229700286111176E-002
         285   228.93553652935881       -5.3480738438967751E-002
         286   228.87390361861199       -5.5426287259893743E-002
         287   229.00514829651635       -5.2347094544347772E-002
         288   229.01219479041615       -5.2294109939248254E-002
         289   228.98731023055620       -5.3190630652882043E-002
         290   228.95515358525824       -5.5378747577838158E-002
         291   228.98677683993932       -5.4886791010795286E-002
         292   229.06019049170166       -5.3323424769812208E-002
         293   229.06403562108002       -5.3839149439264704E-002
         294   229.16990705063094       -5.1484920050714207E-002
         295   228.96244692528865       -5.6900884348684462E-002
         296   228.96548065712997       -5.7027124607003293E-002
         297   228.88696984877723       -5.8949815751008799E-002
         298   228.99600552532269       -5.6642278186728651E-002
         299   229.00672937604369       -5.6418392122116218E-002
         300   229.07602239923460       -5.5035695467806518E-002
         301   229.06377747780837       -5.7074153467126201E-002
         302   229.07199735308282       -5.6970940867350384E-002
         303   229.05353667711034       -5.7478202606094181E-002
         304   229.09627140756729       -5.6572332195137805E-002
         305   229.11904281861516       -5.6546176376861934E-002
         306   229.01486453726798       -5.9513479962261140E-002
         307   229.11065508203581       -5.7269365779649882E-002
         308   229.05216229440566       -5.8795338958135608E-002
         309   228.88754458226725       -6.2977000637932684E-002
         310   228.81677369029589       -6.5752528956424042E-002
         311   228.88483565862632       -6.4341920806656475E-002
         312   228.99773216855607       -6.1966555851772888E-002
         313   228.98617684467050       -6.3311570057023120E-002
         314   228.97650829241297       -6.4338319138900549E-002
         315   229.03262515449720       -6.3905143955836852E-002
         316   229.02803682700653       -6.4394022739398163E-002
         317   229.06072834014591       -6.3744164789185154E-002
         318   229.02934629434927       -6.5407836216465481E-002
         319   229.13953381663748       -6.2868594055326021E-002
         320   229.02253639942489       -6.6057037477344621E-002
         321   229.05603853617387       -6.5987979586432113E-002
         322   228.90473166367482       -6.9877784474645821E-002
         323   228.98246822917662       -6.8130110384341955E-002
         324   229.05967962256315       -6.6476131102856995E-002
         325   229.05778410122787       -6.6732242715125567E-002
         326   229.04287363686942       -6.7209388941464818E-002
         327   228.93395733285828       -7.0427268301691284E-002
         328   228.84810394286106       -7.2615808202186771E-002
         329   229.04417262850649       -6.8017830619954256E-002
         330   229.01054131275882       -6.9740344282149577E-002
         331   229.04223621804496       -6.9035638190404258E-002
         332   228.99423025668543       -7.0271667082398293E-002
         333   229.06709795861471       -6.8879883362274880E-002
         334   229.18880930651468       -6.6010608171748725E-002
         335   229.04211805878285       -6.9966199445634134E-002
         336   228.87414744971639       -7.4125491931018195E-002
         337   229.17002952900873       -6.7257080587843965E-002
         338   229.16743484209030       -6.7998569771659606E-002
         339   229.07926476918036       -7.0523092037204818E-002
         340   229.02969175235540       -7.1781039713048361E-002
         341   228.95800891285705       -7.4170461818902134E-002
         342   229.00475443526994       -7.3144803095949049E-002
         343   229.01213528159332       -7.2967618984634941E-002
         344   229.15024948316304       -7.0790573387178035E-002
         345   228.88324667707232       -7.8179077716229076E-002
         346   228.90133866285726       -7.8321208830694308E-002
         347   229.15734775666635       -7.2214501348528332E-002
         348   229.04568170809242       -7.5522766443408412E-002
         349   228.97075158028051       -7.7338016725293057E-002
         350   229.14461706837571       -7.3612113319666300E-002
         351   229.02733370836950       -7.6853611762044111E-002
         352   229.07905104199520       -7.5669031545570364E-002
         353   229.02506832544461       -7.7125180730715920E-002
         354   228.93262633675019       -7.9431138657792402E-002
         355   229.14223616974976       -7.4916125849095960E-002
         356   229.00759789182368       -7.8220913017872068E-002
         357   228.97639834232899       -7.9069689889876130E-002
         358   228.99573478687748       -7.8913858822482266E-002
         359   229.07005701493014       -7.7297859848189460E-002
         360   229.09927813607757       -7.6609406734152591E-002
         361   229.04697444426628       -7.8019381206593352E-002
         362   229.13066094392360       -7.6043028094733456E-002
         363   229.01253245036591       -7.9039078965114112E-002
         364   228.83143021687175       -8.3809170724478424E-002
         365   228.89517715618592       -8.2293228974204852E-002
         366   229.00885162212472       -7.9576742533268047E-002
         367   229.00539043303718       -7.9993368781632421E-002
         368   228.98348939577238       -8.1029398562652705E-002
         369   228.92450373495564       -8.2590672169482723E-002
         370   228.99253146627981       -8.1062754847191984E-002
         371   228.84189298721304       -8.4959652631507163E-002
         372   229.11701325310457       -7.9137843037988792E-002
         373   229.04951392582268       -8.0932816720537010E-002
         374   228.90566167857475       -8.4437625489313925E-002
         375   228.91095558312733       -8.4498060171934314E-002
         376   229.12649446160012       -7.9389882616784993E-002
         377   228.84295705232697       -8.6432732524462472E-002
         378   229.20091450977156       -7.7820436463641882E-002
         379   228.85674327567835       -8.6392970432122781E-002
         380   229.15262949225431       -8.0171667483810147E-002
         381   228.93845509551977       -8.5409346133734354E-002
         382   228.99606431885036       -8.4022726714133258E-002
         383   229.03950488057600       -8.2985617998827657E-002
         384   229.06573476078643       -8.2481890732357580E-002
         385   229.02317387919064       -8.3883539560513573E-002
         386   228.83996435237492       -8.8604246504117704E-002
         387   229.10602585656713       -8.2561121100989676E-002
         388   229.00484337381496       -8.5034337809399230E-002
         389   229.01544455413787       -8.4945402325405386E-002
         390   228.99934639724972       -8.5811081212283619E-002
         391   229.12637361815550       -8.2804804508328597E-002
         392   228.97913058908128       -8.6582500994080033E-002
         393   228.99361739482703       -8.6526114228727524E-002
         394   229.09034531949948       -8.4245539965914024E-002
         395   229.02668829497298       -8.5881639557418468E-002
         396   228.98553125919773       -8.7021249786940327E-002
         397   229.00491344133835       -8.6666341410914075E-002
         398   229.03547249935403       -8.6132785794776276E-002
         399   228.98848221034552       -8.7342113753098069E-002
         400   229.00034090601991       -8.7216033585697378E-002
         401   228.82097842956961       -9.1749761071256333E-002
         402   228.98284669899996       -8.8309656679829041E-002
         403   229.05582838402253       -8.6625154356006387E-002
         404   228.99538580538504       -8.8113353777625372E-002
         405   229.20436947523379       -8.3217012848607441E-002
         406   228.89857947433012       -9.0679063435201351E-002
         407   229.00347316816848       -8.8636166956026816E-002
         408   229.01085350948554       -8.9396642995031583E-002
         409   228.99638638543439       -8.9747507287843531E-002
         410   229.05580041651854       -8.8477578312370075E-002
         411   229.03320332988568       -8.9243377014680131E-002
         412   229.00945319911204       -8.9990031978522705E-002
         413   228.96660151769120       -9.1265906238751207E-002
         414   229.14024100157604       -8.7254147558537956E-002
         415   228.89143953214642       -9.3301602470873157E-002
         416   228.89395741011907       -9.3498863754971726E-002
         417   228.95568503028491       -9.2162383022366415E-002
         418   228.99855469089889       -9.1182178541894227E-002
         419   228.99959693234118       -9.1208404649121874E-002
         420   229.05215437486868       -9.0268048143794549E-002
         421   229.20272630817868       -8.6811489614791723E-002
         422   229.16381379512805       -8.8328070906913900E-002
         423   228.96012473964475       -9.3529826556760759E-002
         424   228.99678771424453       -9.3179434283511997E-002
         425   229.03238878214754       -9.2421856762144122E-002
         426   228.99997582872987       -9.3608744639480851E-002
         427   229.05399837000445       -9.2302577230811728E-002
         428   228.98863783268132       -9.3977762597331344E-002
         429   228.98936291043353       -9.4134263589914183E-002
         430   229.01077550656026       -9.3850112963588403E-002
         431   228.98447583822275       -9.4748378038491302E-002
         432   229.04197420961728       -9.3580717409463804E-002
         433   228.99090958522902       -9.4947229280175127E-002
         434   229.16462998090020       -9.1586213401249880E-002
         435   228.97804128488525       -9.6154747504724525E-002
         436   229.11849800465467       -9.2809357724821948E-002
         437   229.02841904748237       -9.5308903105903606E-002
         438   229.20543139041382       -9.1031322740202689E-002
         439   229.06270662647896       -9.4672222640677386E-002
         440   228.99917356170849       -9.6260902895984532E-002
         441   229.06024388625829       -9.4916059211677756E-002
         442   228.99270350745587       -9.6567906435317402E-002
         443   229.06863546378841       -9.5390746258394041E-002
         444   228.99693100932512       -9.7183221443562548E-002
         445   228.96661769842359       -9.8015687195129722E-002
         446   229.01820589788855       -9.6773104224102832E-002
         447   229.08295415840709       -9.5513979750060055E-002
         448   229.00287375827244       -9.7875397223369978E-002
         449   228.99087454374248       -9.8230585332419407E-002
         450   229.04427122697641       -9.7123590039664490E-002
         451   229.02491097811395       -9.7611511457833436E-002
         452   229.08390135823461       -9.6349115745627073E-002
         453   228.97054407616733       -9.9391344343458352E-002
         454   229.05692213186134       -9.7368333806898300E-002
         455   228.85375329858724      -0.10235429382513904     
         456   229.03881260941054       -9.7879715815231513E-002
         457   229.03560865247400       -9.8348069370187238E-002
         458   229.00552039589653       -9.9662116102298540E-002
         459   228.93064331202834      -0.10149588062821682     
         460   229.00133356321982       -9.9986523705380900E-002
         461   228.96561649238552      -0.10100586596847011     
         462   228.96640816143884      -0.10139469126883797     
         463   228.96984555309621      -0.10142298164124194     
         464   228.95079046285650      -0.10208555981114481     
         465   229.00503377888322      -0.10093843572134326     
         466   228.98379759747635      -0.10160639835128349     
         467   229.16246973390457       -9.7414122786044000E-002
         468   228.96748782355485      -0.10215278178926321     
         469   229.03115674671307      -0.10090708331605117     
         470   228.97616669610554      -0.10226457704593420     
         471   229.02354563764248      -0.10130427473843330     
         472   229.19697306937076       -9.7305171891032147E-002
         473   229.00762045881464      -0.10217094075039314     
         474   229.06387053602981      -0.10081808112173052     
         475   229.02288960673724      -0.10240106656666945     
         476   228.98811708553532      -0.10326692316674441     
         477   228.99310485112267      -0.10317388398068833     
         478   228.86155253424761      -0.10649330147314864     
         479   228.96470829765880      -0.10402171845275621     
         480   228.89829487252541      -0.10634118602448833     
         481   228.94564266074624      -0.10533929568224730     
         482   229.01415686937241      -0.10370031092046038     
         483   229.03881512732480      -0.10314704749800176     
         484   228.99935480777171      -0.10440664096779806     
         485   229.19297675693034       -9.9775117624118254E-002
         486   228.99208352264537      -0.10510010604051347     
         487   228.93789939015511      -0.10677752773878837     
         488   229.03370408842721      -0.10460381487431236     
         489   229.06759916351086      -0.10397931526927763     
         490   229.03108273738982      -0.10540771605770910     
         491   229.00078893736588      -0.10636809103630931     
         492   229.02081695028474      -0.10599198044431389     
         493   228.94202007237934      -0.10797308460732254     
         494   229.09494557653275      -0.10455868282829105     
         495   228.92025028450601      -0.10892879990532886     
         496   229.02884923597585      -0.10641149344343724     
         497   228.99030344043189      -0.10743776071394401     
         498   229.04415327876470      -0.10614172017293444     
         499   229.00467421847790      -0.10730594908780434     
         500   229.02612953543297      -0.10705556839344388     
         501   228.90567053476238      -0.11026455475474516     
         502   229.09380136534182      -0.10579564763934840     
         503   229.02004283068575      -0.10767846842864146     
         504   229.12294981502336      -0.10530859632609108     
         505   228.98066120504527      -0.10900442888314411     
         506   228.84930712504922      -0.11221836130121551     
         507   229.05343611294566      -0.10742420609795164     
         508   229.00902284052523      -0.10852773401806511     
         509   229.02316435016914      -0.10824251496220892     
         510   229.08243823113588      -0.10695241083905513     
         511   229.03586978973544      -0.10827170464701383     
         512   229.02712639263123      -0.10849413318448384     
         513   228.99705617391183      -0.10941923867880704     
         514   229.03762677659088      -0.10854228610232587     
         515   228.93062706247287      -0.11123972041225154     
         516   229.05639396983145      -0.10821677348199429     
         517   228.89099446876213      -0.11245074622898071     
         518   228.93682215766725      -0.11140381587394159     
         519   228.83349694804036      -0.11439028314597524     
         520   228.92973439134505      -0.11206604020591511     
         521   229.01244216604013      -0.11010255167738729     
         522   229.15552984561492      -0.10664697434693840     
         523   229.03250772276769      -0.10967215956208413     
         524   228.95592081845038      -0.11169792226264488     
         525   229.19987643059784      -0.10591342500425575     
         526   229.04032536008771      -0.10988512412714427     
         527   229.02525621910209      -0.11046462137267299     
         528   228.96079332117546      -0.11216104490800513     
         529   229.00279712774139      -0.11128884210530106     
         530   229.11100231580875      -0.10879607897554017     
         531   229.07664673676410      -0.10966819240556315     
         532   229.02219370718589      -0.11115889697055999     
         533   229.02120223541820      -0.11119973880699764     
         534   229.04134407615035      -0.11075047191794328     
         535   229.06601833891278      -0.11020252986651763     
         536   228.95741671469906      -0.11286693420588340     
         537   229.09753862968037      -0.10954923532469407     
         538   228.89125930968555      -0.11476241993380056     
         539   229.05462511465836      -0.11142982671222136     
         540   229.04706456603230      -0.11162973656673880     
         541   229.06931224299402      -0.11111798260740290     
         542   228.82138864848099      -0.11720095952221972     
         543   229.01962913520410      -0.11263204809637975     
         544   229.00048389453914      -0.11313481758752639     
         545   229.01510747782768      -0.11289302265581565     
         546   229.05352978771978      -0.11231919784404742     
         547   229.19561374399089      -0.10958798538290931     
         548   228.98844049943168      -0.11476861611405834     
         549   228.97831765725886      -0.11528245049250878     
         550   229.10869474084856      -0.11256368146822718     
         551   228.83628219295451      -0.11925949920983211     
         552   229.02469962627308      -0.11475562368249301     
         553   229.00142221154050      -0.11536514962019725     
         554   229.04038890484190      -0.11458460735331749     
         555   228.95710869802301      -0.11687188723541449     
         556   228.94604470775957      -0.11722583497660272     
         557   228.90460306472175      -0.11837604300880832     
         558   228.94242653670744      -0.11767054862534741     
         559   228.84448510161289      -0.12011219141752992     
         560   229.02381610107099      -0.11592487809690506     
         561   229.14376685967989      -0.11326023858339740     
         562   228.90915961772848      -0.11914942918424518     
         563   229.03744193879990      -0.11606912080427366     
         564   229.03622151056717      -0.11627254255868991     
         565   229.02520938061059      -0.11660345747541663     
         566   229.00852807024057      -0.11700812690388449     
         567   229.17915456094977      -0.11291735315218927     
         568   228.99650586718624      -0.11738586776578624     
         569   229.01826318556053      -0.11697057338701711     
         570   229.02720605956321      -0.11693593685829047     
         571   229.08696260966690      -0.11557081860828262     
         572   229.00775366601908      -0.11758044174121832     
         573   229.12267430569273      -0.11490493078133875     
         574   229.02137390017120      -0.11739448264039083     
         575   229.01101932354038      -0.11851398059389037     
         576   228.96814952385671      -0.11984174767044717     
         577   229.06044029969149      -0.11763003895086495     
         578   228.99019524185661      -0.11944513045035385     
         579   229.19564857013401      -0.11463722241500710     
         580   229.02067572262814      -0.11901657924922873     
         581   229.05131050737768      -0.11847220483073122     
         582   229.05771604057091      -0.11835534267244703     
         583   229.07099873936241      -0.11815306238175725     
         584   228.89456004539258      -0.12256541339630274     
         585   228.93323736624171      -0.12178628597922013     
         586   228.96015280367445      -0.12117060008410208     
         587   229.01280539898735      -0.11994337158370667     
         588   228.88006510119587      -0.12326328428453773     
         589   229.12841009988762      -0.11729471033280361     
         590   228.96518069103871      -0.12138761891171497     
         591   228.99818662998729      -0.12069807829347808     
         592   229.05336679325546      -0.11941589986406385     
         593   228.87610712428503      -0.12414753180512278     
         594   228.98630115932960      -0.12157652077505512     
         595   229.01318796206394      -0.12125009590208950     
         596   229.01506744286112      -0.12138612800735769     
         597   229.09209848452653      -0.11961839649294943     
         598   228.97007485856176      -0.12262870356656123     
         599   228.97192619045103      -0.12297140724122739     
         600   228.91701110853478      -0.12434245201173620     
         601   228.88217165705385      -0.12522853752518390     
         602   229.02506342712718      -0.12220662165876311     
         603   229.15060501500514      -0.11918544428615378     
         604   229.14036043068560      -0.11973423968932422     
         605   228.90666978348042      -0.12544706376371267     
         606   229.02015154077239      -0.12284736515798624     
         607   228.97851402451960      -0.12429124234697307     
         608   229.07971543740669      -0.12197773626053483     
         609   228.99361888449587      -0.12432490944381076     
         610   228.88983568340882      -0.12740220653687673     
         611   228.92845888728195      -0.12649738222189488     
         612   229.03950914776337      -0.12387002989387133     
         613   229.03501962243914      -0.12408299428659575     
         614   229.02906783847453      -0.12437208593914587     
         615   229.13294426059880      -0.12199073156570442     
         616   229.01630393127866      -0.12523356591101051     
         617   229.07471457736938      -0.12397602096175456     
         618   229.00447746760256      -0.12589157153106165     
         619   229.00660778456961      -0.12584381959618685     
         620   229.14004568408365      -0.12262651586636952     
         621   229.19715647369512      -0.12130090017307854     
         622   229.00976023177188      -0.12590118713345230     
         623   229.06110237212008      -0.12484027239821206     
         624   228.96267338326248      -0.12744293961609784     
         625   229.04374840625167      -0.12569507017658119     
         626   229.03138149361982      -0.12617987094742206     
         627   228.88534423054730      -0.12971596531096979     
         628   228.96350637488928      -0.12793538115568706     
         629   228.96916561771124      -0.12790224375473391     
         630   228.98707213500600      -0.12748590206942947     
         631   229.00281606999553      -0.12712057932035267     
         632   228.95886376886628      -0.12831538990504085     
         633   229.03362096362727      -0.12689535266432675     
         634   229.08609664577827      -0.12595095832645312     
         635   229.03471033339352      -0.12723544117036065     
         636   229.05396552682845      -0.12682580956847114     
         637   228.99840542999226      -0.12819790807045248     
         638   228.93188489056206      -0.12985303294624026     
         639   229.02313234432489      -0.12765102753876614     
         640   229.04152324893653      -0.12725563152171604     
         641   229.08249084758816      -0.12657729342651824     
         642   229.03328978291614      -0.12798292464345307     
         643   228.98902280986877      -0.12914104250908451     
         644   229.13858487478939      -0.12563125845617798     
         645   229.02108063994834      -0.12855265089158732     
         646   229.11567216894380      -0.12639790424223091     
         647   229.05638627646167      -0.12835192838504497     
         648   229.06628909804388      -0.12813489598586569     
         649   229.08168031706595      -0.12798176456603488     
         650   229.02005316840115      -0.12967891394061021     
         651   229.05654660794872      -0.12902267582847507     
         652   229.04523083207872      -0.12930567350000935     
         653   229.05157576710511      -0.12917498568431190     
         654   228.95615330855745      -0.13160689761558425     
         655   229.08974579744986      -0.12874895255401633     
         656   229.16185085857714      -0.12725848067848261     
         657   229.07990277329282      -0.12932970499721910     
         658   228.98777337794650      -0.13185720522227140     
         659   228.88581260667632      -0.13437560975816965     
         660   228.99660266612406      -0.13209731332495958     
         661   228.99242897550178      -0.13285961949523856     
         662   229.11100502255121      -0.13005928713797082     
         663   228.87871946546210      -0.13587612212828282     
         664   229.07646242572497      -0.13138392525336895     
         665   229.05704907920298      -0.13190894416684043     
         666   229.03056625650513      -0.13260624944215654     
         667   229.00596525538671      -0.13329086113961261     
         668   229.03345803371582      -0.13282830382447192     
         669   229.04141562008112      -0.13278098969319080     
         670   229.01980974862090      -0.13344912810960971     
         671   229.05411001493368      -0.13275631248929462     
         672   228.97246069150938      -0.13479604463285158     
         673   229.00837791674718      -0.13410313712533323     
         674   229.04967122533213      -0.13327387971858379     
         675   229.05151735613669      -0.13330417393318741     
         676   229.20452282904196      -0.12968496068218399     
         677   228.99614794575672      -0.13480151948945918     
         678   229.01393619437690      -0.13470400862693460     
         679   229.03054719745549      -0.13431136988869247     
         680   229.03611590860984      -0.13422913476366857     
         681   229.06305032906556      -0.13375748546413507     
         682   229.13955745509418      -0.13195273292915094     
         683   229.03880036113529      -0.13447054510731646     
         684   229.20372556857768      -0.13064440039082714     
         685   229.10087370392807      -0.13332586334070620     
         686   228.93416445399208      -0.13751873461467728     
         687   228.90294613818085      -0.13834987834788517     
         688   229.08111168709030      -0.13406285770183698     
         689   229.17530094060410      -0.13228349329773115     
         690   228.82933030798438      -0.14139221605679395     
         691   228.98195127515302      -0.13784339830992043     
         692   228.99715622471888      -0.13794828521555408     
         693   228.95663920425844      -0.13925137322045994     
         694   229.00015678618269      -0.13825531601380264     
         695   229.06394943371615      -0.13685925873529317     
         696   229.01184512623254      -0.13887667058934597     
         697   228.93086756283699      -0.14103446069184247     
         698   228.97465326398788      -0.14001778743425539     
         699   229.03330070057308      -0.13935447036656226     
         700   229.11366555715165      -0.13753978338542425     
         701   229.09982116458116      -0.13795175759379544     
         702   228.94249111213335      -0.14222741920305901     
         703   229.04924923000823      -0.13971006854078730     
         704   229.07553298601340      -0.13928112735780840     
         705   228.99739124107617      -0.14121170023576046     
         706   229.17278943480082      -0.13706577974368889     
         707   228.90196998004657      -0.14375449777738378     
         708   228.95970252250081      -0.14239449952239969     
         709   228.94329923330386      -0.14307126238964871     
         710   229.15458328155833      -0.13815611286095225     
         711   229.20287208561896      -0.13741308776334568     
         712   229.03450560902445      -0.14165944920647056     
         713   229.07899797484370      -0.14060520181607042     
         714   229.00780855490379      -0.14243268945394486     
         715   229.00058357900508      -0.14267076282967070     
         716   228.98135695193790      -0.14333176240661599     
         717   229.04518417064173      -0.14187656894040673     
         718   229.17136206932469      -0.13895822033481325     
         719   228.87117883363936      -0.14657791061519163     
         720   229.09707761702950      -0.14190607774653077     
         721   229.04634321275370      -0.14316871639007656     
         722   228.84794507859260      -0.14797369428001997     
         723   228.86781052252843      -0.14768545616218043     
         724   229.20542505150132      -0.13964313159007713     
         725   228.98538629146773      -0.14497176206157211     
         726   228.83846029454472      -0.14877021989327333     
         727   228.99339004038973      -0.14528619382413660     
         728   229.05836689206811      -0.14373905774117679     
         729   229.01488378299720      -0.14531281969199128     
         730   229.01322141063284      -0.14544565089221045     
         731   228.98095285439038      -0.14646471822913115     
         732   228.92340790450996      -0.14789349305474767     
         733   229.01531013317867      -0.14569060760002223     
         734   229.03652024267191      -0.14517894561086214     
         735   229.05051657098471      -0.14522965975906110     
         736   229.03185870470753      -0.14577517353220248     
         737   229.00133684971445      -0.14673035396004216     
         738   228.98773465014042      -0.14721405726632730     
         739   229.09199848558575      -0.14470293833025430     
         740   229.09495165909695      -0.14487607523774301     
         741   229.08713416449046      -0.14518836928886281     
         742   229.02940820367601      -0.14668262471125668     
         743   229.14380318353821      -0.14397953455541929     
         744   229.03524933895380      -0.14695818136860109     
         745   229.07064456851180      -0.14619156485817875     
         746   229.11452643492782      -0.14534923528790869     
         747   229.00505416098366      -0.14816386280929189     
         748   229.04227562683189      -0.14777081422928401     
         749   229.05953553256032      -0.14759752070417950     
         750   229.04832192011284      -0.14827991210088276     
         751   229.01117264220531      -0.14930723324776293     
         752   229.00119488330040      -0.14976781610433071     
         753   228.93395227265620      -0.15141000719203979     
         754   228.99800497340220      -0.14988715073529549     
         755   228.95872765878971      -0.15086545946469265     
         756   229.04403916367335      -0.14892207471357569     
         757   229.17876995286969      -0.14587993278890554     
         758   229.05391004513973      -0.14890454397833738     
         759   229.03654985307108      -0.14972393036437329     
         760   229.19471470328813      -0.14609128580862527     
         761   228.94226016036890      -0.15228861368037724     
         762   228.98158909757180      -0.15139017739221416     
         763   229.04179804126440      -0.14994323479446844     
         764   229.00745696548128      -0.15096220774373442     
         765   229.00872012912833      -0.15117742034980972     
         766   229.08620397353579      -0.14932220474014654     
         767   229.11341853277426      -0.14887737451276281     
         768   228.98350550520212      -0.15226077262175775     
         769   229.04928354353370      -0.15083620447959911     
         770   229.04118547802176      -0.15111376200438470     
         771   229.00222687477503      -0.15206607899965699     
         772   229.09913158237941      -0.14977655795375686     
         773   229.06371824025814      -0.15113603127242470     
         774   229.10294104073390      -0.15065598128055538     
         775   228.87154969350777      -0.15632384465515886     
         776   229.08475196209599      -0.15125713094150242     
         777   228.96179656346652      -0.15434624375420253     
         778   229.01821912753795      -0.15307290117982258     
         779   228.83712866254641      -0.15800418271482536     
         780   229.11018017422532      -0.15141657413816786     
         781   228.89166097490417      -0.15971647898626906     
         782   229.06300092646720      -0.15645753133104720     
         783   229.09032231729441      -0.15641333403641147     
         784   228.99903248556413      -0.15898407524349548     
         785   229.10246119585489      -0.15659335383071307     
         786   229.13123788305177      -0.15603281799198887     
         787   229.06663564726020      -0.15797374680019521     
         788   229.06366739308959      -0.15816153075707964     
         789   229.04113344290650      -0.15886538336161907     
         790   228.83975671973428      -0.16403616561363946     
         791   229.03333200434326      -0.15944123379151867     
         792   229.00093805686728      -0.16052190247499784     
         793   229.05854417612153      -0.15925383824305073     
         794   229.11640463901981      -0.15792878513169556     
         795   229.05135104598455      -0.15964799464257612     
         796   229.00545377782680      -0.16097110195057437     
         797   228.93777814036125      -0.16283702736788971     
         798   229.06308043517168      -0.15999364580467371     
         799   229.15642508868254      -0.15777223841541849     
         800   229.11971058128233      -0.15871518662392989     
         801   229.00165264069466      -0.16169452463864031     
         802   228.93654162559932      -0.16335145898880929     
         803   228.98591011906677      -0.16220749255152828     
         804   229.06588100436795      -0.16037016402064297     
         805   229.08198686013148      -0.16009663132136678     
         806   229.00231116987945      -0.16228379226973252     
         807   229.01029486010094      -0.16247131060463782     
         808   228.99275626896826      -0.16292867779859493     
         809   229.06184908698344      -0.16189091215971710     
         810   228.84071590240993      -0.16729905898493222     
         811   229.13199402850177      -0.16045900127287946     
         812   228.85174788431942      -0.16728873289172244     
         813   228.92543059142295      -0.16557683097720360     
         814   229.13426474202336      -0.16064158468189477     
         815   229.02532874585683      -0.16357476549431635     
         816   229.06302868267915      -0.16270700608065375     
         817   229.00685468110561      -0.16415024795757163     
         818   229.02072619757453      -0.16460490931822608     
         819   229.04645902210353      -0.16421114578949769     
         820   229.00894323657124      -0.16528271393149549     
         821   229.01455548518973      -0.16514855182348695     
         822   228.99905543830880      -0.16574419895773998     
         823   228.99005190228502      -0.16637038604697013     
         824   228.84916565404762      -0.16997439478365706     
         825   229.06854900038203      -0.16468675955555004     
         826   228.98211058840653      -0.16678606504265489     
         827   229.13440315389087      -0.16320171697829125     
         828   229.03527751043279      -0.16589908331593070     
         829   228.82656444383355      -0.17124962731332224     
         830   229.11333404905761      -0.16433363337332085     
         831   229.07321217953165      -0.16566907790679292     
         832   228.81944564585731      -0.17212391686453921     
         833   229.01983412645581      -0.16760680650117504     
         834   228.97589906554393      -0.16868587289713416     
         835   229.07457668555685      -0.16648856168908802     
         836   229.02841432808475      -0.16775157461525353     
         837   229.01773490808893      -0.16818633264985786     
         838   228.87134969683171      -0.17190795057295433     
         839   229.05322873140585      -0.16751642320390964     
         840   229.05134723562264      -0.16756751771955650     
         841   228.97661781416275      -0.16954472107334773     
         842   229.08993371020182      -0.16681653489014900     
         843   228.87045725469815      -0.17219255778120643     
         844   229.04116423266569      -0.16813449598737579     
         845   229.09618755472084      -0.16730032272566520     
         846   229.05805902235281      -0.16842201232848758     
         847   229.03104087481498      -0.16956994725663171     
         848   228.95693264662407      -0.17146410950420202     
         849   229.12197356098935      -0.16759567670894004     
         850   229.02326532876944      -0.16998851700885198     
         851   228.87373931566336      -0.17365308347629810     
         852   229.15790308384086      -0.16714991604262819     
         853   229.02620104558073      -0.17035163465632658     
         854   229.09088366139565      -0.16883696004306492     
         855   229.13229084663161      -0.16786819345201412     
         856   228.98554665659631      -0.17151349152222761     
         857   228.92831092245771      -0.17388157594429338     
         858   229.01850734735146      -0.17171141305009058     
         859   229.03226035875491      -0.17178810936449468     
         860   229.01924444297032      -0.17363253261118500     
         861   228.99263282454561      -0.17437921348562507     
         862   228.98877676026277      -0.17473422787446513     
         863   228.96745356482512      -0.17526235143334462     
         864   229.04504325674031      -0.17402007176912948     
         865   229.07168058173721      -0.17374093969449619     
         866   228.96152922204681      -0.17669748544799563     
         867   228.87626247646148      -0.17882647017309358     
         868   228.99889461650255      -0.17585784490909387     
         869   229.17294559600086      -0.17175704896413627     
         870   228.95916977979653      -0.17709258827166049     
         871   228.83307607205916      -0.18039491581121064     
         872   229.06844458837807      -0.17487706966548416     
         873   229.03248971221160      -0.17611708409228788     
         874   229.01953846693632      -0.17646701497459366     
         875   229.08246594235712      -0.17513393076080361     
         876   229.03528735398879      -0.17631463520266880     
         877   229.00375381579980      -0.17779469031905135     
         878   228.98010640654692      -0.17858396897286924     
         879   229.07556884190132      -0.17652837751085193     
         880   229.12402694469830      -0.17602485584979977     
         881   229.08666837997640      -0.17697093909044379     
         882   228.91806491922188      -0.18127839253027667     
         883   228.91724937709978      -0.18150701698281285     
         884   229.13736584021856      -0.17651607368091926     
         885   229.11700371011526      -0.17704117284680113     
         886   229.03772753377262      -0.17913980796995305     
         887   228.83078816691147      -0.18432918418512187     
         888   229.15158172978684      -0.17657343662112282     
         889   228.90261943313220      -0.18264901902291086     
         890   229.02329639825442      -0.17994850092934142     
         891   229.12635613109626      -0.17762623718252252     
         892   228.86301338156039      -0.18445947382435562     
         893   229.12862844382579      -0.17805130911555014     
         894   229.05402663136530      -0.18030326675712421     
         895   229.02987028326356      -0.18111660850370645     
         896   229.09750456759835      -0.17965569808517784     
         897   228.99637072564937      -0.18213066627366295     
         898   229.06114315602457      -0.18094444609502625     
         899   229.03414330861304      -0.18248157352178485     
         900   229.20654400934060      -0.17865525709246652     
         901   229.02841155035404      -0.18306621667956463     
         902   229.15580594846696      -0.18011149042355062     
         903   228.99393116394575      -0.18446976174611035     
         904   229.07393231500822      -0.18347844279327710     
         905   228.86716852321024      -0.18910218436564352     
         906   229.09102437968295      -0.18426212781395054     
         907   229.09442457350409      -0.18422223202059052     
         908   229.03754085825449      -0.18583098601601847     
         909   229.05415510611203      -0.18606830061961385     
         910   228.82007216114053      -0.19177686019049750     
         911   229.02413527610267      -0.18684782511545933     
         912   229.13298277971546      -0.18430618875736504     
         913   228.92095117124251      -0.19006176528951874     
         914   228.98577823447451      -0.18860995511982256     
         915   228.95587806708306      -0.18936024379132552     
         916   228.87673116673182      -0.19178786937482833     
         917   228.99616092229826      -0.18896740182227731     
         918   229.16093897222657      -0.18515869611920444     
         919   229.14231635115272      -0.18605408990694505     
         920   228.99148756580306      -0.18985369255203532     
         921   229.09577644115717      -0.18736640849355204     
         922   228.84330142111915      -0.19351110547855027     
         923   228.84510755665531      -0.19366882388966472     
         924   228.87827256235889      -0.19287622201796026     
         925   228.99551317709322      -0.19074646481099744     
         926   229.01964204326160      -0.19027088114024426     
         927   229.14694161695539      -0.18721979914236689     
         928   229.06147418309058      -0.18933558709650219     
         929   229.17516183309007      -0.18710588464945424     
         930   228.90434936515175      -0.19376239878380191     
         931   228.86770952083526      -0.19492530054189530     
         932   228.90218982877388      -0.19421978208878671     
         933   229.16015549028000      -0.18800397102755917     
         934   229.11242365301331      -0.18960496759757314     
         935   228.94036132660949      -0.19393443065752250     
         936   229.14528119757790      -0.18919993424742326     
         937   229.14004343761874      -0.18975870913963105     
         938   228.96054389014151      -0.19411337590362346     
         939   229.12780901135798      -0.19014223825669460     
         940   229.08015181095999      -0.19190009157425086     
         941   229.06557184622150      -0.19251808939619763     
         942   228.95510038561940      -0.19594197222042006     
         943   229.12936878385227      -0.19253998963529123     
         944   228.87251165024853      -0.19894732784690455     
         945   229.07822355884679      -0.19400990030265583     
         946   228.90377768502336      -0.19827907783653576     
         947   229.00462436137420      -0.19610177098982426     
         948   228.90810732346949      -0.19862126815999306     
         949   228.84638025570843      -0.20108475198875300     
         950   229.10086382919030      -0.19519743148453661     
         951   229.03167108456154      -0.19715305100660913     
         952   229.07525180409300      -0.19616141697230519     
         953   228.93377450462017      -0.19966596246771054     
         954   229.19333844687003      -0.19348245814167817     
         955   229.06505690259073      -0.19659058946671590     
         956   229.10507335238790      -0.19584433826727538     
         957   229.05193890361156      -0.19725657638359037     
         958   229.15214286138831      -0.19489175980750201     
         959   229.00402173667541      -0.20012532820031642     
         960   229.13757436067294      -0.19706443392937920     
         961   229.11097873597603      -0.19869918816645973     
         962   228.92792127157350      -0.20399239163551683     
         963   229.09627017981055      -0.20014684359596904     
         964   228.85120855455753      -0.20641715362647106     
         965   228.99020569141689      -0.20318572369857676     
         966   228.97483913564548      -0.20381178255682197     
         967   228.92764764355169      -0.20499002466226232     
         968   228.99353255337243      -0.20359158502160554     
         969   228.98681283809316      -0.20410031579107302     
         970   229.17730272844577      -0.20001180961670167     
         971   229.06159891577138      -0.20282331754267238     
         972   228.88202685468821      -0.20790821560722361     
         973   229.08693509284711      -0.20303528795770515     
         974   228.94707405943032      -0.20648070033724827     
         975   228.84752735076762      -0.20903262193704311     
         976   228.99241556902658      -0.20561402872028439     
         977   229.08918715816989      -0.20437266298572113     
         978   228.90297412016983      -0.20967008354204419     
         979   229.01445795458704      -0.20708070042075641     
         980   228.86090324011403      -0.21087948782430224     
         981   228.83110196200968      -0.21163537792337933     
         982   229.06150196142607      -0.20629330125099840     
         983   228.99389061679398      -0.20826977727493112     
         984   229.06738039407122      -0.20755110478933414     
         985   228.89632797557002      -0.21173302742274708     
         986   228.91230190603545      -0.21136835550881358     
         987   228.99814171168717      -0.20955762131498562     
         988   229.08897528618274      -0.20766183330565424     
         989   229.09533762083282      -0.20762634001013761     
         990   229.09650513838457      -0.20811354442226856     
         991   229.13833681434144      -0.20737908782316614     
         992   228.99706137476747      -0.21156061478558241     
         993   229.06799773398930      -0.21212583468069240     
         994   228.91873450975248      -0.21577093535253317     
         995   229.07673495392828      -0.21281879333055434     
         996   228.84917703810140      -0.21860967285165336     
         997   229.12994228476069      -0.21194256045016299     
         998   228.84746178931695      -0.21881147709564489     
         999   229.04686641878141      -0.21409220423583639     
        1000   228.98884209298109      -0.21570222232215983     
        1001   229.04560428230329      -0.21442383161261119     
        1002   229.04713033241728      -0.21443068099382628     
        1003   228.87618305295072      -0.21891853954265708     
        1004   229.09808655107852      -0.21385218034424672     
        1005   229.20765770666665      -0.21205503619930025     
        1006   229.14456240651586      -0.21481678888013128     
        1007   229.07671710624538      -0.21669199017356380     
        1008   229.03138366704070      -0.21954283192761997     
        1009   228.92264973269471      -0.22260247571884836     
        1010   228.98925211982282      -0.22164846132389288     
        1011   229.05728229031234      -0.22115667665506081     
        1012   229.01074618414853      -0.22285277708278103     
        1013   229.02844416476523      -0.22247454114846651     
        1014   228.82070121879062      -0.22805789108390756     
        1015   228.97307895267684      -0.22440247425475354     
        1016   229.01048548976823      -0.22427930300044580     
        1017   229.13040069107572      -0.22138547814285581     
        1018   228.85048161595239      -0.22833983617898121     
        1019   229.07902630685734      -0.22383515317489891     
        1020   229.02631248491875      -0.22519849439626358     
        1021   229.15631834283542      -0.22240841543863665     
        1022   228.90231061072652      -0.22874203016036862     
        1023   228.84092161682582      -0.23073549688521999     
        1024   229.15663346762619      -0.22328732452391248     
        1025   229.11446509297798      -0.22435021900144497     
        1026   229.10177390594657      -0.22503708807046077     
        1027   229.17295502697991      -0.22471290877927061     
        1028   229.03834218065327      -0.22871951545536448     
        1029   228.96295724947561      -0.23079934750113817     
        1030   228.90033448552543      -0.23302490279221785     
        1031   229.06974134193473      -0.22952859360860867     
        1032   229.14699172154045      -0.22768630762538136     
        1033   229.20874516559260      -0.22627222042334691     
        1034   228.82883626273909      -0.23628995585259141     
        1035   228.85872095815770      -0.23562065387616793     
        1036   228.87982248242415      -0.23609902906453431     
        1037   229.16701628959626      -0.22966831533462845     
        1038   229.07278158312920      -0.23262632000172817     
        1039   229.17531406602492      -0.23017350126690753     
        1040   228.98093084591017      -0.23493225689284009     
        1041   228.98619827127624      -0.23511594859637960     
        1042   228.87120386445363      -0.23974330429037247     
        1043   228.84761090817562      -0.24041206025947018     
        1044   228.89268907191877      -0.24130896831123075     
        1045   229.19310588548854      -0.23420704108166004     
        1046   229.09614424648296      -0.23669343317425773     
        1047   229.12078006186718      -0.23625531934824262     
        1048   229.13560389005079      -0.23660913773181169     
        1049   228.83114436492275      -0.24465383001589022     
        1050   229.04678996747975      -0.24048961357256615     
        1051   229.04494732555671      -0.24054973775681071     
        1052   229.00304918449930      -0.24364610819283236     
        1053   228.89620320247184      -0.24624431661871798     
        1054   228.93874867670527      -0.24651113623184109     
        1055   229.16685047748135      -0.24230264174848418     
        1056   229.16171694753754      -0.24293922964113465     
        1057   229.20327045188964      -0.24218908221496718     
        1058   229.09059728304118      -0.24550692593946957     
        1059   229.13475982163649      -0.24560156752942044     
        1060   228.99486058470353      -0.25026071326452670     
        1061   229.03376445736541      -0.24936617602260683     
        1062   229.06451459337993      -0.24883919954662537     
        1063   228.91761850156166      -0.25412030909385264     
        1064   229.02365029529327      -0.25193030475668310     
        1065   229.04125534029140      -0.25194490949418230     
        1066   229.09329529098514      -0.25085257726380555     
        1067   229.05547564383298      -0.25270938151768324     
        1068   228.97204158867419      -0.25486938720172392     
        1069   229.06213936671665      -0.25324175848910041     
        1070   229.02498104325136      -0.25475192931362006     
        1071   229.10201298297244      -0.25327071187052336     
        1072   229.07937812505713      -0.25384550006742418     
        1073   228.89152794061039      -0.25871198592549921     
        1074   228.91266353918797      -0.25828475107106563     
        1075   228.96807084183610      -0.25757968433413975     
        1076   228.96611829390179      -0.25769237848824239     
        1077   229.00771480108313      -0.25741996884092144     
        1078   228.96413535259103      -0.25878913248780794     
        1079   229.17105458114364      -0.25424426303378378     
        1080   229.05764281403279      -0.25747685902719719     
        1081   228.84266718799569      -0.26280683449997172     
        1082   228.86454383650158      -0.26247118686714882     
        1083   229.04531024672426      -0.25857560843880950     
        1084   228.87933899500456      -0.26264314146897005     
        1085   229.08746307408543      -0.25778164622229333     
        1086   228.97562521714249      -0.26094055942044397     
        1087   229.13815180859854      -0.25730753805889817     
        1088   228.96013324738772      -0.26262661545917526     
        1089   229.18765253911585      -0.25715256220933908     
        1090   229.11388671974723      -0.25897254076484377     
        1091   228.97303448015413      -0.26281601190813519     
        1092   228.88512969607081      -0.26568866546904163     
        1093   229.02980651015918      -0.26220806758133647     
        1094   228.83814666724342      -0.26704738815545104     
        1095   229.05212155060141      -0.26242650403359874     
        1096   228.91000284857333      -0.26590169008465503     
        1097   229.13459730041427      -0.26051526790362051     
        1098   229.17876771344535      -0.25945787411516807     
        1099   228.88631538445250      -0.26728639280936567     
        1100   229.19504793359201      -0.25984483071566883     
        1101   228.89543670785903      -0.26772113016952287     
        1102   228.90205646540181      -0.26859169838809138     
        1103   229.11619111572463      -0.26346946887052369     
        1104   228.86567941286060      -0.26973740196559193     
        1105   228.89553512229665      -0.27056875588634954     
        1106   228.93260820998407      -0.26967428051738823     
        1107   228.95637418373553      -0.26959168233381919     
        1108   228.87869691225700      -0.27168495047905566     
        1109   229.00640980642490      -0.26889253540156521     
        1110   229.00277925926434      -0.26900474548423170     
        1111   229.01792811284938      -0.26892236601692360     
        1112   229.01602506704481      -0.26901703441529012     
        1113   228.84209688065698      -0.27352838914732636     
        1114   229.11404353045427      -0.26711901712861053     
        1115   228.97490999633078      -0.27298356900435594     
        1116   228.87828011422633      -0.27554253575422449     
        1117   229.07809920519716      -0.27081547153881608     
        1118   229.11609932008210      -0.27007109531056200     
        1119   229.07038728177801      -0.27209422859072996     
        1120   229.14880105944232      -0.27049050239766459     
        1121   229.03960663345117      -0.27314605875655246     
        1122   229.20275312955337      -0.26948106705801872     
        1123   229.13624945758556      -0.27128515822168597     
        1124   229.15734877769347      -0.27174821533764976     
        1125   228.86293577254838      -0.27938055625747948     
        1126   229.02407375311398      -0.27632894932949809     
        1127   229.05023492726252      -0.27588042949487102     
        1128   229.12088010325317      -0.27486170265715298     
        1129   229.00154560461621      -0.27806244521323231     
        1130   229.10630567277809      -0.27583923251770104     
        1131   229.13732854142174      -0.27773923948451568     
        1132   229.17152149657684      -0.27694458696983665     
        1133   228.85174853175877      -0.28472025259800382     
        1134   229.01569775936176      -0.28075838746852705     
        1135   228.97384283898458      -0.28181879897981466     
        1136   228.85898103563096      -0.28472522831694003     
        1137   229.13751101427860      -0.27869539816130706     
        1138   228.86642278446564      -0.28554167303511341     
        1139   229.01850408683279      -0.28282928181737071     
        1140   229.09723475872752      -0.28105924974527480     
        1141   229.17159982611221      -0.28019130415114757     
        1142   229.08960343111576      -0.28221173359231888     
        1143   229.14709341301972      -0.28094929066317537     
        1144   228.86115399059875      -0.28857712845294414     
        1145   229.04045984185115      -0.28574958688668523     
        1146   228.94570697228431      -0.28810411134625774     
        1147   229.14822254873584      -0.28325338272428319     
        1148   228.91244293298476      -0.28917534646623139     
        1149   228.82852902196609      -0.29218999096920334     
        1150   229.09979751217458      -0.28571861171563023     
        1151   229.07622169772682      -0.28656715458140741     
        1152   228.96368424664740      -0.29087161615255275     
        1153   229.12539309908047      -0.28754163036336128     
        1154   229.00523797625320      -0.29129613576873925     
        1155   229.07804425380061      -0.29044663405663013     
        1156   229.04927465748224      -0.29257467703599993     
        1157   229.05747230191955      -0.29245879138791536     
        1158   229.14560343398173      -0.29042232577745691     
        1159   229.02048285103663      -0.29358478880362421     
        1160   228.88587053894710      -0.29702016378535318     
        1161   228.96569343793885      -0.29509052571780131     
        1162   229.00859074340212      -0.29469254026568281     
        1163   228.83471835361198      -0.29910801616090943     
        1164   229.13676735984575      -0.29198503435195783     
        1165   229.01249686367260      -0.29513295930878131     
        1166   228.96440596685019      -0.29745715619114782     
        1167   229.16311511817733      -0.29310916073011806     
        1168   228.88673811163409      -0.30000408601688650     
        1169   229.20920295603818      -0.29236132239468665     
        1170   228.94066094653908      -0.29901532722812335     
        1171   228.83977962248412      -0.30179155117108841     
        1172   228.88383004745802      -0.30085161146657952     
        1173   229.03976179018517      -0.29728623064673998     
        1174   229.11866358531393      -0.29559930839426779     
        1175   228.94637056681549      -0.30072521440579120     
        1176   229.04584282704096      -0.29990826266349485     
        1177   229.05123367710198      -0.29994795512080946     
        1178   229.06739052787842      -0.30078542545520054     
        1179   228.91225630937129      -0.30475020916989826     
        1180   229.12268897315380      -0.30071710293767495     
        1181   229.09624553438988      -0.30144138426957134     
        1182   228.85456586998700      -0.30765110832439468     
        1183   229.18425252196792      -0.30030886057576150     
        1184   229.19425172998353      -0.30127316734118320     
        1185   228.88993467944047      -0.30869799288720046     
        1186   229.09032418517594      -0.30389751870798304     
        1187   228.97317322171094      -0.30683526065750077     
        1188   229.04249085526052      -0.30567891029288685     
        1189   228.84518210782971      -0.31091217490320699     
        1190   229.13931235831743      -0.30464336770036587     
        1191   229.09355668988013      -0.30754525826634055     
        1192   228.84257508976398      -0.31460010048872711     
        1193   229.09599545233070      -0.30902365043650493     
        1194   228.90117289908295      -0.31382225282672394     
        1195   229.15904024986932      -0.30831952834867488     
        1196   229.16034376639067      -0.30963625553003454     
        1197   229.13472922133676      -0.31078297406669386     
