## Cluster   RGC      RSun  DELTAR  [Fe/H]     MV   E(B-V)  M_GC  Delta M  M/L  Delta M/L  Age     Mini    Error   Ltime     Error   chi^2  rlhp    rm    trh    NV  alpha_s   vesc   v0esc   sig0    rmin    rmax      l       b
##  (1)      (3)       (4)   (5)      (6)     (7)    (8)     (9)   (10)   (11)    (12)     (13)    (14)     (15)    (16)      (17)   (18)   (19)   (20)   (21)  (22)  (23)     (24)   (25)    (26)    (27)    (28)     (29)   (30)
 2MS    1     5.22    3.37    0.62   -1.19   -5.98   6.80   4.56   3.86   1.71   0.34    12.00     5.35     4.46     5.21     0.90   0.00   4.19   5.82   8.93     2 -99.00  10.337  32.662    2.78    3.61    5.15   10.47    0.10
 2MS    2     3.22    5.50    0.44   -1.08   -5.10   5.16   4.19   3.49   1.67   0.33    12.00     6.00     5.66     0.42     0.17   0.00   2.22   2.85   8.21     7 -99.00   8.393  17.232    2.20    0.68    3.18    9.78   -0.62
  AM    1   120.34  118.91    3.40   -1.70   -6.11   0.26   4.29   3.59   0.82   0.16    11.00     4.59     2.07   133.27     6.83   0.00  14.79  20.32   9.75     2  -0.44   3.260   6.846    0.91  120.42  127.61  258.36  -48.47
  AM    4    24.45   29.01    0.94   -1.30   -0.97   0.05   2.98   2.28   4.59   0.92     9.00     4.02     3.72     2.13     0.83   0.00   6.46  11.29   8.84    14  -2.11   1.014   2.373    0.28   21.12   52.50  320.28   33.51
 Arp    2    21.12   28.73    0.34   -1.75   -5.95   0.10   4.59   3.81   1.89   0.31    12.40     4.96     2.74    44.18     1.22   3.31  14.21  19.34   9.85    49  -0.57   4.518   8.104    1.31   17.77   51.36    8.55  -20.79
  BH  140     7.13    4.81    0.25    9.99   -6.13   0.60   4.72   3.64   2.18   0.18    12.00     5.49     4.15     5.45     0.37   0.20   6.23   8.64   9.36   614 -99.00   7.999  11.840    2.30    2.01   10.00  303.17   -4.31
  BH  261     2.51    6.12    0.26   -1.30   -3.79   0.36   4.38   3.75   8.48   2.03    12.00     5.64     4.82     1.36     0.23   2.14   2.94   4.45   8.79    27  -1.72   9.074  23.670    2.16    1.45    3.33    3.36   -5.27
 Cra    0   147.00  147.23    4.27   -1.68   -5.10   0.00   4.08   3.38   1.29   0.25     7.00     4.37     2.34   131.61    28.36   4.04  19.56  27.62   9.93    33  -0.97   1.979   4.026    0.62  146.87  244.73  274.81   47.85
Djor    1     1.53    9.88    0.65   -1.51   -6.79   1.58   4.93   4.13   1.89   0.30    12.00     5.77     5.16     4.74     1.62   1.57   4.10   5.62   9.12    41  -0.01  14.781  31.842    3.76    1.19    9.28  356.67   -2.48
Djor    2     0.62    8.76    0.18   -1.11   -6.52   0.81   5.13   4.38   3.85   0.68    12.70     6.22     5.22     2.19     0.27  10.45   4.64   6.48   9.31    53  -0.94  15.439  32.189    3.92    0.74    0.92    2.76   -2.51
   E    3     9.29    7.88    0.25   -0.74   -3.56   0.30   3.41   2.67   1.13   0.21    12.10     4.66     3.35     1.39     0.08   2.48   4.39   5.51   8.37    65   1.00   2.450   4.310    0.64    9.01   12.11  292.27  -19.02
 Eri    0    89.97   84.68    2.89   -1.43   -5.43   0.26   3.97   3.27   0.73   0.15    11.00     4.30     1.98    64.11     2.09   0.00  13.64  18.83   9.57    14  -0.60   2.203   3.575    0.65   89.94  119.36  218.11  -41.33
 ESO  280    13.13   20.95    0.65   -2.48   -4.87   0.16   4.54   4.15   4.51   1.86    12.00     5.53     4.91     2.92     0.73   0.00   7.02   9.20   9.29    18 -99.00   6.821  14.734    1.79    1.55   13.82  346.90  -12.57
 ESO  452     2.29    7.39    0.20   -0.80   -4.01   0.46   3.86   3.48   2.13   0.88    11.00     6.27     5.78     0.09     0.03   0.07   2.48   3.26   8.15    62 -99.00   5.528  11.861    1.42    0.35    2.37  351.91   12.10
 FSR 1716     4.28    7.43    0.27   -1.38   -4.80   1.13   4.74   4.28   7.66   2.67    12.00     5.51     4.00     5.26     0.24   0.66   3.70   5.11   8.96    42 -99.00  11.135  18.972    3.03    2.35    4.90  329.78   -1.59
 FSR 1735     3.24    9.08    0.53   -0.90   -6.92   2.10   5.00   4.30   1.99   0.39    12.00     5.83     4.66     4.41     0.42   0.03   2.08   2.69   8.56     6   0.80  22.232  44.103    5.80    1.13    4.12  339.19   -1.85
 FSR 1758     3.21   11.09    0.74   -1.58   -8.44   0.76   5.69   4.71   2.42   0.25    12.00     6.03     4.62    62.20    12.28   1.15  12.51  16.23  10.09   679   0.92  16.128  30.943    5.25    3.63   13.22  349.22   -3.29
Gran    1     0.65    8.27    0.67   -1.19   -5.56   1.09   4.39   3.69   1.73   0.35    12.00     5.68     5.02     1.35     0.40   0.00   4.91   7.15   9.11     8 -99.00   6.727  11.662    1.75    1.36    3.35  358.77   -3.98
Gran    2     7.54   15.84    1.55   -2.21   -5.79   0.76   4.61   3.91   2.30   0.46    12.00     5.30     4.42     7.50     1.46   0.00   9.05  12.05   9.51     1 -99.00   6.290  12.836    1.64    3.80    8.39  359.23    8.59
Gran    3     3.50   11.47    0.75   -2.33   -5.92   1.05   4.57   3.87   1.86   0.37    13.00     5.40     5.24     4.06     1.26   0.00   7.58  11.29   9.53    10 -99.00   6.280  12.233    1.68    3.82    4.58  349.76    3.42
Gran    5     3.63    4.91    0.31   -1.56   -5.41   1.31   4.38   4.02   1.94   0.84    12.00     6.35     5.83     0.26     0.08   0.00   1.80   2.58   8.27    14 -99.00  11.590  18.625    2.96    0.32    2.85    4.46    1.84
  HP    1     1.57    7.00    0.14   -1.12   -6.63   1.12   5.14   4.28   3.59   0.50    12.00     6.12     5.36     2.93     0.50   0.66   3.10   4.19   9.01   144   0.18  20.251  31.012    5.38    0.72    1.67  357.43    2.12
  IC 1257    19.00   26.59    1.43   -1.70   -5.58   0.73   4.26   3.56   1.26   0.25    12.00     5.67     5.00     1.00     0.29   0.00   4.14   5.66   8.85     5 -99.00   6.666  10.512    1.71    1.01   20.07   16.53   15.14
  IC 1276     4.63    4.55    0.25   -0.75   -6.72   1.08   4.83   3.80   1.63   0.15    12.00     5.42     3.78    10.53     0.45   0.10   3.20   4.65   8.96   333 -99.00  14.118  22.948    3.68    3.69    6.93   21.83    5.67
  IC 4499    15.70   18.89    0.25   -1.53   -7.25   0.23   5.18   4.40   2.20   0.37    12.10     5.53     3.28    48.85     1.37   0.08  10.26  14.96   9.97   208  -0.98  10.541  22.786    2.93    6.68   28.58  307.35  -20.47
 Lae    3    58.75   61.77    1.65   -1.80   -2.85   0.00   3.44   2.74   2.31   0.46    13.00     4.21     3.73     6.65     2.45   0.00   7.12   9.31   8.89     9 -99.00   1.941   2.959    0.51   16.94  500.00   63.59  -21.18
 Lil    1     0.87    8.06    0.34   -0.33   -9.03   3.30   5.88   5.09   2.18   0.35    12.00     7.18     6.87     1.56     0.72   0.46   0.97   1.32   8.47    64 -99.00  99.467 211.039    3.49    0.09    0.85  354.84   -0.16
 Lyn    7     4.47    7.90    0.16   -1.01   -6.88   0.73   4.83   3.96   1.40   0.19    12.50     5.65     4.10     4.80     0.19   1.42   3.91   4.97   8.97   276   0.42  12.795  22.461    3.44    1.79    4.38  328.77   -2.80
 NGC  104     7.80    4.52    0.03   -0.72   -9.32   0.04   5.93   3.74   1.84   0.01    12.40     6.23     2.23   105.22     0.10   0.62   4.03   6.43   9.70 22602  -0.77  47.195  97.825   11.79    5.46    7.51  305.89  -44.89
 NGC  288    12.43    8.99    0.09   -1.32   -6.76   0.03   4.98   3.57   2.22   0.09    11.70     5.60     4.10     9.28     0.52   1.02   5.84   8.56   9.49  3820  -0.77  10.905  16.021    3.09    1.93   12.34  151.28  -89.38
 NGC  362     9.79    8.83    0.10   -1.26   -8.40   0.05   5.40   3.59   1.27   0.02    11.00     6.06     4.84     7.68     0.73   2.05   2.21   3.36   9.00 11541  -0.44  33.783  50.934    8.51    0.73   11.84  301.53  -46.25
 NGC 1261    18.43   16.40    0.19   -1.27   -7.80   0.01   5.24   3.51   1.54   0.03    11.00     5.75     3.98    13.81     0.53   1.43   3.25   4.86   9.21   499  -0.59  21.412  30.986    5.66    1.64   21.07  270.54  -52.12
 NGC 1851    16.93   11.95    0.13   -1.18   -8.38   0.02   5.44   3.56   1.43   0.02    11.30     6.03     4.23    11.24     0.36   2.09   1.74   3.04   8.95  8809  -0.74  40.936  82.222   10.20    0.90   19.90  244.51  -35.04
 NGC 1904    19.36   13.08    0.18   -1.60   -7.67   0.01   5.27   3.84   1.84   0.07    11.70     6.44     6.10     1.77     1.02   1.30   2.55   4.58   9.20   314  -0.79  25.785  68.750    6.36    0.30   19.57  227.23  -29.35
 NGC 2298    15.33    9.83    0.17   -1.92   -6.34   0.14   4.70   3.47   1.70   0.10    13.10     5.78     4.95     2.38     0.44   0.29   2.41   3.20   8.58   290   0.13  15.255  25.188    3.85    0.97   16.49  245.63  -16.01
 NGC 2419    96.23   88.47    2.40   -2.15   -9.39   0.07   5.89   5.07   1.60   0.24    12.75     6.16     2.50  1558.85    42.31   4.16  19.76  26.37  10.63   183  -0.97  18.188  38.895    5.07   96.04   96.98  180.37   25.24
 NGC 2808    11.75   10.06    0.11   -1.14   -9.56   0.22   5.91   3.91   1.41   0.01    11.20     6.30     3.96    30.58     0.52   2.05   2.45   3.75   9.32 20045  -0.64  53.841  98.059   13.97    1.08   14.59  282.19  -11.25
 NGC 3201     9.20    4.74    0.04   -1.59   -7.35   0.24   5.28   3.50   2.54   0.04    11.20     5.59     2.52    67.10     0.40   1.20   5.17   8.68   9.66  7248  -1.10  17.119  39.594    4.42    8.34   25.52  277.23    8.64
 NGC 4147    20.89   18.54    0.21   -1.80   -6.11   0.02   4.65   4.04   1.89   0.46    12.50     5.47     4.07     4.79     0.26   7.55   2.53   3.47   8.61    41   0.01  14.208  27.054    3.55    1.83   25.27  252.85   77.19
 NGC 4372     7.46    5.71    0.21   -2.17   -7.62   0.39   5.28   3.84   1.97   0.07    13.00     5.75     3.77    20.46     0.57   0.39   5.77   8.34   9.63  2045  -1.00  15.463  26.835    4.39    2.88    7.26  300.99   -9.88
 NGC 4590    10.48   10.40    0.10   -2.23   -7.25   0.05   5.11   3.77   1.89   0.09    12.20     5.46     2.65    55.12     0.48   0.81   4.44   7.27   9.48   720  -1.27  14.787  26.545    3.96    8.88   29.37  299.63   36.05
 NGC 4833     7.34    6.48    0.08   -1.85   -7.86   0.32   5.27   3.61   1.56   0.03    12.90     6.01     4.40     6.44     0.24   1.06   3.26   4.58   9.15  1144  -0.27  22.219  33.957    6.00    0.85    7.62  303.60   -8.02
 NGC 5024    19.10   18.50    0.18   -2.19   -8.70   0.02   5.70   3.93   1.95   0.03    12.70     6.00     2.44   149.97     0.54   1.38   6.46  10.03   9.93   696  -1.12  25.913  59.983    6.78    9.28   22.64  332.96   79.76
 NGC 5053    18.10   17.54    0.23   -2.27   -6.33   0.01   4.80   4.15   2.16   0.49    12.80     5.21     2.45    31.07     0.19   0.14  12.40  17.00   9.89    54  -1.19   5.969  10.657    1.81   10.79   17.84  335.70   78.95
 NGC 5139     6.74    5.43    0.05   -1.53  -10.54   0.12   6.60   4.22   2.79   0.01    13.20     6.90     4.31   129.00     3.29   2.94   7.56  10.42  10.32 53747  -0.90  62.243 123.550   18.01    1.47    6.95  309.10   14.97
 NGC 5272    12.28   10.18    0.08   -1.50   -8.68   0.01   5.61   3.84   1.61   0.03    12.10     5.93     2.50    76.06     0.20   1.48   3.40   5.47   9.50  1512  -1.07  31.983  68.778    8.21    5.28   15.80   42.22   78.71
 NGC 5286     8.50   11.10    0.14   -1.69   -8.62   0.24   5.56   4.04   1.52   0.05    12.80     6.09     4.56    12.45     0.72   0.86   2.37   3.59   9.13  1934  -0.46  39.628  57.771   10.12    0.93   12.78  311.61   10.57
 NGC 5466    16.57   16.12    0.16   -1.98   -6.72   0.00   4.75   3.88   1.35   0.18    12.60     5.20     3.41    22.61     1.02   0.91   9.55  13.75   9.75   392  -1.00   6.466  11.247    1.87    6.16   47.79   42.15   73.59
 NGC 5634    21.72   25.96    0.62   -1.88   -7.72   0.05   5.36   4.65   2.22   0.43    12.50     5.77     4.10    32.63     2.56   0.79   4.51   7.14   9.52   134 -99.00  23.189  45.691    5.79    3.08   22.18  342.21   49.26
 NGC 5694    28.96   34.84    0.74   -1.98   -8.12   0.09   5.47   4.42   1.95   0.17    12.75     5.75     2.75   302.82     7.45   1.63   3.08   4.34   9.15   137  -0.32  35.053 127.087    9.79   29.14   59.26  331.06   30.36
 NGC 5824    25.19   31.71    0.60   -1.91   -9.10   0.15   5.87   4.61   1.99   0.11    13.00     6.15     3.63   307.92    23.08   0.48   4.51   6.31   9.61   286  -0.55  44.796 104.228   11.29   13.94   34.99  332.55   22.07
 NGC 5897     7.32   12.55    0.24   -1.90   -7.29   0.09   5.22   3.99   2.37   0.14    12.30     5.72     4.28    17.22     1.50   0.45   7.62  10.90   9.79   710  -1.05  12.472  21.748    3.64    2.45    8.83  342.95   30.29
 NGC 5904     6.43    7.48    0.06   -1.29   -8.51   0.03   5.58   3.66   1.74   0.02    11.70     5.93     3.28    51.44     0.62   0.90   3.52   5.61   9.49  8844  -0.93  29.858  62.108    7.74    3.25   23.44    3.86   46.80
 NGC 5927     4.87    8.27    0.11   -0.49   -8.24   0.45   5.34   3.55   1.30   0.02    11.60     5.76     3.04    26.68     0.17   2.58   3.11   4.50   9.17 14668  -0.34  24.976  44.067    6.59    4.03    5.48  326.60    4.86
 NGC 5946     5.22    9.64    0.51   -1.29   -7.10   0.54   5.04   4.20   1.87   0.27    12.00     6.19     5.68     2.05     0.74   0.18   1.96   2.82   8.67   167  -0.28  24.146  43.139    6.09    0.48    5.13  327.58    4.19
 NGC 5986     4.77   10.54    0.13   -1.59   -8.28   0.28   5.48   3.73   1.70   0.03    12.50     6.25     5.33     5.70     0.92   0.81   2.84   4.35   9.24   460  -0.58  30.555  42.469    8.03    0.54    5.02  337.02   13.27
 NGC 6093     3.84   10.34    0.12   -1.75   -8.20   0.18   5.50   3.98   1.94   0.06    13.00     6.13     4.81     9.47     0.77   1.48   1.93   2.82   8.90  4251  -0.49  44.258  80.894   11.03    0.87    4.07  352.67   19.46
 NGC 6101    10.30   14.45    0.19   -1.98   -7.27   0.05   5.24   4.49   2.50   0.45    12.60     5.56     2.93    81.18     1.40   0.94   9.59  13.87   9.96   113  -1.01  11.465  24.250    3.27   10.19   35.75  317.75  -15.82
 NGC 6121     6.77    1.85    0.02   -1.16   -7.02   0.43   4.96   3.05   1.64   0.02    12.00     6.01     5.00     2.30     0.29   0.70   2.50   3.95   8.94 13235  -0.49  18.800  28.450    4.73    0.62    6.52  350.97   15.97
 NGC 6139     3.40   10.04    0.45   -1.65   -8.36   0.75   5.55   4.53   1.86   0.18    12.00     6.07     4.95    14.73     2.51   1.52   1.85   2.49   8.80   300   0.10  46.382  86.358   11.74    1.32    3.58  342.37    6.94
 NGC 6144     2.57    8.15    0.13   -1.76   -6.43   0.36   4.93   3.59   2.65   0.12    13.20     5.73     4.10     5.29     0.18   0.64   3.70   4.97   9.04   106   0.04  15.038  22.574    3.95    1.89    3.11  351.93   15.70
 NGC 6171     4.00    5.63    0.08   -1.02   -6.50   0.33   4.82   3.25   1.93   0.05    13.40     5.81     4.18     3.07     0.09   1.63   2.89   4.12   8.88  1236  -0.31  15.515  29.406    4.01    1.21    3.83    3.37   23.01
 NGC 6205     8.84    7.42    0.08   -1.53   -8.60   0.02   5.68   3.81   2.05   0.03    12.60     6.11     3.38    26.45     0.15   1.42   3.47   5.21   9.47  1831  -0.79  32.423  47.189    8.89    1.51    8.73   59.01   40.91
 NGC 6218     4.84    5.11    0.05   -1.37   -7.04   0.19   5.03   3.28   1.91   0.03    13.30     5.69     3.49     8.48     0.09   1.48   2.72   4.08   8.93  4300  -0.41  17.740  27.318    4.76    2.15    4.71   15.72   26.31
 NGC 6229    29.47   30.11    0.47   -1.47   -8.09   0.01   5.39   4.91   1.67   0.55    12.60     5.91     4.72    16.18     2.48   0.00   3.12   4.80   9.27    20  -0.89  25.339  41.977    6.66    1.43   30.36   73.64   40.31
 NGC 6235     4.18   11.94    0.38   -1.28   -6.73   0.31   4.96   4.23   2.15   0.40    11.00     5.48     4.29    13.39     1.83   0.66   3.37   4.75   9.03   141 -99.00  15.296  26.714    4.06    3.50    7.49  358.92   13.52
 NGC 6254     4.63    5.07    0.06   -1.56   -7.78   0.28   5.28   3.48   1.72   0.03    12.10     5.83     3.57    13.03     0.15   0.66   2.99   4.75   9.22  1493  -0.69  24.058  34.310    6.19    1.91    4.60   15.14   23.08
 NGC 6256     2.14    7.24    0.29   -1.02   -7.12   1.09   5.05   3.44   1.85   0.05    13.00     5.89     4.88     4.61     0.56   0.74   2.94   4.21   9.02  1722  -0.61  19.789  44.940    5.43    1.42    2.18  347.79    3.31
 NGC 6266     2.43    6.41    0.10   -1.18   -8.89   0.47   5.83   3.69   2.20   0.02    12.30     6.35     4.82    15.84     1.06   1.34   1.84   3.00   9.14 17200  -0.61  61.258  94.143   15.41    0.84    2.42  353.57    7.32
 NGC 6273     1.46    8.34    0.16   -1.74   -8.90   0.38   5.86   4.57   2.31   0.12    12.40     6.30     4.32    24.30     0.76   1.00   3.16   4.70   9.47   977  -0.83  44.772  83.587   11.62    1.22    3.29  356.87    9.38
 NGC 6284     6.03   14.21    0.42   -1.26   -7.64   0.28   5.24   4.47   1.78   0.30    11.80     5.92     4.51     7.28     0.49   1.39   2.94   4.04   9.03   101   0.18  27.564  53.908    6.83    1.02    6.48  358.35    9.94
 NGC 6287     1.68    7.93    0.37   -2.10   -6.96   0.60   5.11   4.20   2.50   0.31    13.90     6.00     4.71     4.38     0.31   0.02   1.94   2.81   8.71   308  -0.26  26.800  50.216    6.76    0.91    4.16    0.13   11.02
 NGC 6293     1.44    9.19    0.28   -1.99   -7.44   0.33   5.25   4.13   2.20   0.17    12.80     6.31     5.78     2.20     0.69   0.68   2.21   3.17   8.85   160  -0.36  30.525  62.697    7.66    0.44    2.79  357.62    7.83
 NGC 6304     2.50    6.15    0.15   -0.45   -7.44   0.54   4.92   3.46   1.04   0.04    12.00     5.76     4.59     4.35     0.39   1.86   1.82   2.36   8.41   325   1.01  23.251  51.931    5.84    1.56    2.70  355.83    5.38
 NGC 6316     2.87   11.15    0.39   -0.45   -7.90   0.54   5.46   4.56   2.31   0.29    11.25     6.09     5.33     8.81     2.30   0.41   2.92   4.26   9.17   170  -0.11  32.935  70.615    8.29    0.87    3.85  357.18    5.76
 NGC 6325     1.48    7.53    0.32   -1.25   -6.31   0.91   4.79   3.33   2.17   0.07    12.50     5.99     4.46     1.64     0.06   0.58   1.72   2.38   8.41  1110  -0.00  20.575  34.501    5.30    1.05    1.31    0.97    8.00
 NGC 6333     1.77    8.30    0.14   -1.77   -8.12   0.38   5.49   4.37   2.03   0.15    12.60     6.03     3.86    13.90     0.20   0.40   2.74   3.81   9.11   627  -0.11  32.401  50.387    8.60    1.22    6.14    5.54   10.71
 NGC 6341    10.04    8.50    0.07   -2.31   -8.20   0.02   5.44   3.68   1.68   0.03    13.00     5.98     3.92    13.95     0.25   1.25   2.03   3.59   9.10  7943  -0.91  36.441  87.543    9.10    1.25   10.62   68.34   34.86
 NGC 6342     1.64    8.01    0.23   -0.55   -6.08   0.46   4.58   3.00   1.62   0.04    12.50     5.99     4.83     0.96     0.08   0.98   1.48   1.85   8.08  1726   0.79  18.411  28.211    4.64    0.84    1.66    4.90    9.73
 NGC 6352     3.79    5.54    0.07   -0.64   -6.34   0.22   4.78   3.33   2.05   0.07    11.80     5.49     3.45     6.42     0.09   0.96   3.23   4.80   8.98   468  -0.32  13.212  20.808    3.38    3.09    3.94  341.42   -7.17
 NGC 6355     0.83    8.65    0.22   -1.37   -7.16   0.81   5.00   3.41   1.59   0.04    13.20     6.11     5.24     2.18     0.33   0.77   2.36   3.34   8.79  1836  -0.13  21.638  36.265    5.61    0.79    1.50  359.59    5.43
 NGC 6356     7.57   15.66    0.92   -0.40   -8.52   0.28   5.70   4.85   2.27   0.32    13.00     6.05     4.88    56.15    15.56   1.81   3.85   6.02   9.58   152 -99.00  33.895  69.912    8.65    3.62    8.99    6.72   10.22
 NGC 6362     5.34    7.65    0.07   -0.99   -7.25   0.09   5.07   3.48   1.73   0.04    12.70     5.65     3.33    11.48     0.11   0.79   5.13   7.24   9.39  2907  -0.52  13.148  19.526    3.72    2.64    5.24  325.55  -17.57
 NGC 6366     5.54    3.44    0.05   -0.59   -6.04   0.71   4.58   3.19   1.70   0.07    11.70     5.44     3.58     3.85     0.07   0.66   3.89   5.54   9.00  1402  -0.36   9.039  13.969    2.43    2.24    5.70   18.41   16.04
 NGC 6380     1.98    9.61    0.30   -0.75   -7.84   1.17   5.53   3.68   2.92   0.04    12.90     6.56     5.80     2.78     0.56   0.48   3.14   4.42   9.24  5826  -0.26  31.782  64.101    8.31    0.28    2.11  350.18   -3.42
 NGC 6388     3.80   11.17    0.16   -0.55   -9.57   0.37   6.05   4.00   1.96   0.02    10.90     6.42     4.15    34.93     0.78   0.25   2.56   3.94   9.40 12388  -0.48  60.150 152.440   17.69    1.15    4.05  345.56   -6.74
 NGC 6397     6.33    2.48    0.02   -2.02   -7.08   0.18   4.92   3.13   1.43   0.02    13.30     5.58     3.04     9.18     0.04   1.78   2.17   3.16   8.71  8767  -0.43  21.592  36.456    5.44    2.60    6.30  338.17  -11.96
 NGC 6401     1.29    7.44    0.22   -1.02   -7.24   0.92   5.08   3.31   1.80   0.03    13.20     6.31     5.95     1.81     0.63   0.52   2.31   3.16   8.79  3447  -0.07  23.627  39.501    6.00    0.47    2.12    3.45    3.98
 NGC 6402     3.98    9.14    0.25   -1.28   -8.80   0.60   5.77   4.47   2.11   0.10    12.00     6.36     5.25    10.83     1.52   0.57   3.54   4.92   9.42  1022  -0.40  35.586  55.624   10.17    0.56    4.28   21.32   14.80
 NGC 6426    14.25   20.71    0.35   -2.15   -6.57   0.36   4.86   4.39   2.02   0.67    13.10     5.41     4.09    14.34     1.42   0.01   5.20   7.88   9.40   133  -0.97  10.255  17.309    2.82    3.67   17.00   28.09   16.23
 NGC 6440     1.28    8.25    0.24   -0.36   -8.93   1.07   5.66   4.56   1.44   0.11    11.20     6.71     6.26     2.94     0.94   1.19   1.22   1.68   8.55   233   0.20  62.415 117.736   15.56    0.21    1.26    7.73    3.80
 NGC 6441     4.48   12.73    0.16   -0.46   -9.86   0.47   6.06   4.10   1.52   0.02    11.00     6.41     4.51    49.35     3.40   2.29   2.13   3.16   9.24 11506  -0.32  74.016 150.384   18.83    1.61    4.70  353.53   -5.01
 NGC 6453     1.83   10.07    0.22   -1.50   -7.81   0.64   5.23   3.57   1.48   0.03    13.20     6.31     5.59     2.46     0.66   0.48   2.76   3.87   9.00  2465  -0.24  27.886  61.757    7.05    0.45    2.52  355.72   -3.87
 NGC 6496     2.70    9.64    0.15   -0.46   -6.74   0.15   4.81   3.81   1.52   0.15    11.40     5.51     4.11     6.52     0.42   0.11   4.53   6.10   9.13   523   0.00  10.950  17.396    3.02    2.62    4.56  348.03  -10.01
 NGC 6517     3.21    9.23    0.56   -1.23   -7.48   1.08   5.34   4.39   2.57   0.29    12.00     6.29     5.30     3.10     0.36   0.23   1.70   2.88   8.87   179  -0.76  37.270  65.796    9.17    0.42    3.40   19.23    6.76
 NGC 6522     1.33    7.29    0.21   -1.34   -7.52   0.48   5.31   4.06   2.32   0.13    13.25     6.42     5.90     2.58     0.80   0.81   2.49   3.15   8.83   551   0.43  31.722  65.540    7.98    0.44    1.30    1.02   -3.93
 NGC 6528     0.91    7.83    0.24   -0.11   -6.43   0.54   4.77   3.73   1.84   0.17    11.00     6.30     5.21     0.62     0.05   2.40   1.68   2.36   8.38   316   0.28  21.609  43.945    5.28    0.43    0.92    1.14   -4.17
 NGC 6535     4.25    6.36    0.12   -1.79   -4.97   0.34   4.30   3.29   2.37   0.23    12.75     5.78     4.51     0.81     0.04   0.19   2.70   3.43   8.44   288   1.21  10.214  17.088    2.54    0.96    4.52   27.18   10.44
 NGC 6539     3.17    8.16    0.39   -0.63   -7.78   1.02   5.33   4.21   1.94   0.15    12.00     5.86     4.36    13.92     0.98   0.19   3.69   5.16   9.26   499  -0.35  22.486  42.680    6.00    2.14    3.42   20.80    6.78
 NGC 6540     2.65    5.91    0.27   -1.35   -6.16   0.66   4.75   3.57   2.25   0.15    12.00     5.86     5.12     2.01     0.39   0.83   2.65   4.49   8.93    24  -0.92  15.147  53.161    3.81    1.06    2.32    3.29   -3.31
 NGC 6541     2.34    7.61    0.10   -1.81   -8.23   0.14   5.39   3.53   1.47   0.02    12.90     5.97     3.93    12.60     0.23   0.92   2.29   3.80   9.11   884  -0.74  36.522  59.460    8.98    1.55    3.58  349.29  -11.19
 NGC 6544     5.94    2.58    0.06   -1.40   -6.56   0.76   4.91   3.75   2.27   0.16    11.10     6.02     5.08     1.86     0.25   0.71   1.54   2.24   8.39   665  -0.14  25.239  55.694    6.29    0.56    5.53    5.84   -2.20
 NGC 6553     3.25    5.33    0.13   -0.18   -7.55   0.63   5.38   3.99   2.69   0.11    13.00     5.87     4.13    18.61     0.82   2.47   2.30   2.89   8.81   708   1.12  33.568  64.831    8.72    2.82    3.62    5.25   -3.03
 NGC 6558     1.11    7.79    0.18   -1.32   -6.16   0.44   4.50   2.98   1.26   0.04    12.30     6.20     4.21     0.45     0.00   1.22   1.54   1.96   8.09  1143   1.67  16.708  25.765    4.15    0.55    1.10    0.20   -6.02
 NGC 6569     2.32   10.53    0.26   -0.76   -7.73   0.49   5.36   4.32   2.16   0.20    12.00     5.94     4.95    11.12     1.89   1.52   2.60   3.46   8.95   314   0.42  28.447  45.127    7.63    1.68    2.70    0.48   -6.68
 NGC 6584     6.80   13.61    0.17   -1.50   -7.37   0.15   5.06   3.70   1.50   0.07    12.00     5.60     4.30    13.39     1.44   0.99   3.47   5.37   9.22   130  -0.75  16.655  23.306    4.37    2.25   19.79  342.14  -16.41
 NGC 6624     1.30    8.02    0.11   -0.44   -7.36   0.28   5.02   3.34   1.39   0.03    11.90     6.41     5.25     0.94     0.07   0.80   2.04   2.60   8.53  2366   0.66  27.125  71.216    6.72    0.32    1.36    2.79   -7.91
 NGC 6626     3.33    5.37    0.10   -1.32   -8.04   0.40   5.43   4.24   1.93   0.12    12.70     6.22     5.00     5.41     0.47   0.68   1.61   2.33   8.72   565  -0.21  41.132  73.961   10.45    0.60    2.97    7.80   -5.58
 NGC 6637     1.63    8.90    0.10   -0.64   -7.56   0.14   5.14   3.39   1.53   0.03    11.80     6.30     5.58     1.77     0.41   0.60   2.41   3.19   8.78   237   0.37  24.296  44.351    6.29    0.40    2.03    1.72  -10.27
 NGC 6638     2.12    9.78    0.34   -0.95   -7.43   0.41   5.09   4.36   1.55   0.29    12.00     6.48     6.00     1.10     0.38   0.00   1.84   2.28   8.49   102   0.89  26.662  47.086    6.99    0.28    2.36    7.90   -7.15
 NGC 6642     1.75    8.05    0.20   -1.80   -6.30   0.46   4.60   3.10   1.39   0.04    12.70     6.54     6.07     0.31     0.11   1.23   1.37   1.73   8.04  1065   1.12  20.021  33.645    5.02    0.26    1.83    9.81   -6.44
 NGC 6652     2.04    9.46    0.14   -0.81   -6.24   0.09   4.61   3.19   1.53   0.06    12.70     6.36     5.79     0.45     0.09   1.93   1.46   1.85   8.10   171   0.89  19.076  30.217    4.79    0.32    3.09    1.53  -11.38
 NGC 6656     5.32    3.30    0.04   -1.70   -8.59   0.34   5.67   3.77   2.01   0.03    12.80     6.03     3.14    47.10     0.28   0.37   3.18   5.21   9.49 11618  -0.98  35.439  77.611    9.05    2.97    9.59    9.89   -7.55
 NGC 6681     2.17    9.36    0.11   -1.62   -7.16   0.07   5.02   3.32   1.66   0.03    13.00     5.98     4.53     3.85     0.18   1.27   2.16   3.08   8.72  4741  -0.12  25.626  51.503    6.91    0.81    4.98    2.85  -12.51
 NGC 6712     3.70    7.38    0.24   -1.02   -7.14   0.45   4.98   3.85   1.55   0.12    11.20     6.15     5.53     1.66     0.39   0.49   2.55   3.50   8.82   566  -0.01  19.184  30.077    4.95    0.45    4.84   25.35   -4.32
 NGC 6715    18.21   26.28    0.33   -1.49   -9.99   0.15   6.20   4.45   1.87   0.03    12.00     6.47     3.18   613.54    16.45   1.60   3.58   5.78   9.76  5493  -0.86  68.911 154.752   17.18   14.77   46.93    5.61  -14.09
 NGC 6717     2.53    7.52    0.13   -1.26   -6.08   0.22   4.42   3.27   1.13   0.08    12.80     5.97     4.50     0.70     0.02   0.67   2.63   3.26   8.44   102   1.56  11.615  25.866    2.90    0.74    2.54   12.88  -10.90
 NGC 6723     2.53    8.27    0.10   -1.10   -7.53   0.05   5.29   3.56   2.24   0.04    12.80     5.88     3.76    11.43     0.16   0.74   3.64   5.07   9.23   793  -0.26  21.477  33.230    5.87    2.07    2.82    0.07  -17.30
 NGC 6749     5.08    7.59    0.21   -1.60   -8.14   1.50   5.30   4.61   1.30   0.26    12.00     5.89     4.18    10.79     0.41   0.08   4.15   5.83   9.36    61 -99.00  20.593  38.179    5.45    1.43    4.95   36.20   -2.21
 NGC 6752     5.59    4.12    0.04   -1.54   -7.85   0.04   5.42   3.53   2.22   0.03    12.80     5.84     3.22    27.15     0.20   0.85   2.86   4.76   9.30  9578  -0.84  31.399  58.578    7.76    3.38    5.49  336.49  -25.63
 NGC 6760     5.27    8.41    0.43   -0.40   -8.12   0.77   5.34   4.30   1.46   0.13    11.50     5.85     3.81    15.35     0.34   0.12   3.12   4.12   9.05   427   1.60  27.514  62.153    7.04    1.84    5.82   36.11   -3.92
 NGC 6779    10.02   10.43    0.14   -1.98   -7.75   0.26   5.22   3.88   1.54   0.07    13.20     5.85     4.47     9.67     0.67   1.26   2.96   4.42   9.11   341  -0.54  21.911  30.988    5.80    1.30   13.13   62.66    8.34
 NGC 6809     4.28    5.35    0.05   -1.94   -7.60   0.08   5.29   3.74   2.10   0.06    13.30     5.88     3.03    11.94     0.03   0.89   4.60   6.78   9.50  1341  -1.07  18.053  30.679    4.97    1.60    5.62    8.79  -23.27
 NGC 6838     7.15    4.00    0.05   -0.78   -6.63   0.25   4.58   3.14   0.99   0.04    11.90     5.24     2.40     7.83     0.02   0.86   3.32   4.81   8.90  1214  -0.21  10.155  15.041    2.65    4.81    7.12   56.75   -4.56
 NGC 6864    14.09   20.52    0.45   -1.29   -8.55   0.16   5.66   4.77   2.05   0.26    11.00     6.11     5.00    20.47     4.00   0.44   2.05   2.94   9.00   110  -0.12  48.438  97.110   12.30    1.12   16.15   20.30  -25.75
 NGC 6934    12.81   15.72    0.17   -1.47   -7.55   0.10   5.18   3.57   1.67   0.04    12.00     5.60     4.41    28.84    17.33   2.41   2.96   4.71   9.17   240  -0.68  21.356  30.775    5.52    3.69   42.10   52.10  -18.89
 NGC 6981    12.45   16.66    0.18   -1.42   -6.94   0.05   4.91   4.11   1.59   0.25    11.90     5.89     4.46     2.77     0.14   0.88   4.14   5.79   9.13   318  -0.33  12.419  19.264    3.49    0.73   22.08   35.16  -32.68
 NGC 7006    36.60   39.32    0.56   -1.52   -7.50   0.07   5.12   4.55   1.54   0.41    12.20     5.62     4.17    16.78     1.39   0.74   4.31   6.59   9.40    41  -0.76  15.732  23.264    4.17    2.33   50.56   63.77  -19.41
 NGC 7078    10.89   10.71    0.10   -2.37   -9.18   0.10   5.71   3.83   1.29   0.02    13.00     6.05     3.37    65.15     0.81   1.09   2.03   3.66   9.21 10190  -1.04  48.984 183.383   13.04    3.90   10.77   65.01  -27.31
 NGC 7089    10.62   11.69    0.11   -1.65   -9.05   0.06   5.79   3.90   1.75   0.02    12.10     6.26     4.69    20.22     1.43   0.84   3.05   4.76   9.45  1935  -0.75  43.442  82.013   11.03    0.88   18.74   53.37  -35.77
 NGC 7099     7.50    8.46    0.09   -2.27   -7.36   0.03   5.09   3.45   1.63   0.04    13.10     5.76     3.55     8.30     0.08   0.64   2.54   4.28   9.02  2003  -1.00  21.044  64.830    5.89    1.51    8.56   27.18  -46.84
 NGC 7492    23.59   24.39    0.57   -1.78   -5.89   0.03   4.30   3.54   1.01   0.18    12.00     5.19     4.25     3.75     0.59   0.31   7.62  10.59   9.31    25  -0.30   4.425   6.739    1.26    2.81   26.03   53.39  -63.48
 Pal    1    17.69   11.18    0.32   -0.65   -1.76   0.15   2.97   2.26   2.15   0.43     7.60     4.09     2.50     1.20     0.03   0.22   2.01   3.43   7.82     7  -0.21   1.910   3.905    0.51   14.77   18.98  130.06   19.03
 Pal   10     7.72    8.94    1.18   -0.10   -7.53   1.66   4.98   4.20   1.08   0.18    11.75     5.41     4.31    26.04     7.03   3.46   3.99   5.61   9.16   306 -99.00  14.175  27.320    3.79    6.38   12.79   52.44    2.72
 Pal   11     8.59   14.02    0.51   -0.40   -5.11   0.40   4.10   3.71   1.34   0.54    11.00     5.03     4.11     3.12     0.50   0.27   6.16   8.76   9.08    31  -0.37   4.013   6.955    1.12    4.49    8.68   31.81  -15.58
 Pal   12    15.23   18.49    0.30   -0.85   -4.41   0.02   3.79   3.08   1.25   0.24     9.30     4.35     2.59     9.45     0.33   1.02   7.06  10.54   9.13    24  -0.45   2.482   3.944    0.71   15.30   51.25   30.51  -47.68
 Pal   13    24.67   23.48    0.40   -1.60   -3.15   0.06   3.44   2.71   1.79   0.33    13.40     4.62     3.36     1.86     0.12   9.74  11.72  15.67   9.22    20   0.32   1.838   4.720    0.49    6.93   58.26   87.10  -42.70
 Pal   14    68.36   73.58    1.63   -1.62   -5.30   0.03   4.28   3.55   1.70   0.32    11.50     5.03     4.25     5.95     1.78   1.08  27.63  37.72  10.19    16  -0.75   2.251   4.151    0.66    3.75  500.00   28.75   42.19
 Pal   15    37.02   44.10    1.14   -2.07   -5.58   0.34   4.72   4.02   3.60   0.71    12.70     5.62     5.20     4.60     1.90   0.10  20.01  27.01  10.16     5  -0.85   4.252   7.575    1.31    1.52   49.66   18.85   24.34
 Pal    2    34.51   26.17    1.28   -1.42   -8.29   1.24   5.34   4.59   1.24   0.22    12.00     6.22     6.11     6.74     4.66   0.14   4.82   7.64   9.61    16  -1.30  19.214  42.591    5.02    0.70   38.81  170.53   -9.07
 Pal    3    98.31   94.84    3.23   -1.63   -5.44   0.04   4.27   3.53   1.45   0.26    10.00     4.57     2.23   107.49     7.94  10.98  20.16  27.60   9.97    22  -0.69   2.407   4.166    0.77   98.37  112.34  240.14   41.86
 Pal    4   104.17  101.39    2.57   -1.41   -5.86   0.02   4.18   3.45   0.81   0.15    11.00     4.47     2.02   152.58     7.45   1.13  15.88  21.12   9.70    23  -0.02   2.622   4.700    0.79  100.82  500.00  202.31   71.80
 Pal    5    17.14   21.94    0.51   -1.41   -4.94   0.03   4.13   3.38   1.66   0.30    11.10     4.78     3.65     7.70     0.94  11.43  20.42  27.63   9.90    39  -0.52   2.139   3.663    0.66    8.90   17.55    0.84   45.86
 Pal    6     1.50    7.05    0.45   -1.10   -7.17   1.46   4.91   4.26   1.29   0.29    12.50     6.51     6.12     0.69     0.26   0.10   2.26   2.87   8.60    97 -99.00  19.166  30.366    4.95    0.29    2.08    2.09    1.78
 Pal    8     3.88   11.32    0.63   -0.37   -6.15   0.32   4.74   4.07   2.23   0.48    12.00     5.79     5.29     2.66     0.96   0.06   3.49   5.04   8.99   237 -99.00  11.800  17.479    3.12    1.17    4.13   14.10   -6.80
 Pat  126     2.90    8.00    0.50   -0.70   -3.51   1.10   3.75   3.57   2.62   1.73    11.00     5.39     4.37     0.49     0.05   0.00   1.13   1.71   7.64     7 -99.00   7.598  13.987    2.04    2.23    3.23  340.38   -3.83
 Pyx    0    38.72   36.53    0.66   -1.20   -5.49   0.28   4.51   3.72   2.40   0.39    11.20     4.81     2.91   105.36    11.05   1.71  17.05  23.52   9.99    43  -0.86   3.564   5.845    1.10   38.66  432.44  261.32    6.99
 Rup  106    18.01   20.71    0.36   -1.68   -6.15   0.20   4.53   3.77   1.38   0.24    11.20     5.10     3.29    10.95     0.34   0.89   7.62  11.14   9.48    33  -0.75   5.613   8.319    1.62    4.63   34.70  300.89   11.67
 Sgr    2    59.27   66.53    1.56   -2.28   -5.42   0.11   4.48   3.74   2.43   0.44    12.00     4.79     3.08   126.46    28.91   8.56  29.04  39.44  10.33    23  -0.92   2.705   5.312    0.82   59.67  261.17   18.94  -22.89
 Ter    1     2.84    5.67    0.17   -1.03   -7.54   1.99   5.30   4.39   2.25   0.28    12.00     6.19     5.34     3.91     0.69   0.73   1.47   1.86   8.44    85   0.63  37.877  61.449    9.80    0.57    2.68  357.56    0.99
 Ter    2     0.97    7.75    0.33   -0.69   -7.13   1.87   4.91   4.36   1.32   0.38    12.00     6.77     6.04     0.32     0.06   0.07   2.40   4.31   9.01    49   8.08  17.366  35.413    4.27    0.16    0.86  356.32    2.30
 Ter    3     2.59    7.64    0.31   -1.00   -6.09   0.73   4.51   3.98   1.39   0.41    12.00     5.53     3.64     2.56     0.04   0.25   4.70   6.24   8.98   111   0.11   7.561  11.830    2.11    2.40    2.88  345.08    9.20
 Ter    4     1.08    7.59    0.31   -0.50   -7.33   2.05   5.26   4.72   2.48   0.73    12.00     6.72     6.09     0.86     0.25   0.79   3.27   5.67   9.38    55  -0.89  23.127  72.514    5.71    0.19    0.85  356.02    1.31
 Ter    5     1.96    6.62    0.15   -0.82   -9.12   2.38   5.91   4.78   2.15   0.16    12.00     6.67     5.81     5.74     1.04   0.44   1.68   2.70   9.07   448  -0.37  61.806 138.715   16.98    0.26    1.69    3.84    1.69
 Ter    6     1.28    7.27    0.35   -1.41   -7.12   2.35   5.00   3.01   1.66   0.02    12.00     6.66     5.87     0.52     0.10   1.49   1.06   1.34   8.03    63   4.63  34.902  59.174    1.53    0.20    1.11  358.57   -2.16
 Ter    7    16.57   24.28    0.49   -0.23   -5.29   0.07   4.26   3.49   1.62   0.27     7.30     4.64     2.71    21.69     0.99   5.25   6.39   8.42   9.11    45   0.37   5.051   8.414    1.37   14.57   50.41    3.39  -20.07
 Ter    8    20.17   27.54    0.42   -0.56   -6.52   0.12   4.88   4.21   2.19   0.47    13.20     5.21     3.25    77.76     7.14   0.14  15.17  21.24  10.10    73  -1.02   6.018  12.446    1.76   17.66   95.16    5.76  -24.56
 Ter    9     2.78    5.77    0.34   -0.32   -6.62   1.79   5.18   4.25   3.96   0.47    12.00     6.35     5.79     2.11     0.53   2.21   1.65   2.60   8.70   111  -0.40  30.360  46.461    7.60    0.37    2.55    3.60   -1.99
 Ter   10     1.88   10.21    0.40   -2.16   -7.04   2.17   5.50   4.99   5.68   1.74    12.00     6.07     5.29    12.69     3.64   0.00   3.46   4.67   9.23    61  -0.00  35.247  86.291    8.77    1.07    5.60    4.42   -1.86
 Ter   12     3.48    5.17    0.38   -1.05   -6.13   2.06   4.46   3.82   1.18   0.27    12.00     5.56     4.70     2.06     0.31   1.94   1.77   2.23   8.20   206   3.63  13.183  22.987    3.39    1.79    3.73    8.36   -2.10
 Ton    2     2.01    6.99    0.34   -0.70   -6.84   1.38   4.63   3.96   0.93   0.20    12.00     5.63     4.57     2.76     0.29   0.32   2.86   4.26   8.88   202  -0.91  11.649  18.045    3.00    1.80    3.00  350.79   -3.42
 UKS    1     7.16   15.58    0.56   -0.98   -6.79   2.62   4.89   4.19   1.74   0.35    12.00     6.24     5.85     1.25     0.45   0.00   3.01   4.05   8.89     5 -99.00  15.541  24.127    4.09    0.41    7.66    5.13    0.76
 VVV    1     0.88    8.08    1.48   -2.45   -6.54   2.00   5.15   4.45   4.01   0.80    12.00     6.15     5.82     3.71     2.13   0.04   2.39   3.16   8.80    53 -99.00  25.303  47.535    6.40    0.72    4.11    5.27    0.78
 VVV  160     2.17    6.80    0.50   -1.30   -6.00   2.40   4.72   4.34   2.45   1.02    13.00     5.84     4.64     2.09     0.19   0.00   3.28   4.52   8.90    13 -99.00  12.788  25.209    3.21    0.85   11.52   10.15    0.30
 Whi    1    35.36   30.59    1.17   -0.70   -4.17   0.44   3.14   2.44   0.34   0.07     6.00     3.68     2.11     6.50     0.36   0.00   9.42  16.53   9.22     3  -0.68   1.080   2.713    0.29   35.15   61.94  161.62  -60.64
