# M22 E(B-V)=0.34, m-M = 12.53
# BlueFlag Note: if (V-I)0 > 0.331 + 1.444 * (B-V)0 then BlueFlag = 0
# 	RA		Dec		(B-V)_0	M_u	M_B	M_V	u	B	V	I	BlueFlag
17	18 37 17.816	-23 52 31.43	-0.09	1.80	0.81	0.90	16.1053	14.7819	14.5499	14.4324	1
287	18 37 14.264	-23 58 53.12	-0.07	1.69	0.96	1.03	15.9949	14.9336	14.6786	14.3345	1
480	18 37 12.101	-23 57 43.78	-0.08	1.85	1.26	1.34	16.1563	15.2275	14.9835	14.6375	1
1495	18 37 02.547	-24 01 41.00	-0.06	1.88	1.16	1.22	16.1773	15.1258	14.8628	14.5382	1
2381	18 36 56.049	-23 49 39.28	-0.31	3.85	4.16	4.46	18.1512	18.1470	18.1156	18.1395	1
2682	18 36 54.833	-23 47 37.69	-0.82	85.69	4.81	5.63	99.9999	18.8484	19.2975	18.2677	0
3015	18 36 52.978	-24 00 35.42	-0.14	1.95	1.54	1.68	16.2558	15.5198	15.3288	15.0681	1
3648	18 36 50.597	-23 58 15.07	-0.29	3.53	3.89	4.17	17.8297	17.8749	17.8251	17.7832	1
6139	18 36 43.324	-23 51 10.44	-0.11	1.91	1.53	1.64	16.2076	15.5062	15.2881	14.9167	1
7061	18 36 41.151	-23 56 43.00	-0.32	4.89	4.14	4.46	19.1924	18.1291	18.1146	16.5121	0
7726	18 36 39.671	-24 01 17.02	-0.13	1.87	1.42	1.55	16.1682	15.3933	15.1917	14.9951	1
8102	18 36 39.323	-23 50 24.66	-0.37	2.95	3.62	3.99	17.2583	17.6147	17.6420	17.5279	1
8143	18 36 39.052	-23 56 50.48	-0.13	1.02	0.87	1.00	15.3194	14.8427	14.6430	14.3425	1
8327	18 36 38.857	-23 53 47.28	-0.08	1.96	1.33	1.41	16.2611	15.2994	15.0534	14.6971	1
10192	18 36 35.882	-23 54 38.77	-0.07	1.74	1.08	1.15	16.0409	15.0493	14.7953	14.3581	1
11433	18 36 34.180	-23 58 07.51	-0.08	1.87	1.28	1.37	16.1711	15.2551	15.0138	14.7012	1
11968	18 36 33.611	-23 54 44.38	-0.12	1.95	1.66	1.79	16.2508	15.6364	15.4311	15.0935	1
12644	18 36 32.771	-23 54 49.02	-0.09	1.75	0.88	0.97	16.0505	14.8471	14.6155	13.9664	1
12895	18 36 32.497	-23 53 49.09	-0.09	1.94	1.38	1.47	16.2432	15.3522	15.1183	14.7172	1
12992	18 36 32.405	-23 53 19.83	-0.15	1.75	1.41	1.55	16.0494	15.3826	15.2002	14.8801	1
13270	18 36 32.093	-23 53 34.48	-0.11	1.89	1.57	1.68	16.1909	15.5457	15.3269	15.0673	1
13406	18 36 32.009	-23 52 26.07	-0.10	1.92	1.38	1.48	16.2178	15.3533	15.1227	14.7866	1
14811	18 36 30.695	-24 00 00.62	-0.33	3.24	3.65	3.99	17.5466	17.6470	17.6422	17.6224	1
14815	18 36 30.943	-23 51 54.48	-0.07	1.68	1.07	1.14	15.9841	15.0383	14.7862	14.4160	1
15060	18 36 30.461	-24 01 40.52	-0.10	1.87	1.23	1.33	16.1735	15.2042	14.9778	14.6200	1
15553	18 36 30.345	-23 54 00.86	-0.10	1.83	1.38	1.48	16.1363	15.3497	15.1230	14.7485	1
15596	18 36 30.246	-23 56 10.69	-0.07	1.92	1.24	1.30	16.2231	15.2053	14.9484	14.5869	1
15720	18 36 30.311	-23 51 30.89	-0.16	1.85	1.29	1.45	16.1495	15.2637	15.0955	14.7816	1
15961	18 36 30.078	-23 53 30.62	-0.12	1.80	1.50	1.62	16.1064	15.4697	15.2666	14.9580	1
16516	18 36 29.956	-23 45 12.11	-0.52	85.69	4.37	4.89	99.9999	18.3834	18.5527	17.1732	0
16810	18 36 29.507	-23 52 22.77	-0.09	1.94	1.33	1.41	16.2442	15.2958	15.0591	14.7142	1
16908	18 36 29.431	-23 52 53.25	-0.06	1.83	1.10	1.15	16.1366	15.0633	14.7954	14.3688	1
17001	18 36 29.251	-23 56 45.26	-0.31	85.70	3.84	4.15	99.9999	17.8307	17.8034	16.3974	0
17393	18 36 29.204	-23 49 53.21	-0.12	0.15	-0.22	-0.10	14.4560	13.7528	13.5430	13.2579	1
17422	18 36 29.033	-23 54 25.96	-0.13	1.90	1.49	1.62	16.1998	15.4673	15.2682	14.8552	1
18339	18 36 28.219	-23 59 00.06	-0.39	2.19	2.77	3.15	16.4970	16.7624	16.8072	16.6877	1
18412	18 36 28.377	-23 52 36.26	-0.32	1.70	2.18	2.50	16.0044	16.1677	16.1520	16.0447	1
19070	18 36 27.900	-23 54 20.44	-0.24	2.64	2.73	2.98	16.9436	16.7176	16.6255	16.4134	1
19914	18 36 27.177	-23 59 45.81	-0.09	1.78	1.27	1.36	16.0784	15.2427	15.0059	14.7005	1
20271	18 36 27.175	-23 52 30.59	-0.10	1.94	1.41	1.51	16.2464	15.3806	15.1502	14.7705	1
20274	18 36 27.152	-23 53 08.61	-0.11	1.83	1.43	1.53	16.1345	15.3986	15.1770	14.8603	1
20296	18 36 26.918	-23 59 50.76	-0.13	1.72	1.22	1.35	16.0264	15.1900	14.9951	14.7132	1
20339	18 36 27.248	-23 48 26.70	-0.07	1.94	1.14	1.20	16.2425	15.1061	14.8480	14.4347	1
20633	18 36 26.940	-23 52 26.09	-0.17	2.04	1.84	2.00	16.3407	15.8136	15.6487	15.3863	1
20881	18 36 26.693	-23 55 12.94	-0.18	1.67	1.05	1.23	15.9693	15.0274	14.8764	14.3837	1
20896	18 36 26.497	-24 01 04.37	-0.06	1.83	1.05	1.11	16.1353	15.0152	14.7523	14.4227	1
21110	18 36 26.553	-23 54 38.17	-0.10	2.04	1.38	1.48	16.3436	15.3493	15.1226	14.7714	1
21217	18 36 26.535	-23 53 10.68	-0.15	2.10	1.92	2.07	16.4042	15.8954	15.7197	15.2889	1
21486	18 36 26.352	-23 53 58.67	-0.05	1.69	0.99	1.04	15.9888	14.9578	14.6874	14.3861	1
21938	18 36 25.903	-23 58 56.57	-0.13	1.75	1.33	1.47	16.0540	15.3093	15.1127	14.8376	1
22617	18 36 25.709	-23 51 43.76	-0.05	1.85	0.98	1.03	16.1494	14.9497	14.6769	14.3087	1
23363	18 36 25.088	-23 56 59.02	-0.09	1.98	1.39	1.48	16.2874	15.3621	15.1255	14.7749	1
24531	18 36 24.560	-23 51 06.30	-0.10	1.88	1.49	1.60	16.1837	15.4652	15.2434	14.9622	1
24833	18 36 24.146	-23 58 19.29	-0.09	1.75	1.16	1.25	16.0496	15.1280	14.8954	14.5885	1
25187	18 36 24.027	-23 54 57.70	-0.06	1.70	1.03	1.09	15.9972	15.0004	14.7340	14.2425	1
25190	18 36 23.859	-24 00 08.95	-0.27	1.80	2.29	2.56	16.1000	16.2745	16.2107	16.1359	1
26027	18 36 23.424	-23 57 18.19	-0.05	1.84	0.99	1.04	16.1394	14.9573	14.6851	14.3173	1
26540	18 36 22.988	-24 01 08.31	-0.28	3.16	3.55	3.83	17.4631	17.5408	17.4805	17.3533	1
26812	18 36 23.046	-23 54 09.08	-0.08	0.82	0.46	0.54	15.1207	14.4303	14.1830	13.8579	1
26865	18 36 23.034	-23 53 34.35	-0.14	1.59	1.51	1.66	15.8903	15.4872	15.3023	15.0585	1
26998	18 36 22.952	-23 53 17.58	-0.08	0.54	0.24	0.32	14.8401	14.2130	13.9685	13.6241	1
27024	18 36 22.872	-23 55 19.88	-0.31	0.09	0.66	0.97	14.3959	14.6476	14.6207	14.3912	1
28065	18 36 22.191	-23 56 10.84	-0.19	2.44	2.49	2.68	16.7425	16.4703	16.3293	16.1797	1
28295	18 36 22.109	-23 54 34.86	-0.13	1.76	1.13	1.26	16.0621	15.1081	14.9078	14.3507	1
29471	18 36 21.342	-23 55 34.79	-0.14	1.90	1.37	1.50	16.2065	15.3407	15.1505	14.7442	1
29601	18 36 21.520	-23 47 48.05	-0.12	2.01	1.71	1.83	16.3119	15.6860	15.4804	15.1519	1
29999	18 36 21.262	-23 46 57.50	-0.35	2.89	3.29	3.64	17.1943	17.2859	17.2916	17.1753	1
30573	18 36 20.939	-23 44 41.59	-0.33	3.18	3.50	3.83	17.4824	17.4917	17.4796	17.1150	0
31249	18 36 19.879	-24 03 12.44	-0.20	0.73	0.75	0.95	15.0378	14.7269	14.5967	14.4407	1
32478	18 36 19.419	-23 52 14.95	-0.09	1.80	1.43	1.53	16.1034	15.4052	15.1730	14.7981	1
32940	18 36 19.123	-23 51 26.12	-0.10	1.90	1.44	1.55	16.2048	15.4152	15.1908	14.8691	1
33277	18 36 18.965	-23 49 30.86	-0.13	0.80	0.81	0.94	15.1075	14.7842	14.5875	14.3616	1
33861	18 36 18.476	-23 52 16.06	-0.60	6.23	4.95	5.54	20.5403	18.9627	19.2060	17.9951	0
33980	18 36 18.218	-23 57 45.44	-0.11	1.61	0.66	0.77	15.9092	14.6331	14.4186	13.9313	1
35215	18 36 17.142	-23 58 02.89	-0.06	1.82	1.13	1.19	16.1183	15.0973	14.8319	14.4759	1
35258	18 36 17.066	-23 58 56.77	-0.14	1.60	1.21	1.35	15.8981	15.1862	14.9944	14.7537	1
35451	18 36 16.933	-23 57 38.19	-0.09	1.90	1.21	1.30	16.2045	15.1809	14.9406	14.6116	1
35803	18 36 16.634	-23 55 58.30	-0.24	2.94	3.16	3.41	17.2393	17.1468	17.0562	16.9156	1
36139	18 36 16.206	-23 58 57.58	-0.14	1.47	1.08	1.21	15.7729	15.0530	14.8608	14.5915	1
36448	18 36 15.867	-23 58 22.01	-0.28	3.23	3.71	3.99	17.5308	17.7008	17.6444	17.5091	1
36581	18 36 15.845	-23 54 46.33	-0.08	1.65	1.26	1.34	15.9475	15.2273	14.9825	14.6298	1
36597	18 36 15.737	-23 57 24.09	-0.31	3.14	3.51	3.81	17.4401	17.4953	17.4642	17.3055	1
36990	18 36 15.483	-23 53 25.94	-0.42	3.83	4.12	4.54	18.1390	18.1208	18.1941	17.8572	0
37069	18 36 15.402	-23 53 16.29	-0.25	2.85	3.17	3.42	17.1504	17.1541	17.0687	16.9385	1
37674	18 36 14.623	-23 55 31.89	-0.08	1.67	1.29	1.37	15.9689	15.2587	15.0178	14.6680	1
37969	18 36 14.414	-23 52 25.64	-0.05	1.90	1.13	1.18	16.1981	15.0961	14.8251	14.4236	1
38881	18 36 13.010	-24 00 50.28	-0.11	1.74	1.26	1.37	16.0438	15.2282	15.0123	14.7298	1
39950	18 36 11.782	-23 57 07.36	-0.11	1.65	1.10	1.20	15.9512	15.0675	14.8475	14.5257	1
40127	18 36 11.484	-23 58 26.98	-0.08	1.57	0.85	0.93	15.8746	14.8175	14.5719	14.2239	1
40568	18 36 11.094	-23 52 12.06	-0.32	2.74	3.35	3.67	17.0447	17.3413	17.3194	17.1808	1
40619	18 36 10.915	-23 54 40.24	-0.12	1.87	1.55	1.67	16.1772	15.5243	15.3131	14.9981	1
40633	18 36 10.774	-23 58 14.67	-0.05	1.68	0.83	0.88	15.9859	14.7956	14.5244	14.1422	1
40848	18 36 10.636	-23 53 02.93	-0.44	3.83	4.23	4.67	18.1314	18.2296	18.3246	18.2209	1
40913	18 36 10.332	-23 59 10.93	-0.12	1.75	1.10	1.22	16.0484	15.0719	14.8663	14.5740	1
41089	18 36 10.110	-23 58 51.63	-0.26	3.04	3.33	3.59	17.3446	17.3137	17.2424	17.0628	1
41658	18 36 09.370	-23 53 09.41	-0.06	1.85	1.13	1.19	16.1502	15.0971	14.8354	14.4789	1
42046	18 36 08.696	-23 52 59.41	-0.06	1.74	1.11	1.16	16.0382	15.0745	14.8086	14.4790	1
42894	18 36 07.114	-23 53 50.90	-0.08	1.92	1.33	1.40	16.2257	15.2967	15.0494	14.7318	1
43008	18 36 06.663	-24 00 08.17	-0.16	1.83	1.60	1.76	16.1369	15.5787	15.4108	15.1731	1
43097	18 36 06.542	-23 58 40.71	-0.16	1.72	1.43	1.59	16.0206	15.4091	15.2365	15.0066	1
43483	18 36 05.880	-23 55 32.52	-0.16	2.19	2.12	2.28	16.4884	16.0972	15.9253	15.6725	1
43601	18 36 05.609	-23 55 32.71	-0.12	1.60	1.10	1.22	15.9035	15.0739	14.8696	14.5727	1
43984	18 36 04.882	-23 53 46.08	-0.37	4.20	4.69	5.06	18.5034	18.6849	18.7099	18.4127	0
46454	18 35 57.813	-23 57 27.64	-0.11	1.81	1.47	1.58	16.1117	15.4438	15.2233	14.9297	1
47360	18 35 54.010	-23 54 24.55	-0.06	1.85	1.06	1.12	16.1504	15.0244	14.7633	14.4138	1
48797	18 35 45.155	-23 48 46.26	-0.10	1.95	1.49	1.59	16.2543	15.4576	15.2319	14.9014	1
49342	18 35 40.338	-24 02 09.96	-0.08	1.84	1.17	1.25	16.1442	15.1365	14.8927	14.5778	1
49560	18 35 38.539	-23 59 41.51	-0.14	1.76	0.74	0.88	16.0629	14.7152	14.5247	14.0229	1
49953	18 35 35.101	-23 50 51.66	-0.09	1.78	1.35	1.44	16.0799	15.3194	15.0802	14.7357	1
