# ngc1851 E(B-V)=0.02, m-M = 15.41
# BlueFlag Note: if (V-I)0 > 0.331 + 1.444 * (B-V)0 then BlueFlag = 0
# 	RA		Dec		(B-V)_0	M_u	M_B	M_V	u	B	V	I	BlueFlag
1577	05 14 15.031	-40 03 29.42	-0.51	4.54	4.04	4.54	20.0609	19.5601	20.0305	18.3670	0
2464	05 14 12.095	-40 03 58.77	-0.36	4.27	3.64	3.99	19.7891	19.1511	19.4762	18.0047	0
2854	05 14 11.204	-40 03 37.30	-0.42	3.95	3.56	3.98	19.4703	19.0801	19.4633	99.9999	1
2974	05 14 10.894	-40 05 32.21	-0.14	1.72	1.15	1.29	17.2351	16.6550	16.7708	16.8043	1
4323	05 14 08.599	-40 03 01.55	-0.11	-2.34	-2.37	-2.26	13.1776	13.1330	13.2239	13.4844	1
4415	05 14 08.421	-40 03 18.64	-0.57	2.24	1.11	1.68	17.7599	16.6322	17.1673	99.9999	1
8420	05 14 01.378	-40 02 54.57	-0.43	3.76	3.03	3.46	19.2789	18.5538	18.9481	17.6564	0
