# ngc6712 E(B-V)=0.45, m-M = 14.19
# BlueFlag Note: if (V-I)0 > 0.331 + 1.444 * (B-V)0 then BlueFlag = 0
# 	RA		Dec		(B-V)_0	M_u	M_B	M_V	u	B	V	I	BlueFlag
1779	18 53 03.469	-08 42 30.69	-0.44	0.01	0.61	1.05	16.5587	16.7448	16.7330	16.6617	1
2827	18 53 06.840	-08 41 31.14	-0.07	1.65	0.58	0.66	18.1994	16.6783	16.3276	15.5349	1
3438	18 53 03.241	-08 42 28.95	-0.15	1.88	0.89	1.03	18.4290	16.9921	16.7078	16.0854	1
3454	18 53 04.003	-08 38 50.50	-0.09	1.67	0.73	0.82	18.2130	16.8265	16.4888	15.9119	1
4000	18 53 01.566	-08 41 44.78	-0.09	1.76	0.90	0.99	18.3008	16.9992	16.6659	16.1965	1
4604	18 53 12.823	-08 45 13.34	-0.08	1.79	1.11	1.19	18.3374	17.2082	16.8596	16.3818	1
8901	18 53 03.559	-08 37 23.71	-0.16	1.72	1.94	2.10	18.2677	18.0485	17.7730	17.3180	1
