# M56 E(B-V)=0.26, m-M = 14.87
# 	RA		Dec		(B-V)_0	M_u	M_B	M_V	u	B	V	I
4	19 16 30.535	+30 17 16.38	0.49	-3.92	-4.60	-5.08	12.2978	11.3319	10.6222	9.9073
10	19 16 57.843	+30 04 09.49	0.33	-3.16	-3.72	-4.05	13.0626	12.2252	11.6642	11.0099
11	19 16 03.645	+30 05 51.29	0.41	-3.05	-3.70	-4.11	13.1748	12.2332	11.5969	10.9422
13	19 16 52.093	+30 21 56.57	92.57	-2.61	91.27	-1.30	13.0123	99.9999	11.8606	11.0969
18	19 16 08.961	+30 20 48.86	0.83	-2.74	-3.25	-4.08	13.4746	12.6521	11.6209	10.8725
22	19 16 11.273	+30 18 55.18	0.77	-2.22	-3.37	-4.14	13.9951	12.5389	11.5566	10.5255
28	19 15 49.271	+30 12 20.36	0.23	-2.74	-2.60	-2.84	13.4804	13.3471	12.8775	12.1598
31	19 15 43.230	+30 02 09.92	1.35	-1.37	-2.49	-3.84	14.8441	13.3720	11.8420	10.9147
35	19 15 41.368	+30 00 30.39	1.06	83.78	-2.13	-3.18	99.9999	13.7564	12.5075	11.8017
42	19 16 31.134	+30 12 56.08	0.35	-1.89	-2.46	-2.82	14.3363	13.4752	12.8945	12.0970
48	19 15 56.615	+30 01 07.24	1.24	0.33	-1.92	-3.16	16.5438	13.9481	12.5257	11.1105
53	19 16 43.673	+30 10 31.87	0.89	-0.78	-2.14	-3.03	15.4370	13.7550	12.6637	11.5503
54	19 15 49.243	+30 12 20.06	0.65	83.78	-2.39	-3.04	99.9999	13.5280	12.6623	12.0336
57	19 16 39.633	+30 19 34.78	0.41	-1.54	-2.17	-2.58	14.6821	13.7651	13.1296	12.4079
64	19 16 04.484	+30 17 40.42	0.37	-1.63	-2.14	-2.51	14.5965	13.7962	13.1970	12.5572
65	19 15 42.863	+30 00 43.12	0.61	-0.81	-2.13	-2.74	15.4068	13.7940	12.9668	12.2622
66	19 16 07.911	+30 14 32.41	0.57	-1.33	-2.05	-2.62	14.8876	13.8725	13.0884	12.2153
72	19 16 46.775	+30 15 50.65	0.55	-1.24	-2.01	-2.56	14.9818	13.9176	13.1439	12.3059
79	19 16 18.884	+30 10 24.42	0.56	-1.14	-1.87	-2.43	15.0825	14.0580	13.2786	12.4550
83	19 16 39.831	+30 06 26.24	0.61	-1.05	-1.83	-2.44	15.1715	14.0885	13.2601	12.3727
85	19 15 58.391	+30 11 43.36	0.34	-1.35	-1.84	-2.18	14.8709	14.1042	13.5322	12.8789
93	19 16 21.924	+30 14 13.22	0.53	-0.90	-1.72	-2.25	15.3216	14.2027	13.4545	12.6498
110	19 17 16.252	+30 14 59.23	0.93	-0.39	-1.75	-2.69	15.8253	14.1433	13.0091	11.9025
124	19 16 59.829	+30 04 15.24	0.61	-0.63	-1.44	-2.04	15.5926	14.4841	13.6625	12.7973
136	19 16 21.964	+30 07 22.00	0.69	-0.40	-1.23	-1.92	15.8160	14.6827	13.7813	12.8155
138	19 15 53.182	+30 07 14.29	0.41	-0.72	-1.25	-1.66	15.5060	14.6829	14.0490	13.3105
147	19 16 19.304	+30 16 37.80	0.73	-0.14	-1.20	-1.93	16.0755	14.7103	13.7712	12.7934
170	19 16 42.887	+30 15 56.98	0.47	-0.46	-1.07	-1.54	15.7629	14.8575	14.1643	13.3829
177	19 16 36.779	+30 14 15.57	0.72	0.14	-0.94	-1.66	16.3608	14.9717	14.0390	13.1005
179	19 16 13.394	+30 20 54.44	0.85	-0.15	-0.73	-1.58	16.0735	15.1693	14.1182	13.2545
180	19 15 58.738	+30 00 37.01	0.40	-0.35	-1.03	-1.43	15.8676	14.9021	14.2787	13.6674
183	19 16 01.435	+30 10 50.22	0.72	-0.00	-0.98	-1.70	16.2166	14.9311	14.0053	13.0026
187	19 16 45.915	+30 03 52.55	0.29	-0.51	-0.84	-1.13	15.7089	15.1052	14.5840	13.8715
192	19 17 26.745	+30 16 22.55	0.10	-0.49	-0.97	-1.07	15.7351	14.9933	14.6471	13.8901
203	19 16 57.009	+30 11 35.23	0.64	0.11	-0.85	-1.49	16.3332	15.0674	14.2132	13.3553
206	19 16 52.850	+30 19 08.33	0.41	-0.23	-0.86	-1.27	15.9912	15.0771	14.4414	13.6452
208	19 16 55.795	+30 19 18.59	0.38	-0.27	-0.81	-1.19	15.9469	15.1239	14.5191	13.8195
222	19 16 56.008	+30 01 32.33	0.48	-0.19	-0.76	-1.25	16.0306	15.1682	14.4611	13.6516
232	19 17 09.634	+30 09 47.76	0.64	0.10	-0.69	-1.34	16.3158	15.2221	14.3639	13.4465
233	19 15 41.210	+30 06 24.00	0.05	-0.42	-0.87	-0.92	15.8023	15.0922	14.8005	13.7371
236	19 16 36.587	+30 11 17.28	0.64	-0.01	-0.62	-1.26	16.2058	15.3001	14.4445	13.7612
241	19 15 42.879	+30 01 57.22	0.96	0.07	-0.34	-1.30	16.2875	15.5541	14.3935	13.6429
259	19 15 47.109	+30 08 40.59	0.41	-0.07	-0.61	-1.02	16.1530	15.3220	14.6880	13.9493
261	19 16 25.204	+30 16 34.83	0.43	-0.04	-0.56	-0.99	16.1777	15.3724	14.7151	13.9858
269	19 16 51.062	+30 09 26.52	0.45	-0.01	-0.51	-0.95	16.2066	15.4247	14.7541	13.9626
300	19 17 26.775	+30 16 23.00	0.69	83.78	-0.13	-0.81	99.9999	15.7856	14.8877	14.4950
322	19 16 50.393	+30 14 05.61	0.35	0.14	-0.40	-0.75	16.3640	15.5387	14.9608	14.2855
334	19 16 25.864	+30 06 38.93	0.79	0.99	-0.24	-1.03	17.2119	15.6640	14.6639	13.6466
352	19 16 15.882	+30 02 12.21	0.72	0.76	-0.24	-0.95	16.9756	15.6732	14.7461	13.7319
359	19 17 28.417	+30 02 13.13	88.86	0.90	90.98	2.12	16.5482	99.9999	15.3836	99.9999
396	19 16 44.956	+30 01 28.68	0.65	0.78	-0.05	-0.70	16.9983	15.8641	15.0009	14.0724
402	19 16 43.123	+30 19 30.13	0.55	0.68	-0.08	-0.63	16.8980	15.8397	15.0745	14.2756
410	19 17 25.560	+30 16 57.82	0.23	1.48	-0.61	-0.84	17.7029	15.3368	14.8694	14.4270
416	19 17 25.522	+30 16 57.09	88.97	1.24	90.99	2.02	16.8883	99.9999	15.2826	14.1602
418	19 16 53.051	+30 02 43.85	0.69	1.02	0.02	-0.67	17.2407	15.9301	15.0301	14.0629
435	19 15 55.636	+30 19 35.94	0.25	0.57	0.02	-0.23	16.7923	15.9669	15.4810	14.4796
437	19 16 25.612	+30 01 46.07	0.96	1.77	0.25	-0.70	17.9874	16.1469	14.9927	13.8005
450	19 16 55.088	+30 12 53.58	0.75	1.32	0.23	-0.52	17.5373	16.1350	15.1751	14.1085
452	19 16 43.706	+30 05 40.80	0.78	1.27	0.22	-0.56	17.4929	16.1223	15.1375	14.0685
514	19 15 48.726	+30 04 52.70	0.52	0.91	0.24	-0.28	17.1288	16.1694	15.4288	14.6099
516	19 15 43.006	+30 00 40.84	1.22	2.14	0.46	-0.75	18.3537	16.3331	14.9319	13.5518
525	19 17 22.157	+30 10 35.97	0.53	0.93	0.31	-0.22	17.1484	16.2357	15.4873	14.7174
534	19 16 25.631	+30 14 55.66	0.65	1.32	0.32	-0.33	17.5445	16.2382	15.3720	14.4597
545	19 16 04.587	+30 05 19.15	0.78	1.57	0.36	-0.41	17.7919	16.2692	15.2864	14.3226
575	19 16 11.702	+30 01 59.21	0.53	1.03	0.36	-0.17	17.2496	16.2895	15.5387	14.7156
585	19 16 34.988	+30 10 42.42	0.68	1.34	0.49	-0.18	17.5578	16.4093	15.5215	14.2262
603	19 16 06.869	+30 15 19.87	1.26	2.78	1.13	-0.14	18.9993	16.9941	15.5479	13.8632
619	19 17 01.469	+30 05 35.95	0.57	1.15	0.49	-0.08	17.3660	16.4135	15.6291	14.7728
642	19 16 13.671	+30 15 30.99	0.74	1.63	0.61	-0.14	17.8522	16.5150	15.5630	14.4853
671	19 17 14.094	+30 10 57.99	0.74	1.79	0.60	-0.14	18.0088	16.5060	15.5569	14.5417
677	19 16 33.313	+30 07 28.32	0.63	1.35	0.61	-0.01	17.5694	16.5306	15.6895	14.8261
701	19 16 43.459	+30 02 57.57	0.84	2.10	0.76	-0.08	18.3141	16.6599	15.6135	14.4785
712	19 16 13.682	+30 20 32.95	0.30	1.30	0.70	0.39	17.5179	16.6403	16.1040	14.9400
725	19 16 39.609	+29 59 59.68	0.54	1.52	0.62	0.08	17.7395	16.5481	15.7878	14.8352
727	19 17 12.506	+30 10 52.24	0.79	2.01	0.80	0.01	18.2330	16.7022	15.7067	14.6448
730	19 16 01.780	+30 15 02.29	0.80	2.00	0.79	-0.01	18.2223	16.6952	15.6865	14.6104
737	19 16 33.536	+29 59 36.78	0.66	1.56	0.69	0.03	17.7767	16.6103	15.7330	14.6881
828	19 16 49.265	+30 15 50.63	0.77	2.19	0.97	0.19	18.4124	16.8722	15.8905	14.7910
845	19 17 14.376	+30 10 49.17	0.82	2.30	1.00	0.18	18.5220	16.9032	15.8809	14.8137
848	19 17 21.909	+30 09 55.07	0.54	1.41	0.90	0.36	17.6283	16.8295	16.0672	15.2347
889	19 15 59.746	+30 03 15.77	0.67	1.81	0.98	0.31	18.0266	16.8904	16.0104	15.1079
931	19 16 34.732	+30 11 07.42	0.79	1.92	1.14	0.36	18.1413	17.0498	16.0561	14.9148
932	19 16 35.673	+30 10 59.07	0.33	1.60	0.83	0.50	17.8169	16.7751	16.2117	15.5669
943	19 16 50.310	+30 00 21.25	1.13	3.26	1.56	0.43	19.4791	17.4354	16.1193	14.6743
999	19 16 38.837	+30 12 44.00	1.05	2.89	1.40	0.35	19.1050	17.2843	16.0431	14.7754
1013	19 16 51.851	+30 10 04.07	0.66	2.06	1.12	0.46	18.2810	17.0315	16.1616	15.1967
1027	19 15 47.359	+30 08 55.92	1.23	83.78	1.94	0.71	99.9999	17.8107	16.3991	14.7682
1052	19 16 01.563	+30 09 59.15	0.78	2.57	1.27	0.49	18.7846	17.1805	16.1911	15.1307
1056	19 16 35.681	+30 11 29.53	0.28	1.54	1.06	0.78	17.7620	17.0059	16.4890	15.6921
1057	19 16 59.716	+30 05 57.66	0.57	1.78	1.13	0.57	17.9990	17.0572	16.2713	15.3994
1063	19 15 58.426	+30 04 21.85	0.59	1.91	1.14	0.55	18.1255	17.0624	16.2553	15.3530
1067	19 15 39.319	+30 19 49.28	1.09	2.06	1.44	0.35	18.2736	17.3179	16.0358	15.3266
1079	19 17 20.809	+30 11 05.56	0.63	1.85	1.20	0.57	18.0672	17.1169	16.2761	15.3752
1080	19 16 19.165	+30 03 03.02	0.60	1.93	1.18	0.57	18.1479	17.0967	16.2770	15.3443
1096	19 15 44.032	+30 13 06.32	1.00	3.20	1.47	0.47	19.4132	17.3604	16.1670	14.4814
1120	19 16 08.013	+30 11 25.12	1.20	83.78	1.87	0.67	99.9999	17.7403	16.3574	14.7498
1139	19 16 12.674	+30 13 30.80	0.54	1.80	1.21	0.67	18.0157	17.1338	16.3729	15.5268
1168	19 16 05.485	+30 10 01.75	0.76	2.53	1.34	0.58	18.7466	17.2479	16.2774	15.2400
1181	19 17 10.205	+30 05 55.30	0.71	2.41	1.33	0.61	18.6312	17.2371	16.3140	15.3894
1188	19 16 58.018	+30 21 03.08	0.86	2.18	1.42	0.55	18.3983	17.3183	16.2505	15.2428
1191	19 17 08.001	+30 06 35.32	0.63	1.97	1.32	0.68	18.1863	17.2345	16.3879	15.4397
1234	19 16 49.876	+30 05 15.92	1.09	3.42	1.84	0.76	19.6347	17.7253	16.4459	15.0032
1271	19 16 55.747	+30 16 25.19	0.54	1.96	1.31	0.77	18.1794	17.2361	16.4721	15.5345
1280	19 17 02.409	+30 09 02.78	1.08	3.36	1.77	0.69	19.5724	17.6531	16.3778	14.9418
1348	19 15 45.496	+30 10 52.65	0.51	2.27	1.34	0.83	18.4935	17.2648	16.5333	15.4925
1414	19 16 23.728	+30 10 22.53	0.58	2.36	1.47	0.89	18.5831	17.3920	16.5963	15.3582
1425	19 16 31.724	+30 09 54.37	0.86	2.93	1.71	0.85	19.1482	17.6085	16.5497	15.3360
1428	19 16 31.003	+30 21 33.76	0.92	2.17	1.72	0.80	18.3838	17.6191	16.4951	15.7127
1430	19 16 29.638	+30 03 18.38	0.84	2.85	1.66	0.82	19.0720	17.5569	16.5153	15.4136
1442	19 16 15.487	+30 03 44.21	0.80	2.87	1.69	0.89	19.0881	17.5903	16.5878	15.4211
1462	19 16 36.150	+30 10 58.31	-0.16	1.78	1.41	1.57	18.0057	17.3913	17.2991	99.9999
1478	19 17 23.043	+30 06 28.00	0.54	2.07	1.50	0.97	18.2909	17.4286	16.6725	15.7251
1522	19 16 25.155	+30 15 52.60	0.84	3.05	1.76	0.92	19.2664	17.6589	16.6181	15.4870
1545	19 16 41.860	+30 15 02.64	1.09	3.91	2.13	1.03	20.1287	18.0102	16.7238	15.3321
1646	19 15 45.421	+30 13 56.05	0.47	2.20	1.60	1.12	18.4169	17.5284	16.8309	15.8841
1677	19 15 50.599	+30 01 34.65	0.67	2.81	1.68	1.01	19.0269	17.5919	16.7115	15.8337
1683	19 16 35.185	+30 10 52.68	0.44	2.29	1.69	1.25	18.5155	17.6247	16.9559	15.6728
1713	19 16 51.813	+30 14 12.28	0.89	3.38	1.95	1.07	19.5945	17.8503	16.7628	15.5293
1721	19 15 49.561	+30 05 50.52	0.70	2.62	1.77	1.07	18.8350	17.6809	16.7695	15.8214
1764	19 16 19.047	+30 20 10.01	0.65	2.91	1.74	1.09	19.1253	17.6539	16.7918	15.7316
1784	19 16 33.894	+30 13 58.13	1.44	83.79	2.84	1.40	99.9999	18.6962	17.0800	15.1885
1798	19 15 55.083	+30 13 33.55	0.91	3.50	2.09	1.18	19.7205	17.9837	16.8773	15.6643
1799	19 15 54.471	+30 16 19.77	0.29	2.05	1.73	1.44	18.2757	17.6766	17.1554	16.1968
1800	19 15 58.731	+30 00 04.80	0.69	2.67	1.78	1.09	18.8908	17.6973	16.7953	15.9974
1826	19 16 34.603	+30 10 46.64	0.77	2.24	2.38	1.61	18.4583	18.2832	17.3091	99.9999
1834	19 17 25.979	+30 00 41.97	0.44	2.18	2.00	1.57	18.4014	17.9361	17.2746	15.8775
1863	19 16 14.058	+30 07 40.34	0.71	2.80	1.89	1.18	19.0209	17.8013	16.8766	15.8726
1885	19 16 59.174	+30 21 42.41	0.93	2.69	2.08	1.15	18.9046	17.9791	16.8486	15.8318
1887	19 16 09.593	+30 01 38.12	1.16	83.78	2.52	1.36	99.9999	18.3963	17.0498	15.5212
1888	19 16 42.542	+30 12 18.90	1.09	83.78	2.61	1.52	99.9999	18.4962	17.2147	15.5335
1905	19 16 57.841	+30 04 06.34	1.50	83.79	3.19	1.69	99.9999	19.0424	17.3668	15.5268
1913	19 17 15.982	+30 12 26.72	1.11	83.78	2.45	1.35	99.9999	18.3335	17.0353	15.6643
1917	19 17 13.517	+30 05 24.06	1.23	83.78	2.67	1.44	99.9999	18.5453	17.1275	15.5269
1926	19 16 48.185	+30 04 41.59	1.36	83.78	2.83	1.47	99.9999	18.6913	17.1501	15.2921
1967	19 16 31.613	+30 11 06.14	0.17	1.96	1.65	1.48	18.1869	17.6007	17.1964	16.4432
1973	19 16 21.990	+30 03 38.78	1.10	3.78	2.88	1.78	20.0004	18.7643	17.4691	15.5504
2094	19 16 35.238	+30 03 14.59	0.58	2.48	1.99	1.41	18.6969	17.9099	17.1093	16.1350
2098	19 17 07.640	+30 11 12.13	1.30	83.78	2.98	1.68	99.9999	18.8479	17.3675	15.6316
2103	19 16 14.665	+30 15 51.27	1.30	83.78	3.05	1.75	99.9999	18.9123	17.4349	15.6678
2108	19 16 35.589	+30 11 00.01	0.56	2.66	1.98	1.41	18.8853	17.9008	17.1195	16.0710
2110	19 16 35.450	+30 10 45.39	0.49	2.46	2.00	1.51	18.6844	17.9259	17.2124	16.1391
2143	19 16 02.827	+30 09 23.02	0.65	2.87	2.04	1.39	19.0867	17.9536	17.0882	16.1151
2176	19 17 10.235	+30 14 54.96	1.26	4.58	2.93	1.67	20.7952	18.8015	17.3586	15.7348
2208	19 17 26.104	+30 15 54.44	0.36	83.78	1.92	1.56	99.9999	17.8584	17.2685	16.3439
2239	19 16 35.897	+30 11 05.51	0.58	2.58	2.07	1.49	18.7989	17.9930	17.1968	16.4151
2284	19 17 10.729	+30 03 06.21	0.66	2.84	2.13	1.47	19.0595	18.0437	17.1733	16.2814
2286	19 16 57.887	+30 05 20.78	1.29	83.78	2.95	1.66	99.9999	18.8159	17.3449	15.5944
2314	19 16 39.442	+30 11 29.03	0.58	2.93	2.12	1.54	19.1537	18.0393	17.2423	16.1114
2316	19 17 13.483	+30 08 56.02	1.40	83.78	3.18	1.78	99.9999	19.0364	17.4636	15.3181
2319	19 16 39.046	+30 12 42.35	1.05	83.78	2.73	1.67	99.9999	18.6118	17.3645	15.9084
2326	19 17 18.413	+30 01 15.99	0.51	2.57	2.08	1.57	18.7943	18.0032	17.2733	16.4211
2330	19 17 21.644	+30 02 18.57	0.85	3.44	2.35	1.50	19.6566	18.2501	17.1991	16.0664
2344	19 16 50.322	+30 06 54.32	1.23	83.78	3.19	1.96	99.9999	19.0582	17.6443	15.7689
2382	19 16 36.241	+30 11 00.92	0.23	2.62	2.03	1.80	18.8434	17.9839	17.5168	16.5242
2435	19 17 13.264	+30 01 04.71	0.83	3.45	2.40	1.56	19.6654	18.2986	17.2621	16.1714
2439	19 17 26.077	+30 15 53.74	1.04	2.67	2.68	1.64	18.8859	18.5637	17.3321	16.3873
2446	19 16 36.081	+30 11 07.61	0.13	2.56	2.16	2.02	18.7815	18.1144	17.7398	16.4224
2482	19 16 17.825	+30 17 31.92	1.09	83.78	2.87	1.78	99.9999	18.7561	17.4706	15.9526
2513	19 16 18.013	+30 02 42.21	0.79	3.37	2.40	1.61	19.5860	18.3019	17.3037	16.1876
2519	19 16 19.629	+30 19 24.98	0.42	2.71	2.07	1.66	18.9329	18.0060	17.3641	16.5482
2552	19 16 24.326	+30 11 49.50	0.79	3.62	2.44	1.66	19.8369	18.3502	17.3547	16.2068
2561	19 17 25.706	+30 06 18.74	1.37	83.78	3.41	2.04	99.9999	19.2698	17.7226	15.8317
2623	19 16 37.611	+30 11 02.13	0.57	3.05	2.27	1.70	19.2655	18.1930	17.4012	16.3885
2632	19 15 51.682	+30 05 57.60	1.03	83.78	2.80	1.77	99.9999	18.6825	17.4595	16.1401
2644	19 17 01.556	+30 04 40.89	1.34	83.78	3.42	2.08	99.9999	19.2805	17.7601	15.7887
2660	19 16 35.991	+30 10 44.63	0.61	2.97	2.37	1.76	19.1922	18.2884	17.4659	16.3805
2729	19 16 18.023	+30 12 04.54	0.72	3.38	2.46	1.74	19.6040	18.3673	17.4358	16.3728
2833	19 16 37.217	+30 08 15.53	1.24	83.78	3.35	2.11	99.9999	19.2246	17.7962	16.1280
2836	19 16 53.357	+30 01 19.97	1.44	83.79	3.60	2.16	99.9999	19.4530	17.8391	16.0033
2856	19 16 59.143	+30 17 23.54	0.78	3.29	2.61	1.82	19.5119	18.5134	17.5234	16.2967
2860	19 17 24.229	+30 02 38.32	0.72	83.78	2.62	1.89	99.9999	18.5270	17.5937	16.3325
2906	19 17 09.426	+30 07 58.38	0.72	3.35	2.55	1.83	19.5686	18.4596	17.5334	16.5060
2928	19 16 40.952	+30 00 08.08	0.73	3.77	2.61	1.88	19.9941	18.5215	17.5822	16.4864
2930	19 16 15.557	+30 11 10.39	1.20	83.78	3.36	2.16	99.9999	19.2344	17.8494	16.0364
2946	19 16 42.069	+30 11 34.52	0.68	3.43	2.56	1.88	19.6539	18.4717	17.5839	16.4267
2961	19 15 40.185	+30 18 27.02	0.39	83.78	2.47	2.08	99.9999	18.4058	17.7887	16.7121
2969	19 16 07.234	+30 07 56.32	0.87	3.62	2.82	1.95	19.8336	18.7164	17.6437	16.4421
2975	19 17 01.888	+30 06 46.80	1.10	83.78	3.36	2.26	99.9999	19.2384	17.9484	16.2941
2983	19 16 35.219	+30 10 47.89	-0.58	83.77	2.00	2.58	99.9999	18.0140	18.3187	16.7290
3130	19 16 34.648	+30 10 54.25	0.40	2.98	2.38	1.98	19.2000	18.3136	17.6890	16.9340
3150	19 16 34.527	+30 10 48.08	0.58	2.88	2.62	2.04	19.1002	18.5427	17.7494	99.9999
3165	19 15 46.936	+30 14 05.78	1.55	83.79	4.00	2.45	99.9999	19.8499	18.1280	16.0164
3185	19 17 20.787	+30 10 55.16	1.05	83.78	3.13	2.07	99.9999	19.0137	17.7660	16.4318
3187	19 16 36.610	+30 10 40.74	0.42	83.78	2.47	2.05	99.9999	18.3995	17.7546	16.9744
3199	19 16 34.221	+30 10 55.11	0.61	3.18	2.58	1.96	19.3996	18.4965	17.6672	16.7969
3206	19 16 22.460	+30 08 05.73	1.35	83.78	3.66	2.31	99.9999	19.5227	17.9932	16.0561
3248	19 16 57.904	+30 06 59.85	1.10	83.78	3.29	2.19	99.9999	19.1707	17.8814	16.4098
3278	19 16 06.261	+30 08 34.42	84.77	84.32	90.66	5.89	99.9999	99.9999	19.2686	16.5941
3331	19 16 36.981	+30 10 56.13	0.77	3.33	2.80	2.04	19.5512	18.7080	17.7343	16.7740
3387	19 16 33.588	+30 10 54.60	0.43	3.24	2.48	2.06	19.4598	18.4180	17.7662	17.0893
3405	19 15 42.998	+30 10 18.47	0.82	83.78	2.90	2.08	99.9999	18.8026	17.7768	16.7008
3454	19 17 07.872	+30 19 33.86	0.59	83.78	2.63	2.04	99.9999	18.5526	17.7414	16.8849
3463	19 16 25.588	+29 59 18.58	0.63	3.78	2.75	2.12	20.0020	18.6659	17.8203	16.7839
3482	19 17 16.236	+30 05 07.81	1.30	83.78	4.13	2.84	99.9999	20.0004	18.5224	16.5185
3550	19 15 44.027	+30 04 47.56	85.43	84.33	90.71	5.28	99.9999	99.9999	18.6387	15.9285
3561	19 16 11.087	+30 20 53.39	0.35	2.96	2.61	2.26	19.1839	18.5498	17.9742	17.2229
3580	19 17 12.418	+30 01 05.79	84.53	84.32	90.64	6.11	99.9999	99.9999	19.4946	16.6280
3591	19 16 26.444	+30 18 13.08	0.73	83.78	2.94	2.21	99.9999	18.8487	17.9086	16.8050
3625	19 16 35.364	+30 11 04.50	0.65	83.78	2.75	2.10	99.9999	18.6673	17.8023	17.0523
3699	19 15 40.773	+30 16 40.08	0.49	3.34	2.78	2.28	19.5647	18.7058	17.9909	17.0068
3748	19 17 01.188	+30 21 33.77	0.81	83.78	2.97	2.16	99.9999	18.8758	17.8558	16.8576
3757	19 15 44.208	+30 18 44.85	85.94	84.33	90.75	4.81	99.9999	99.9999	18.1550	16.5590
3761	19 16 35.320	+30 10 56.88	0.29	3.31	2.57	2.28	19.5364	18.5137	17.9879	17.2985
3776	19 16 08.497	+30 17 14.18	84.59	84.32	90.64	6.05	99.9999	99.9999	19.4376	16.8188
3793	19 15 58.734	+30 02 29.00	84.36	84.32	90.63	6.27	99.9999	99.9999	19.6596	16.7459
3794	19 15 51.544	+30 11 10.55	1.25	83.78	3.93	2.68	99.9999	19.8037	18.3683	16.6037
3795	19 16 34.431	+30 11 21.39	0.15	83.78	2.43	2.28	99.9999	18.3840	17.9942	17.4343
3799	19 15 59.644	+30 01 27.61	1.19	83.78	3.54	2.35	99.9999	19.4180	18.0396	16.6039
3868	19 17 05.588	+30 11 43.25	1.18	83.78	3.95	2.77	99.9999	19.8293	18.4623	16.7227
3876	19 16 36.941	+30 10 26.94	0.57	3.33	2.87	2.30	19.5493	18.7905	18.0037	17.0261
3906	19 16 19.417	+30 21 23.48	0.92	83.78	3.17	2.25	99.9999	19.0609	17.9447	16.8878
3918	19 16 35.603	+30 11 16.76	0.34	83.78	2.61	2.27	99.9999	18.5483	17.9793	17.2097
3944	19 16 34.051	+30 10 55.56	0.60	3.19	2.93	2.33	19.4070	18.8522	18.0387	17.3505
3970	19 16 08.121	+30 05 10.31	1.13	83.78	3.75	2.62	99.9999	19.6334	18.3119	16.7735
3984	19 16 01.637	+30 04 58.06	0.85	83.78	3.25	2.41	99.9999	19.1557	18.1058	16.8737
4002	19 16 31.276	+30 20 54.57	1.15	83.78	3.50	2.35	99.9999	19.3786	18.0379	16.6903
4008	19 16 35.865	+30 10 59.36	0.37	3.21	2.72	2.35	19.4294	18.6614	18.0618	17.2324
4037	19 16 37.141	+30 11 28.88	0.68	3.71	2.96	2.29	19.9341	18.8773	17.9873	17.1042
4042	19 16 44.679	+30 04 16.72	0.71	3.57	3.03	2.32	19.7931	18.9427	18.0242	17.0366
4061	19 16 45.434	+30 20 11.32	0.51	3.37	2.84	2.33	19.5873	18.7717	18.0412	17.3939
4068	19 16 33.096	+30 00 33.37	0.88	83.78	3.34	2.46	99.9999	19.2407	18.1604	16.8743
4083	19 16 34.684	+30 11 12.49	0.43	83.78	2.80	2.37	99.9999	18.7307	18.0750	17.1581
4085	19 16 36.353	+30 10 31.92	0.45	83.78	2.94	2.49	99.9999	18.8767	18.1998	16.9490
4099	19 16 37.606	+30 11 09.60	0.14	3.18	2.45	2.30	19.4032	18.4036	18.0202	17.6314
4110	19 16 19.836	+30 05 26.15	1.19	83.78	3.98	2.80	99.9999	19.8567	18.4828	16.8364
4119	19 16 11.629	+30 20 35.02	85.87	84.33	90.74	4.87	99.9999	99.9999	18.2217	16.9987
4130	19 15 42.186	+30 13 54.21	1.28	83.78	3.82	2.55	99.9999	19.6902	18.2309	16.7868
4133	19 16 16.830	+30 05 42.43	1.57	83.79	4.47	2.90	99.9999	20.3127	18.5786	16.7682
4197	19 16 37.240	+30 10 38.23	0.70	3.82	3.05	2.35	20.0380	18.9624	18.0481	17.1325
4232	19 16 48.393	+30 06 04.37	84.74	84.32	90.66	5.91	99.9999	99.9999	19.2966	16.8970
4236	19 15 52.161	+30 16 38.76	1.13	83.78	3.73	2.60	99.9999	19.6104	18.2894	16.9552
4289	19 16 37.898	+30 10 48.02	0.28	3.48	2.77	2.49	19.7004	18.7127	18.2025	17.2523
4301	19 16 37.619	+30 10 36.06	0.56	3.43	3.05	2.49	19.6458	18.9704	18.1950	17.0787
4305	19 16 59.520	+30 02 28.36	84.60	84.32	90.65	6.04	99.9999	99.9999	19.4276	17.0112
4324	19 17 23.943	+30 05 12.33	84.98	84.33	90.67	5.69	99.9999	99.9999	19.0654	16.7964
4330	19 16 26.913	+30 14 21.15	0.54	3.57	2.94	2.40	19.7922	18.8691	18.1068	17.2628
4337	19 16 35.061	+30 13 23.22	0.46	3.68	2.93	2.46	19.9040	18.8578	18.1715	17.1594
4352	19 16 31.129	+30 18 46.92	0.96	83.78	3.60	2.63	99.9999	19.4882	18.3267	16.9073
4355	19 16 18.440	+30 00 25.48	0.73	83.78	3.16	2.43	99.9999	19.0720	18.1283	17.1423
4361	19 16 57.176	+30 15 15.36	0.78	83.78	3.26	2.48	99.9999	19.1625	18.1789	17.0336
4372	19 16 35.817	+30 10 35.20	0.63	3.50	3.10	2.47	19.7155	19.0158	18.1738	17.3628
4414	19 17 07.991	+30 01 04.65	1.41	83.79	4.17	2.76	99.9999	20.0313	18.4451	16.8347
4416	19 16 35.768	+30 10 50.26	0.37	83.78	2.82	2.45	99.9999	18.7604	18.1609	17.7378
4446	19 16 18.158	+30 06 50.64	84.60	84.32	90.64	6.04	99.9999	99.9999	19.4298	17.0144
4464	19 16 53.430	+30 00 21.23	1.54	83.79	4.50	2.96	99.9999	20.3442	18.6336	16.6428
4477	19 16 36.377	+30 11 35.11	0.05	3.44	2.78	2.74	19.6621	18.7449	18.4548	17.7106
4489	19 15 49.909	+30 11 21.19	1.26	83.78	4.41	3.15	99.9999	20.2781	18.8354	16.8522
4515	19 16 34.330	+30 10 58.58	-0.06	83.78	2.51	2.57	99.9999	18.4829	18.2971	17.5048
4524	19 17 01.182	+30 21 32.47	0.89	83.78	3.59	2.70	99.9999	19.4879	18.3931	16.9571
4525	19 16 38.935	+29 59 23.10	84.33	84.32	90.62	6.29	99.9999	99.9999	19.6846	17.1071
4536	19 15 50.751	+30 15 08.41	0.92	83.78	3.64	2.73	99.9999	19.5403	18.4243	17.0124
4551	19 17 03.666	+30 02 10.51	0.51	83.78	3.03	2.51	99.9999	18.9538	18.2180	17.2370
4632	19 17 18.431	+30 12 53.12	0.71	83.78	3.25	2.54	99.9999	19.1613	18.2440	17.2108
4673	19 16 32.517	+30 10 22.44	0.77	83.78	3.14	2.36	99.9999	19.0424	18.0599	17.7193
4681	19 15 48.489	+30 11 47.23	84.13	84.32	90.61	6.48	99.9999	99.9999	19.8736	17.0795
4693	19 17 08.360	+30 19 14.83	84.75	84.32	90.66	5.90	99.9999	99.9999	19.2846	16.9421
4703	19 17 24.654	+30 03 41.93	0.89	83.78	3.65	2.76	99.9999	19.5466	18.4577	16.9703
4709	19 16 37.377	+30 22 41.48	1.14	83.78	3.62	2.48	99.9999	19.4948	18.1663	17.4020
4716	19 16 32.370	+30 11 46.91	0.45	3.36	3.07	2.62	19.5791	19.0023	18.3259	17.3246
4719	19 16 27.157	+30 06 41.90	1.32	83.78	4.66	3.34	99.9999	20.5235	19.0277	17.0539
4731	19 17 27.274	+30 14 35.15	1.24	83.78	3.84	2.60	99.9999	19.7088	18.2871	16.9706
4736	19 15 55.687	+30 10 09.80	84.30	84.32	90.62	6.32	99.9999	99.9999	19.7116	17.0987
4738	19 16 35.280	+30 11 20.38	0.26	3.35	2.91	2.65	19.5687	18.8549	18.3633	17.5730
4742	19 15 55.841	+30 12 40.02	84.81	84.32	90.66	5.85	99.9999	99.9999	19.2286	16.7989
4758	19 16 36.722	+30 11 38.44	0.51	83.78	3.11	2.60	99.9999	19.0346	18.3020	17.3281
4762	19 16 57.770	+30 05 05.97	1.18	83.78	4.02	2.83	99.9999	19.8926	18.5207	16.8604
4768	19 16 44.297	+30 10 06.42	0.95	83.78	3.72	2.77	99.9999	19.6104	18.4616	17.0103
4771	19 15 56.047	+30 09 50.61	0.73	83.78	3.30	2.57	99.9999	19.2130	18.2687	17.2768
4780	19 16 36.896	+30 10 49.72	0.29	3.51	2.95	2.65	19.7306	18.8918	18.3651	17.6225
4781	19 17 14.217	+30 03 25.97	0.86	83.78	3.48	2.63	99.9999	19.3833	18.3236	17.1545
4807	19 16 35.555	+30 11 32.70	0.69	3.81	3.33	2.64	20.0312	19.2448	18.3403	17.2935
4824	19 16 31.268	+30 11 24.31	0.46	3.58	3.13	2.67	19.8010	19.0658	18.3797	17.4156
4827	19 16 37.553	+30 04 29.18	0.67	83.78	3.33	2.66	99.9999	19.2495	18.3647	17.2552
4830	19 17 05.428	+30 02 24.33	84.00	84.32	90.60	6.60	99.9999	99.9999	19.9996	17.2998
4831	19 16 36.864	+30 11 17.75	0.51	3.65	3.21	2.70	19.8692	19.1418	18.4101	17.4179
4841	19 16 36.791	+30 11 14.62	0.22	83.78	2.94	2.72	99.9999	18.8908	18.4391	17.4298
4847	19 16 09.365	+30 20 18.06	1.40	83.78	4.17	2.77	99.9999	20.0253	18.4537	16.6012
4859	19 16 41.588	+30 18 38.81	84.52	84.32	90.64	6.12	99.9999	99.9999	19.5066	17.1355
4863	19 16 32.475	+30 10 57.43	0.54	83.78	3.21	2.66	99.9999	19.1316	18.3683	17.2611
4872	19 16 36.592	+30 10 58.36	-0.07	83.78	2.58	2.65	99.9999	18.5567	18.3747	17.5501
4873	19 16 38.552	+30 11 18.49	-0.01	3.54	2.72	2.73	19.7634	18.6869	18.4533	17.6663
4922	19 16 35.997	+30 11 32.81	0.31	4.01	3.09	2.77	20.2291	19.0298	18.4864	17.3737
4960	19 16 47.713	+30 16 59.84	0.96	83.78	3.80	2.83	99.9999	19.6891	18.5286	17.1547
4966	19 16 39.842	+30 13 36.92	84.52	84.32	90.64	6.11	99.9999	99.9999	19.5026	17.2098
4970	19 16 32.231	+30 11 23.08	0.55	83.78	3.21	2.66	99.9999	19.1369	18.3671	17.3730
4971	19 16 38.686	+30 10 37.20	1.11	3.84	3.65	2.54	20.0546	19.5298	18.2328	17.1612
5000	19 16 33.984	+30 10 55.01	-0.23	3.89	2.60	2.83	20.1119	18.5829	18.5551	17.7775
5004	19 17 00.715	+30 03 30.51	0.35	3.32	3.00	2.65	19.5383	18.9386	18.3628	17.5138
5012	19 15 53.570	+30 01 26.80	85.28	84.33	90.70	5.41	99.9999	99.9999	18.7801	16.9037
5014	19 16 34.642	+30 10 43.01	0.46	83.78	3.11	2.64	99.9999	19.0365	18.3524	17.4869
5025	19 15 41.199	+30 02 38.94	1.37	83.78	3.97	2.60	99.9999	19.8317	18.2865	17.0554
5051	19 16 34.005	+30 11 26.54	0.48	3.84	3.14	2.66	20.0576	19.0665	18.3639	17.5370
5053	19 16 36.110	+30 10 50.56	0.31	83.78	3.04	2.73	99.9999	18.9802	18.4421	17.3944
5098	19 16 34.759	+30 10 40.73	0.23	83.78	2.97	2.74	99.9999	18.9231	18.4547	17.5294
5108	19 16 36.908	+30 11 00.42	0.33	3.55	3.05	2.72	19.7697	18.9911	18.4270	17.5916
5121	19 16 48.491	+30 09 41.41	0.71	3.77	3.37	2.67	19.9918	19.2856	18.3693	17.4461
5137	19 17 09.967	+30 05 54.02	84.92	84.33	90.67	5.75	99.9999	99.9999	19.1296	17.3056
5142	19 17 10.818	+30 04 26.55	1.32	83.78	4.50	3.18	99.9999	20.3597	18.8613	16.9914
5178	19 16 37.965	+30 10 42.81	0.41	83.78	3.20	2.80	99.9999	19.1386	18.5049	17.6473
5186	19 16 36.170	+30 11 19.66	0.15	83.78	2.85	2.69	99.9999	18.8010	18.4092	17.6168
5191	19 16 33.500	+30 11 02.04	0.38	83.78	3.12	2.75	99.9999	19.0614	18.4584	17.6038
5195	19 16 09.173	+30 17 00.16	85.12	84.33	90.69	5.56	99.9999	99.9999	18.9358	17.2200
5211	19 16 59.227	+30 11 45.33	84.57	84.32	90.64	6.08	99.9999	99.9999	19.4636	17.2868
5241	19 16 36.613	+30 10 47.31	0.36	3.55	3.11	2.75	19.7717	19.0461	18.4615	18.0864
5251	19 16 39.017	+30 11 22.67	0.60	3.54	3.42	2.82	19.7581	19.3391	18.5225	17.5593
5259	19 17 05.200	+30 06 34.06	1.23	83.78	4.26	3.03	99.9999	20.1323	18.7184	17.2011
5261	19 16 25.750	+30 11 56.12	0.86	83.78	3.68	2.82	99.9999	19.5783	18.5191	17.2022
5300	19 16 32.457	+30 10 50.23	0.75	3.94	3.45	2.71	20.1586	19.3621	18.4062	17.5992
5342	19 16 33.622	+30 10 48.55	0.50	83.78	3.23	2.72	99.9999	19.1542	18.4288	17.6488
5371	19 17 11.647	+30 15 01.38	84.40	84.32	90.63	6.23	99.9999	99.9999	19.6196	17.1711
5378	19 16 19.116	+30 18 42.62	84.97	84.33	90.67	5.70	99.9999	99.9999	19.0746	17.0249
5419	19 17 13.379	+30 16 40.65	1.22	83.78	4.33	3.11	99.9999	20.2047	18.7998	17.2739
5429	19 15 41.606	+30 09 40.61	83.62	84.32	90.57	6.95	99.9999	99.9999	20.3626	17.4324
5431	19 16 27.331	+30 15 09.20	1.12	83.78	4.53	3.41	99.9999	20.4107	19.1008	17.1868
5439	19 16 20.223	+30 00 27.13	84.94	84.33	90.67	5.73	99.9999	99.9999	19.1046	17.2510
5470	19 16 36.812	+30 10 46.37	0.32	3.87	3.14	2.82	20.0925	19.0844	18.5313	17.7135
5474	19 16 08.338	+30 16 25.19	1.15	83.78	4.07	2.91	99.9999	19.9438	18.6010	17.3342
5477	19 16 11.145	+30 10 58.92	83.96	84.32	90.59	6.64	99.9999	99.9999	20.0426	17.3614
5478	19 17 01.150	+30 10 59.21	0.63	4.01	3.44	2.81	20.2323	19.3547	18.5141	17.4731
5486	19 15 46.568	+30 19 28.62	85.08	84.33	90.68	5.60	99.9999	99.9999	18.9702	17.2008
5493	19 16 37.342	+30 11 03.20	0.39	4.02	3.24	2.85	20.2410	19.1787	18.5586	17.6120
5505	19 17 22.903	+30 00 44.31	0.59	83.78	3.34	2.75	99.9999	19.2643	18.4573	17.6267
5511	19 15 47.565	+30 17 58.00	84.83	84.32	90.66	5.83	99.9999	99.9999	19.2136	16.9454
5521	19 16 04.698	+30 02 09.23	83.75	84.32	90.58	6.83	99.9999	99.9999	20.2406	17.4486
5548	19 16 36.585	+30 10 38.53	0.55	83.78	3.25	2.70	99.9999	19.1731	18.4011	17.8558
5560	19 15 57.843	+30 12 09.46	0.99	83.78	4.00	3.02	99.9999	19.8915	18.7089	17.2348
5580	19 16 36.429	+30 10 28.55	0.34	83.78	3.14	2.80	99.9999	19.0825	18.5097	17.7575
5586	19 16 28.500	+30 22 33.10	84.59	84.32	90.64	6.06	99.9999	99.9999	19.4426	17.2948
5608	19 16 32.348	+30 10 56.68	0.50	83.78	3.28	2.78	99.9999	19.2080	18.4844	17.8360
5610	19 16 32.978	+30 11 27.29	0.39	83.78	3.26	2.87	99.9999	19.1940	18.5815	17.5485
5626	19 17 08.098	+30 01 05.85	84.49	84.32	90.64	6.15	99.9999	99.9999	19.5376	17.2291
5647	19 16 34.610	+30 11 10.37	0.54	83.78	3.28	2.74	99.9999	19.2023	18.4429	17.7032
5653	19 16 52.240	+30 01 07.87	84.34	84.32	90.62	6.28	99.9999	99.9999	19.6736	17.2784
5695	19 16 38.912	+30 10 27.50	0.55	3.98	3.42	2.87	20.2029	19.3471	18.5795	17.6030
5716	19 15 55.709	+30 12 12.54	84.81	84.32	90.66	5.85	99.9999	99.9999	19.2263	17.1675
5758	19 15 44.160	+30 18 58.89	-0.08	83.78	3.01	3.09	99.9999	18.9860	18.8167	18.0163
5771	19 16 35.540	+30 10 53.39	0.41	83.78	3.26	2.85	99.9999	19.1964	18.5617	17.7221
5774	19 15 54.983	+30 19 22.92	85.31	84.33	90.70	5.39	99.9999	99.9999	18.7596	17.2983
5820	19 16 34.799	+30 11 23.66	0.55	3.56	3.55	3.00	19.7816	19.4719	18.7071	17.9313
5849	19 16 34.198	+30 10 29.13	0.21	83.78	3.10	2.90	99.9999	19.0543	18.6104	17.7988
5862	19 16 31.039	+30 20 45.72	0.66	83.78	3.43	2.77	99.9999	19.3443	18.4742	17.7878
5873	19 16 40.039	+30 17 51.63	84.87	84.33	90.67	5.80	99.9999	99.9999	19.1772	17.4209
5878	19 16 33.170	+30 07 41.25	84.42	84.32	90.63	6.21	99.9999	99.9999	19.6035	17.2825
5881	19 16 19.607	+30 02 19.90	83.66	84.32	90.57	6.91	99.9999	99.9999	20.3206	17.5215
5900	19 16 37.377	+30 10 55.22	0.62	83.78	3.39	2.78	99.9999	19.3139	18.4823	17.7591
5922	19 16 32.976	+30 08 28.86	84.35	84.32	90.63	6.27	99.9999	99.9999	19.6656	17.3480
5951	19 16 24.344	+30 10 21.62	0.93	83.78	3.89	2.97	99.9999	19.7866	18.6606	17.5110
5953	19 16 30.919	+30 10 29.34	0.56	3.90	3.43	2.87	20.1168	19.3560	18.5735	17.6978
5960	19 16 32.211	+30 10 21.38	0.55	83.78	3.47	2.92	99.9999	19.3957	18.6298	17.7088
5980	19 16 30.807	+30 13 04.80	0.65	83.78	3.65	3.00	99.9999	19.5629	18.7005	17.5644
5992	19 16 34.539	+30 10 27.59	0.37	83.78	3.33	2.96	99.9999	19.2643	18.6657	17.9478
5999	19 16 38.115	+30 11 21.65	0.48	3.85	3.33	2.86	20.0725	19.2645	18.5661	17.7251
6004	19 15 50.527	+30 14 20.94	84.46	84.32	90.63	6.17	99.9999	99.9999	19.5606	17.3871
6023	19 16 34.182	+30 10 59.26	0.48	83.78	3.29	2.81	99.9999	19.2199	18.5133	17.8503
6034	19 15 50.131	+30 11 21.37	1.06	83.78	4.39	3.33	99.9999	20.2728	19.0234	17.4344
6035	19 17 06.388	+30 10 50.23	0.66	83.78	3.67	3.01	99.9999	19.5886	18.7145	17.5569
6038	19 16 35.729	+30 10 38.32	-0.40	83.77	3.28	3.68	99.9999	19.2799	19.4144	17.8341
6043	19 16 34.125	+30 10 56.77	85.17	84.33	90.69	5.52	99.9999	99.9999	18.8866	17.5713
6069	19 16 36.276	+30 11 35.14	0.58	83.78	3.48	2.90	99.9999	19.4052	18.6044	17.7228
6070	19 16 35.494	+30 11 21.72	0.44	83.78	3.37	2.93	99.9999	19.3021	18.6413	17.9780
6102	19 16 34.077	+30 11 08.13	0.15	3.59	3.30	3.14	19.8090	19.2522	18.8594	18.0287
6112	19 16 33.210	+30 01 22.82	1.12	83.78	4.42	3.30	99.9999	20.3039	18.9896	17.1770
6138	19 16 35.114	+30 11 14.51	0.26	83.78	3.30	3.04	99.9999	19.2487	18.7505	17.8367
6141	19 15 49.235	+30 16 05.57	0.96	83.78	4.38	3.42	99.9999	20.2751	19.1146	17.1915
6153	19 16 36.916	+30 10 54.13	0.24	83.78	3.27	3.02	99.9999	19.2156	18.7366	17.9063
6182	19 16 42.984	+30 04 19.21	1.20	83.78	4.40	3.21	99.9999	20.2752	18.8934	17.5484
6202	19 16 22.148	+30 11 24.72	84.76	84.32	90.66	5.90	99.9999	99.9999	19.2826	17.4722
6210	19 16 54.452	+29 59 48.60	83.99	84.32	90.60	6.61	99.9999	99.9999	20.0116	17.5204
6233	19 16 37.698	+30 10 15.71	0.55	83.78	3.46	2.91	99.9999	19.3846	18.6110	18.2747
6256	19 16 34.723	+30 11 53.28	0.57	83.78	3.55	2.98	99.9999	19.4684	18.6807	17.8088
6263	19 16 36.372	+30 11 42.07	0.40	4.05	3.38	2.97	20.2697	19.3113	18.6815	17.9167
6275	19 15 57.889	+30 20 58.39	0.52	83.78	3.57	3.05	99.9999	19.4997	18.7550	17.7937
6299	19 16 38.442	+30 11 04.76	0.27	83.78	3.25	2.98	99.9999	19.1920	18.6910	17.9710
6312	19 16 17.123	+30 08 21.40	84.46	84.32	90.63	6.18	99.9999	99.9999	19.5645	17.3818
6319	19 16 34.802	+30 10 24.23	0.52	83.78	3.39	2.87	99.9999	19.3169	18.5799	18.2228
6329	19 16 36.297	+30 11 17.59	0.29	83.78	3.36	3.07	99.9999	19.3038	18.7823	17.8381
6356	19 16 33.235	+30 11 06.38	0.37	3.81	3.36	2.99	20.0326	19.2962	18.6988	17.9209
6369	19 16 32.682	+30 11 19.01	0.90	4.00	3.77	2.88	20.2200	19.6681	18.5711	17.7752
6374	19 15 48.947	+30 15 30.64	84.13	84.32	90.61	6.48	99.9999	99.9999	19.8776	17.4538
6391	19 16 38.395	+30 11 17.07	0.35	83.78	3.38	3.03	99.9999	19.3176	18.7423	18.0432
6402	19 16 03.414	+30 18 01.10	84.56	84.32	90.64	6.08	99.9999	99.9999	19.4666	17.5140
6424	19 16 35.110	+30 10 32.69	0.19	83.78	3.28	3.09	99.9999	19.2333	18.8066	18.0257
6427	19 17 19.868	+30 02 51.52	0.64	83.78	3.70	3.07	99.9999	19.6222	18.7699	17.7002
6467	19 16 33.580	+30 10 57.76	0.80	3.98	3.75	2.95	20.1939	19.6532	18.6485	17.8677
6499	19 16 17.483	+30 04 18.00	83.58	84.32	90.57	6.98	99.9999	99.9999	20.3956	17.7119
6509	19 16 34.435	+30 11 23.98	0.23	83.78	3.34	3.10	99.9999	19.2849	18.8172	17.9508
6512	19 16 34.054	+30 10 22.90	0.40	83.78	3.46	3.07	99.9999	19.3976	18.7752	17.8215
6538	19 16 20.199	+30 00 11.61	1.14	83.78	4.36	3.22	99.9999	20.2387	18.9125	17.6125
6544	19 16 36.535	+30 11 08.16	0.47	83.78	3.53	3.05	99.9999	19.4554	18.7610	17.9454
6547	19 16 37.796	+30 10 31.86	0.42	3.52	3.52	3.10	19.7444	19.4501	18.8077	17.9671
6569	19 15 46.631	+30 19 27.58	84.78	84.32	90.66	5.88	99.9999	99.9999	19.2596	17.6455
6570	19 17 22.825	+30 14 51.96	83.90	84.32	90.59	6.69	99.9999	99.9999	20.0956	17.5529
6595	19 15 45.783	+30 17 52.08	0.99	83.78	4.10	3.11	99.9999	19.9906	18.8009	17.6916
6596	19 17 09.789	+30 10 50.00	0.69	83.78	4.10	3.42	99.9999	20.0174	19.1195	17.5791
6604	19 16 30.671	+30 11 12.96	0.24	3.68	3.34	3.10	19.8985	19.2917	18.8124	18.1066
6613	19 16 35.860	+30 11 35.32	0.21	83.78	3.39	3.18	99.9999	19.3384	18.8938	17.8974
6619	19 16 37.270	+30 11 56.23	0.45	83.78	3.54	3.10	99.9999	19.4760	18.8039	17.9444
6624	19 16 34.917	+30 11 00.82	-0.18	83.77	2.95	3.13	99.9999	18.9291	18.8551	17.9708
6635	19 16 20.535	+30 06 33.43	0.95	83.78	4.15	3.20	99.9999	20.0409	18.8932	17.6796
6650	19 16 38.747	+30 11 31.05	0.90	83.78	3.74	2.83	99.9999	19.6321	18.5285	18.1044
6655	19 16 35.641	+30 10 32.40	0.24	4.04	3.32	3.08	20.2594	19.2696	18.7917	18.0193
6656	19 15 56.709	+30 21 10.13	84.73	84.32	90.66	5.92	99.9999	99.9999	19.3066	17.4998
6668	19 16 34.158	+30 11 24.22	0.69	83.78	3.76	3.06	99.9999	19.6705	18.7660	17.8147
6700	19 16 01.079	+30 04 07.04	84.36	84.32	90.63	6.27	99.9999	99.9999	19.6596	17.5992
6705	19 17 11.101	+30 02 21.13	84.29	84.32	90.62	6.33	99.9999	99.9999	19.7226	17.7092
6708	19 16 33.237	+30 10 24.86	0.48	83.78	3.57	3.09	99.9999	19.4994	18.8015	17.8877
6713	19 16 35.015	+30 10 45.66	0.56	83.78	3.58	3.02	99.9999	19.5005	18.7236	17.9588
6725	19 16 32.724	+30 11 10.52	0.63	83.78	3.69	3.06	99.9999	19.6068	18.7596	17.9251
6753	19 16 09.240	+30 03 19.10	1.04	83.78	4.50	3.46	99.9999	20.3866	19.1555	17.5787
6771	19 16 37.268	+30 10 34.08	0.60	83.78	3.70	3.09	99.9999	19.6152	18.7944	17.8521
6777	19 16 35.571	+30 10 51.27	0.05	83.78	3.28	3.23	99.9999	19.2389	18.9454	18.0828
6793	19 15 40.796	+30 16 47.14	84.74	84.32	90.66	5.92	99.9999	99.9999	19.2986	17.6646
6796	19 15 56.878	+30 09 55.78	0.81	83.78	3.93	3.12	99.9999	19.8325	18.8179	17.7939
6798	19 16 40.577	+30 11 15.48	0.41	83.78	3.54	3.13	99.9999	19.4734	18.8383	17.9335
6800	19 17 15.769	+30 18 54.62	84.64	84.32	90.65	6.01	99.9999	99.9999	19.3936	17.8078
6807	19 16 32.666	+30 11 07.95	0.28	83.78	3.38	3.10	99.9999	19.3229	18.8097	18.1475
6822	19 16 35.686	+30 10 35.87	0.64	83.78	3.71	3.07	99.9999	19.6314	18.7755	17.8869
6841	19 16 37.772	+30 11 41.86	1.06	83.78	3.92	2.86	99.9999	19.8014	18.5510	18.2389
6863	19 16 40.383	+30 12 57.89	0.60	83.78	3.68	3.09	99.9999	19.6016	18.7893	18.0387
6879	19 16 32.935	+30 11 29.55	0.33	3.86	3.49	3.16	20.0774	19.4319	18.8709	17.9992
6903	19 16 36.651	+30 11 03.75	0.49	83.78	3.43	2.94	99.9999	19.3628	18.6483	18.0736
6906	19 16 42.896	+30 01 10.42	83.76	84.32	90.58	6.82	99.9999	99.9999	20.2296	17.7559
6919	19 16 39.875	+30 10 18.63	-0.12	83.78	3.19	3.31	99.9999	19.1710	19.0370	18.3148
6922	19 16 20.010	+30 05 37.29	83.39	84.32	90.55	7.16	99.9999	99.9999	20.5836	17.8400
6931	19 16 37.350	+30 10 45.14	0.33	83.78	3.59	3.26	99.9999	19.5309	18.9686	99.9999
6935	19 16 37.327	+30 10 24.16	0.70	83.78	3.63	2.94	99.9999	19.5458	18.6365	18.1523
6938	19 16 32.208	+30 02 13.23	83.37	84.32	90.55	7.17	99.9999	99.9999	20.5936	17.8692
6950	19 16 33.056	+30 10 47.15	0.37	83.78	3.72	3.34	99.9999	19.6553	19.0533	17.7105
6958	19 17 16.313	+30 06 10.14	84.04	84.32	90.60	6.56	99.9999	99.9999	19.9576	17.7611
6961	19 16 31.342	+30 10 51.47	0.45	83.78	3.56	3.11	99.9999	19.4933	18.8150	18.0282
6973	19 16 50.245	+30 10 49.42	0.46	83.78	3.64	3.17	99.9999	19.5697	18.8820	17.9226
6992	19 16 37.116	+30 10 58.78	0.30	83.78	3.51	3.21	99.9999	19.4527	18.9237	18.1196
6997	19 16 31.553	+30 10 10.60	0.13	83.78	3.39	3.26	99.9999	19.3496	18.9803	17.8531
7000	19 16 36.413	+30 11 24.91	0.24	83.78	3.51	3.28	99.9999	19.4630	18.9920	99.9999
7028	19 16 35.617	+30 10 36.60	0.87	83.78	3.98	3.11	99.9999	19.8796	18.8063	18.0379
7049	19 16 33.072	+30 11 23.45	-0.28	83.77	3.18	3.46	99.9999	19.1688	19.1916	17.8437
7070	19 16 34.902	+30 10 52.92	0.19	83.78	3.19	3.00	99.9999	19.1383	18.7118	18.3591
7100	19 16 39.065	+30 10 51.81	0.44	83.78	3.76	3.31	99.9999	19.6879	19.0203	17.9289
7106	19 16 36.896	+30 11 04.01	0.36	83.78	3.66	3.31	99.9999	19.6042	19.0196	18.2704
7109	19 16 37.652	+30 11 38.18	0.66	3.66	3.80	3.15	19.8753	19.7186	18.8481	18.1288
7113	19 16 03.772	+30 20 52.96	0.65	83.78	3.74	3.08	99.9999	19.6542	18.7863	18.0365
7119	19 17 07.377	+30 12 18.32	83.93	84.32	90.59	6.67	99.9999	99.9999	20.0706	17.8297
7126	19 16 36.937	+30 10 28.08	0.22	83.78	3.53	3.30	99.9999	19.4752	19.0160	17.9421
7160	19 17 13.318	+30 15 43.43	84.10	84.32	90.61	6.51	99.9999	99.9999	19.9056	17.6619
7174	19 17 03.783	+30 16 27.63	83.99	84.32	90.60	6.61	99.9999	99.9999	20.0086	17.8696
7175	19 15 59.524	+30 06 36.54	0.89	83.78	4.36	3.47	99.9999	20.2537	19.1621	17.7280
7181	19 16 37.289	+30 04 23.39	0.95	83.78	4.36	3.41	99.9999	20.2566	19.1037	17.7068
7192	19 16 23.227	+30 14 32.62	0.56	3.95	3.71	3.15	20.1713	19.6318	18.8530	18.0770
7194	19 15 49.723	+30 09 21.86	0.85	83.78	4.22	3.37	99.9999	20.1254	19.0706	17.7142
7201	19 16 37.884	+30 10 34.00	0.26	83.78	3.54	3.28	99.9999	19.4858	18.9892	18.1668
7204	19 16 35.013	+30 10 35.53	0.29	3.99	3.48	3.19	20.2141	19.4224	18.9001	18.1663
7230	19 16 20.227	+30 13 50.64	83.68	84.32	90.57	6.89	99.9999	99.9999	20.3056	17.7873
7233	19 16 37.228	+30 11 00.47	0.17	83.78	3.50	3.33	99.9999	19.4539	19.0480	18.1715
7256	19 17 18.320	+30 08 27.71	83.85	84.32	90.59	6.74	99.9999	99.9999	20.1416	17.6319
7270	19 15 57.786	+30 06 28.25	84.31	84.32	90.62	6.31	99.9999	99.9999	19.7046	17.8333
7271	19 16 38.441	+30 10 05.72	0.20	83.78	3.39	3.19	99.9999	19.3451	18.9043	18.2190
7294	19 16 31.946	+30 11 05.73	0.09	4.17	3.53	3.44	20.3900	19.4881	19.1598	18.0744
7300	19 16 32.686	+30 11 05.33	0.56	83.78	3.69	3.13	99.9999	19.6146	18.8389	18.2098
7318	19 16 37.351	+30 10 21.87	0.50	83.78	3.70	3.19	99.9999	19.6261	18.9011	18.2049
7343	19 16 06.594	+30 13 20.79	84.53	84.32	90.64	6.11	99.9999	99.9999	19.4946	17.6982
7348	19 17 01.116	+29 59 44.48	83.95	84.32	90.59	6.65	99.9999	99.9999	20.0516	17.8772
7351	19 16 09.342	+30 18 47.49	84.19	84.32	90.61	6.42	99.9999	99.9999	19.8186	17.8066
7352	19 17 25.765	+30 00 02.40	85.07	84.33	90.68	5.61	99.9999	99.9999	18.9856	17.9001
7354	19 17 11.725	+30 17 05.03	84.66	84.32	90.65	5.99	99.9999	99.9999	19.3704	17.5020
7355	19 17 28.976	+30 09 17.75	85.24	84.33	90.69	5.46	99.9999	99.9999	18.8256	18.0361
7359	19 16 33.434	+30 11 16.08	0.35	83.78	3.64	3.29	99.9999	19.5819	19.0051	18.0705
7384	19 16 39.669	+30 10 35.08	0.22	83.78	3.49	3.28	99.9999	19.4430	18.9900	18.4898
7399	19 16 41.065	+30 11 05.87	0.23	83.78	3.52	3.29	99.9999	19.4678	19.0016	17.9826
7417	19 16 32.130	+30 11 15.89	0.46	83.78	3.65	3.19	99.9999	19.5847	18.8988	18.2372
7431	19 16 35.825	+30 10 29.14	0.20	83.78	3.67	3.47	99.9999	19.6251	19.1888	18.1846
7445	19 16 40.022	+30 11 25.96	0.32	83.78	3.64	3.32	99.9999	19.5828	19.0363	18.0820
7458	19 17 14.248	+30 00 25.56	0.45	83.78	3.71	3.26	99.9999	19.6376	18.9680	18.0087
7461	19 16 30.755	+30 10 29.30	83.45	84.32	90.56	7.10	99.9999	99.9999	20.5186	17.9143
7467	19 16 20.637	+30 02 54.76	1.01	83.78	4.42	3.41	99.9999	20.3078	19.1060	17.4643
7468	19 16 30.235	+30 10 16.05	0.21	3.77	3.50	3.29	19.9922	19.4486	19.0025	18.2701
7479	19 16 10.096	+30 17 41.08	84.11	84.32	90.61	6.49	99.9999	99.9999	19.8936	17.8287
7503	19 16 37.614	+30 11 18.30	0.50	83.78	3.79	3.29	99.9999	19.7192	18.9940	18.0163
7512	19 16 33.830	+30 10 51.94	0.60	83.78	3.63	3.03	99.9999	19.5530	18.7342	18.2560
7514	19 16 37.165	+30 07 26.92	0.79	83.78	3.98	3.19	99.9999	19.8845	18.8858	18.0019
7533	19 16 09.067	+30 03 59.45	84.05	84.32	90.60	6.55	99.9999	99.9999	19.9536	17.9165
7538	19 16 33.647	+30 11 20.01	0.71	83.78	3.85	3.14	99.9999	19.7628	18.8372	18.2725
7579	19 16 40.438	+30 11 19.19	0.50	83.78	3.79	3.29	99.9999	19.7179	18.9966	18.0254
7585	19 16 41.575	+30 21 02.46	84.94	84.33	90.67	5.73	99.9999	99.9999	19.1095	17.6967
7586	19 16 34.390	+30 10 54.75	0.36	83.78	3.44	3.08	99.9999	19.3807	18.7874	18.3046
7588	19 16 35.474	+30 10 42.14	0.76	83.78	3.82	3.07	99.9999	19.7316	18.7673	18.2593
7616	19 16 25.360	+30 20 06.49	83.91	84.32	90.59	6.68	99.9999	99.9999	20.0876	17.8675
7623	19 16 33.996	+30 10 58.55	0.22	83.78	3.45	3.23	99.9999	19.4041	18.9476	18.4039
7625	19 16 33.848	+30 10 35.98	0.70	83.78	3.89	3.20	99.9999	19.8057	18.8975	18.3073
7634	19 16 33.993	+30 11 30.90	0.28	83.78	3.61	3.32	99.9999	19.5519	19.0373	18.1811
7637	19 16 24.626	+30 16 16.26	84.85	84.32	90.66	5.82	99.9999	99.9999	19.1962	17.8945
7638	19 16 01.076	+30 18 30.02	84.10	84.32	90.61	6.51	99.9999	99.9999	19.9086	17.8845
7648	19 16 37.336	+30 11 28.50	0.33	4.37	3.58	3.25	20.5907	19.5207	18.9569	18.3221
7653	19 16 38.638	+30 15 53.04	83.92	84.32	90.59	6.68	99.9999	99.9999	20.0806	17.8682
7672	19 16 52.890	+30 03 22.52	1.30	83.78	4.88	3.58	99.9999	20.7445	19.2640	17.7291
7684	19 16 05.218	+30 08 20.27	83.77	84.32	90.58	6.81	99.9999	99.9999	20.2226	17.9325
7685	19 17 12.558	+30 18 08.24	83.91	84.32	90.59	6.68	99.9999	99.9999	20.0836	17.5884
7750	19 17 17.715	+30 15 36.98	84.23	84.32	90.62	6.39	99.9999	99.9999	19.7816	17.9405
7770	19 16 36.833	+30 11 43.94	0.77	83.78	3.62	2.85	99.9999	19.5301	18.5522	18.4738
7771	19 16 48.576	+30 04 36.93	83.94	84.32	90.59	6.66	99.9999	99.9999	20.0596	17.8715
7782	19 15 43.320	+30 15 46.13	84.35	84.32	90.62	6.28	99.9999	99.9999	19.6716	17.9072
7795	19 15 47.385	+30 10 38.60	84.76	84.32	90.66	5.90	99.9999	99.9999	19.2762	17.8918
7801	19 16 38.306	+30 11 15.46	0.54	83.78	3.78	3.24	99.9999	19.7064	18.9453	18.2154
7806	19 16 39.881	+30 10 18.03	-0.40	83.77	3.15	3.55	99.9999	19.1527	19.2862	18.2477
7822	19 16 43.919	+30 10 15.78	83.51	84.32	90.56	7.05	99.9999	99.9999	20.4696	18.0069
7829	19 16 33.425	+30 10 49.88	0.66	83.78	3.80	3.14	99.9999	19.7199	18.8450	18.3911
7907	19 16 33.839	+30 11 21.47	0.63	4.34	3.94	3.31	20.5580	19.8620	19.0166	18.1851
7908	19 16 14.319	+30 10 46.75	84.02	84.32	90.60	6.58	99.9999	99.9999	19.9806	17.9153
7917	19 16 38.849	+30 11 09.34	0.36	83.78	3.78	3.42	99.9999	19.7197	19.1275	18.0257
7918	19 16 37.724	+30 10 21.39	0.31	83.78	3.77	3.46	99.9999	19.7117	19.1691	18.0582
7927	19 17 05.014	+30 19 05.25	84.25	84.32	90.62	6.37	99.9999	99.9999	19.7656	17.5138
7936	19 16 37.648	+30 11 06.97	0.24	83.78	4.19	3.94	99.9999	20.1347	19.6555	17.9295
7937	19 16 33.763	+30 11 40.20	-1.27	83.77	2.47	3.75	99.9999	18.5392	19.5008	18.6971
7940	19 16 38.459	+30 10 36.20	0.58	83.78	3.89	3.31	99.9999	19.8139	19.0172	18.2541
7948	19 16 36.334	+30 11 19.36	0.37	83.78	3.65	3.28	99.9999	19.5863	18.9856	18.2192
7954	19 17 18.389	+30 08 07.95	84.50	84.32	90.64	6.14	99.9999	99.9999	19.5236	17.8385
7955	19 16 59.625	+30 13 13.72	84.00	84.32	90.60	6.60	99.9999	99.9999	20.0036	17.8796
7963	19 16 39.954	+30 10 30.04	0.41	83.78	3.81	3.39	99.9999	19.7408	19.1025	18.1481
7983	19 16 34.927	+30 09 54.99	0.38	83.78	3.69	3.31	99.9999	19.6274	19.0235	18.2574
7988	19 16 37.132	+30 11 16.57	0.08	83.78	3.48	3.40	99.9999	19.4398	19.1138	18.1719
7990	19 17 26.793	+30 02 42.06	84.26	84.32	90.62	6.36	99.9999	99.9999	19.7536	17.6861
8001	19 16 42.829	+30 12 25.98	83.16	84.31	90.53	7.37	99.9999	99.9999	20.7946	18.0646
8002	19 16 21.512	+30 12 56.63	84.33	84.32	90.62	6.29	99.9999	99.9999	19.6866	17.8393
8019	19 15 44.458	+30 05 53.76	84.03	84.32	90.60	6.57	99.9999	99.9999	19.9756	18.0384
8025	19 16 25.024	+30 08 08.00	0.41	83.78	3.74	3.34	99.9999	19.6802	19.0477	18.1618
8043	19 16 34.205	+30 10 32.64	0.19	83.78	3.64	3.45	99.9999	19.5930	19.1695	18.1595
8062	19 16 34.980	+30 11 29.72	0.12	83.78	3.61	3.49	99.9999	19.5681	19.2081	18.3395
8072	19 16 37.701	+30 11 15.37	0.41	83.78	3.73	3.32	99.9999	19.6697	19.0296	18.2987
8083	19 16 12.549	+30 08 33.82	0.35	83.78	4.20	3.86	99.9999	20.1449	19.5687	17.7886
8087	19 16 34.002	+30 10 44.15	0.06	83.78	3.48	3.42	99.9999	19.4434	19.1389	18.3284
8129	19 16 31.965	+30 10 25.91	0.18	83.78	3.65	3.47	99.9999	19.6077	19.1886	18.3183
8184	19 15 52.873	+30 00 24.14	84.64	84.32	90.65	6.00	99.9999	99.9999	19.3886	17.6645
8205	19 17 10.885	+30 04 24.04	83.67	84.32	90.57	6.90	99.9999	99.9999	20.3126	18.0266
8208	19 16 47.641	+30 00 44.51	-0.11	3.34	3.84	3.96	19.5679	19.8199	19.6810	19.4885
8226	19 16 32.742	+30 10 32.17	0.34	83.78	3.82	3.49	99.9999	19.7641	19.1969	18.1746
8248	19 17 09.869	+30 01 49.70	83.57	84.32	90.56	7.00	99.9999	99.9999	20.4116	18.0878
8261	19 16 38.819	+30 10 43.43	0.40	83.78	3.83	3.43	99.9999	19.7648	19.1428	18.1695
8275	19 16 50.432	+30 12 18.56	0.78	83.78	4.17	3.39	99.9999	20.0735	19.0901	18.1056
8296	19 15 57.960	+30 20 57.29	1.10	83.78	4.27	3.17	99.9999	20.1530	18.8613	18.3238
8301	19 16 34.773	+30 09 32.53	0.65	83.78	4.04	3.39	99.9999	19.9600	19.0943	18.1384
8358	19 16 01.012	+30 03 20.35	1.05	83.78	4.59	3.54	99.9999	20.4789	19.2362	18.0555
8371	19 16 19.215	+30 07 30.82	0.69	83.78	4.22	3.53	99.9999	20.1354	19.2316	18.0459
8384	19 16 41.192	+30 10 26.69	0.48	83.78	3.85	3.37	99.9999	19.7796	19.0778	18.2569
8395	19 16 39.903	+30 10 58.16	0.60	83.78	3.85	3.25	99.9999	19.7659	18.9503	18.4098
8451	19 16 09.351	+30 17 15.01	83.71	84.32	90.58	6.86	99.9999	99.9999	20.2726	17.9882
8452	19 16 39.405	+30 12 15.71	-0.07	83.78	3.66	3.73	99.9999	19.6318	19.4472	18.3041
8458	19 17 17.678	+30 21 48.29	84.35	84.32	90.63	6.28	99.9999	99.9999	19.6706	17.9557
8460	19 16 38.259	+30 10 44.15	0.47	83.78	3.85	3.38	99.9999	19.7813	19.0901	18.3168
8480	19 16 34.845	+30 10 37.12	0.72	83.78	4.01	3.29	99.9999	19.9219	18.9951	18.3968
8481	19 17 19.089	+30 17 43.11	83.76	84.32	90.58	6.82	99.9999	99.9999	20.2276	17.9511
8520	19 16 43.318	+30 16 17.86	84.12	84.32	90.61	6.49	99.9999	99.9999	19.8886	18.0616
8530	19 16 35.375	+30 10 15.59	0.43	83.78	3.86	3.42	99.9999	19.7908	19.1332	18.3020
8553	19 16 39.430	+30 11 04.59	0.61	83.78	4.04	3.43	99.9999	19.9586	19.1314	18.3088
8586	19 16 25.682	+30 19 56.97	0.57	83.78	3.98	3.42	99.9999	19.9070	19.1208	18.2329
8591	19 16 38.803	+30 10 16.46	0.86	83.78	4.29	3.42	99.9999	20.1856	19.1216	18.1990
8605	19 16 36.184	+30 09 45.67	0.80	4.00	4.36	3.57	20.2161	20.2693	19.2633	18.3216
8612	19 15 57.133	+30 00 38.68	84.07	84.32	90.60	6.53	99.9999	99.9999	19.9336	17.8249
8614	19 16 39.196	+30 12 07.06	0.67	83.78	4.04	3.37	99.9999	19.9571	19.0736	18.3780
8616	19 16 58.065	+30 19 40.96	84.52	84.32	90.64	6.11	99.9999	99.9999	19.5026	17.9683
8621	19 17 03.718	+30 03 49.01	0.79	83.78	4.29	3.50	99.9999	20.1954	19.1968	18.1000
8628	19 16 52.804	+30 01 59.03	83.81	84.32	90.58	6.77	99.9999	99.9999	20.1806	18.0836
8630	19 16 33.004	+30 11 13.19	0.60	83.78	3.96	3.36	99.9999	19.8839	19.0682	18.3826
8646	19 16 37.397	+30 11 05.03	0.28	83.78	3.76	3.48	99.9999	19.7026	19.1910	18.6217
8656	19 15 44.103	+30 13 03.55	0.43	83.78	4.42	4.00	99.9999	20.3567	19.7053	17.8705
8657	19 16 40.564	+30 18 07.72	84.10	84.32	90.61	6.51	99.9999	99.9999	19.9056	18.0123
8667	19 16 53.234	+30 04 36.25	84.22	84.32	90.62	6.40	99.9999	99.9999	19.7916	18.0654
8674	19 16 32.213	+30 10 59.87	0.91	83.78	4.05	3.15	99.9999	19.9503	18.8438	18.3728
8681	19 17 07.866	+30 21 07.31	84.74	84.32	90.66	5.92	99.9999	99.9999	19.3006	18.1657
8699	19 16 36.472	+30 08 44.11	0.67	83.78	4.20	3.53	99.9999	20.1114	19.2289	18.1809
8718	19 16 38.819	+30 10 10.97	0.26	83.78	3.80	3.54	99.9999	19.7446	19.2483	18.4151
8731	19 16 36.226	+30 11 52.00	0.61	83.78	4.02	3.41	99.9999	19.9372	19.1157	18.3310
8740	19 16 40.518	+30 10 33.36	0.25	83.78	3.82	3.57	99.9999	19.7689	19.2835	18.3120
8750	19 16 33.500	+30 03 08.67	1.07	83.78	4.84	3.76	99.9999	20.7199	19.4536	18.0791
8756	19 16 32.448	+30 10 43.90	0.66	83.78	4.01	3.35	99.9999	19.9268	19.0491	18.3761
8760	19 16 48.926	+30 01 25.80	83.56	84.32	90.56	7.01	99.9999	99.9999	20.4216	18.1418
8762	19 15 53.798	+30 03 40.51	83.82	84.32	90.58	6.77	99.9999	99.9999	20.1746	18.1604
8775	19 15 44.219	+30 18 57.92	85.34	84.33	90.70	5.36	99.9999	99.9999	18.7256	18.3584
8794	19 16 35.220	+30 11 21.09	84.93	84.33	90.67	5.74	99.9999	99.9999	19.1166	18.3446
8801	19 17 18.401	+30 17 46.39	83.57	84.32	90.56	7.00	99.9999	99.9999	20.4096	18.1400
8815	19 16 22.794	+30 04 53.98	0.82	83.78	4.34	3.52	99.9999	20.2423	19.2149	18.1900
8825	19 16 07.783	+30 08 14.45	84.32	84.32	90.62	6.31	99.9999	99.9999	19.6986	18.0617
8839	19 16 12.932	+30 07 09.62	84.01	84.32	90.60	6.59	99.9999	99.9999	19.9936	18.0902
8841	19 16 36.158	+30 09 48.66	0.22	83.78	3.75	3.54	99.9999	19.7028	19.2511	18.3330
8865	19 16 36.530	+30 10 19.97	0.66	83.78	4.01	3.35	99.9999	19.9298	19.0571	18.4636
8894	19 16 38.946	+30 10 32.87	0.43	83.78	3.92	3.49	99.9999	19.8542	19.1951	18.3587
8897	19 16 34.878	+30 11 49.04	0.78	83.78	4.11	3.33	99.9999	20.0130	19.0269	18.4134
8957	19 15 45.704	+30 00 20.89	83.76	84.32	90.58	6.82	99.9999	99.9999	20.2316	18.0551
8991	19 15 57.414	+30 07 09.61	0.59	83.78	4.22	3.63	99.9999	20.1374	19.3334	18.1911
9003	19 16 24.657	+30 12 33.55	84.51	84.32	90.64	6.13	99.9999	99.9999	19.5146	18.1208
9005	19 16 38.632	+30 12 26.00	0.23	83.78	3.82	3.59	99.9999	19.7645	19.3013	18.3925
9009	19 16 38.553	+30 09 39.81	0.10	83.78	3.93	3.83	99.9999	19.8929	19.5502	18.1894
9030	19 16 37.954	+30 10 22.51	0.42	83.78	3.96	3.54	99.9999	19.8981	19.2514	18.3813
9031	19 16 40.582	+30 11 01.95	0.54	83.78	4.07	3.53	99.9999	19.9993	19.2393	18.3102
9068	19 16 34.469	+30 10 42.81	0.55	83.78	4.06	3.51	99.9999	19.9869	19.2171	18.4316
9097	19 16 42.483	+30 10 53.32	0.40	83.78	3.98	3.57	99.9999	19.9120	19.2838	18.3483
9112	19 16 32.793	+30 10 37.44	0.21	83.78	3.74	3.53	99.9999	19.6882	19.2453	18.6188
9118	19 16 39.235	+30 13 12.41	0.51	83.78	4.00	3.49	99.9999	19.9276	19.1947	18.5512
9126	19 16 33.380	+30 11 11.05	0.92	83.78	4.30	3.38	99.9999	20.1944	19.0776	18.6095
9128	19 16 38.545	+30 10 14.09	0.55	83.78	4.10	3.55	99.9999	20.0231	19.2512	18.3735
9145	19 16 22.363	+29 59 54.79	83.59	84.32	90.57	6.97	99.9999	99.9999	20.3876	18.2575
9172	19 16 19.410	+30 21 30.17	84.83	84.32	90.66	5.84	99.9999	99.9999	19.2146	18.3940
9190	19 15 46.083	+30 13 40.81	83.71	84.32	90.58	6.86	99.9999	99.9999	20.2716	18.2483
9201	19 16 38.075	+30 10 57.11	-0.64	83.77	3.66	4.29	99.9999	19.6724	20.0304	18.5499
9242	19 16 41.171	+30 16 25.34	83.67	84.32	90.57	6.90	99.9999	99.9999	20.3126	18.1486
9246	19 16 40.375	+30 10 02.75	0.39	83.78	3.90	3.52	99.9999	19.8412	19.2250	18.4554
9260	19 16 33.800	+30 10 13.36	0.10	83.78	3.73	3.63	99.9999	19.6898	19.3482	18.5064
9262	19 16 05.893	+30 18 35.40	83.57	84.32	90.56	7.00	99.9999	99.9999	20.4126	18.1353
9291	19 16 36.969	+30 10 45.69	0.60	83.78	4.11	3.52	99.9999	20.0346	19.2223	18.4622
9308	19 16 27.418	+30 01 24.12	84.67	84.32	90.65	5.98	99.9999	99.9999	19.3606	18.2879
9329	19 16 34.882	+30 10 10.11	0.36	83.78	3.93	3.57	99.9999	19.8663	19.2814	18.6331
9348	19 16 38.926	+30 11 52.73	0.52	83.78	4.05	3.54	99.9999	19.9798	19.2437	18.7231
9357	19 16 34.556	+30 10 23.73	0.77	83.78	4.21	3.45	99.9999	20.1179	19.1443	18.4963
9367	19 17 06.780	+30 09 33.48	84.05	84.32	90.60	6.55	99.9999	99.9999	19.9546	18.2228
9401	19 16 33.726	+30 11 56.62	0.12	83.78	3.76	3.64	99.9999	19.7130	19.3528	18.4871
9404	19 16 38.635	+30 10 12.32	0.50	83.78	4.03	3.53	99.9999	19.9602	19.2339	18.4477
9409	19 15 43.908	+30 10 21.29	84.14	84.32	90.61	6.47	99.9999	99.9999	19.8648	18.2125
9411	19 16 37.020	+30 11 19.35	0.60	83.78	4.08	3.48	99.9999	19.9968	19.1823	18.5187
9425	19 16 32.576	+30 10 38.85	0.48	83.78	4.04	3.56	99.9999	19.9688	19.2683	18.5357
9437	19 16 33.524	+30 11 27.10	0.25	83.78	3.88	3.62	99.9999	19.8240	19.3364	18.5247
9451	19 16 40.111	+30 10 30.49	0.37	83.78	4.03	3.66	99.9999	19.9685	19.3662	18.3761
9456	19 16 37.279	+30 11 25.47	0.69	83.78	4.19	3.50	99.9999	20.1042	19.2036	18.4953
9457	19 17 17.648	+30 21 46.68	84.35	84.32	90.63	6.28	99.9999	99.9999	19.6706	18.1573
9466	19 16 37.193	+30 12 03.52	0.43	83.78	4.03	3.60	99.9999	19.9645	19.3119	18.3774
9505	19 17 11.240	+30 03 17.96	0.71	83.78	4.34	3.63	99.9999	20.2483	19.3302	18.3300
9515	19 16 31.417	+30 11 15.62	0.50	4.17	4.05	3.55	20.3924	19.9783	19.2549	18.5348
9524	19 16 33.367	+30 09 59.95	0.23	83.78	3.93	3.70	99.9999	19.8745	19.4119	18.4124
9546	19 16 36.438	+30 09 55.35	0.55	83.78	4.13	3.58	99.9999	20.0526	19.2882	18.4619
9551	19 16 38.513	+30 10 05.17	-0.71	83.77	3.12	3.83	99.9999	19.1449	19.5737	18.5173
9575	19 16 33.724	+30 10 08.55	0.04	83.78	3.94	3.90	99.9999	19.9078	19.6190	18.4593
9576	19 17 22.559	+30 00 42.42	83.73	84.32	90.58	6.85	99.9999	99.9999	20.2606	18.2608
9603	19 16 35.622	+30 12 38.37	0.33	83.78	4.03	3.70	99.9999	19.9757	19.4151	19.0404
9606	19 16 34.215	+30 11 43.82	0.28	83.78	3.96	3.68	99.9999	19.9078	19.3929	18.5022
9620	19 17 23.174	+30 15 20.88	84.22	84.32	90.62	6.39	99.9999	99.9999	19.7886	18.1090
9621	19 15 43.587	+30 07 32.73	84.06	84.32	90.60	6.54	99.9999	99.9999	19.9386	18.2690
9629	19 16 37.329	+30 10 14.28	0.51	83.78	4.20	3.69	99.9999	20.1314	19.4008	18.3288
9630	19 16 37.704	+30 11 20.99	0.45	83.78	4.05	3.60	99.9999	19.9778	19.3049	18.5304
9648	19 16 58.549	+30 01 27.48	83.73	84.32	90.58	6.85	99.9999	99.9999	20.2596	18.2633
9691	19 16 32.941	+30 10 44.78	0.38	83.78	4.02	3.65	99.9999	19.9625	19.3572	18.5590
9704	19 17 19.640	+30 21 19.07	84.74	84.32	90.66	5.92	99.9999	99.9999	19.3016	18.4078
9707	19 16 25.428	+30 12 34.06	0.15	83.78	3.87	3.72	99.9999	19.8271	19.4343	18.5377
9710	19 16 32.400	+30 11 14.01	0.04	83.78	3.86	3.82	99.9999	19.8241	19.5403	18.6664
9717	19 16 33.306	+30 11 37.26	0.41	83.78	4.12	3.72	99.9999	20.0572	19.4247	18.3441
9718	19 16 39.998	+30 11 01.07	0.04	83.78	4.36	4.32	99.9999	20.3211	20.0393	18.2296
9721	19 16 37.107	+30 10 54.31	1.35	83.78	4.76	3.41	99.9999	20.6206	19.0926	18.4959
9741	19 16 33.393	+30 12 04.92	0.52	83.78	4.08	3.56	99.9999	20.0111	19.2708	18.5558
9743	19 16 39.359	+30 10 56.18	0.28	83.78	3.94	3.65	99.9999	19.8809	19.3639	18.5166
9750	19 16 34.934	+30 10 16.93	0.52	83.78	4.11	3.60	99.9999	20.0408	19.3047	18.5544
9771	19 16 37.329	+30 11 29.82	0.46	83.78	4.08	3.62	99.9999	20.0117	19.3247	18.7014
9788	19 16 32.462	+30 11 05.62	0.99	83.78	4.72	3.73	99.9999	20.6113	19.4263	18.2901
9799	19 16 35.238	+30 10 38.24	0.12	83.78	4.08	3.96	99.9999	20.0378	19.6809	18.1980
9825	19 16 30.646	+30 10 44.72	0.35	83.78	4.00	3.65	99.9999	19.9448	19.3657	18.5525
9833	19 16 30.015	+30 09 32.42	0.55	83.78	4.20	3.65	99.9999	20.1227	19.3566	18.4998
9843	19 17 14.960	+30 12 40.74	-0.12	3.81	4.21	4.33	20.0386	20.1895	20.0582	99.9999
9868	19 16 37.634	+30 11 19.45	0.26	83.78	4.00	3.75	99.9999	19.9513	19.4594	18.6116
9879	19 16 42.465	+30 15 35.57	83.90	84.32	90.59	6.69	99.9999	99.9999	20.0996	18.0907
9895	19 15 41.028	+30 02 26.84	83.82	84.32	90.58	6.76	99.9999	99.9999	20.1696	18.2833
9944	19 16 36.018	+30 11 58.45	0.66	83.78	4.29	3.62	99.9999	20.2016	19.3271	18.7102
9946	19 17 00.756	+30 16 44.25	-0.45	3.90	4.06	4.51	20.1293	20.0608	20.2400	99.9999
9953	19 16 29.545	+30 11 57.42	0.42	83.78	4.22	3.80	99.9999	20.1541	19.5085	18.3748
9996	19 16 32.711	+30 10 43.01	0.38	83.78	4.11	3.73	99.9999	20.0456	19.4382	18.5431
9999	19 16 44.760	+30 12 10.40	83.72	84.32	90.58	6.86	99.9999	99.9999	20.2706	18.3043
10021	19 16 32.752	+30 13 00.33	0.62	83.78	4.23	3.61	99.9999	20.1513	19.3126	18.6584
10038	19 16 35.449	+30 10 33.33	1.10	83.78	5.02	3.92	99.9999	20.8976	19.6081	18.3498
10042	19 15 51.852	+30 00 10.82	83.81	84.32	90.58	6.77	99.9999	99.9999	20.1796	18.1776
10085	19 17 20.786	+30 20 45.47	83.60	84.32	90.57	6.96	99.9999	99.9999	20.3766	18.3614
10096	19 16 36.890	+30 12 00.58	0.27	83.78	3.98	3.71	99.9999	19.9219	19.4212	18.6720
10129	19 16 35.269	+30 10 16.30	0.46	83.78	4.20	3.74	99.9999	20.1315	19.4477	18.5088
10154	19 16 35.678	+30 10 08.64	0.30	83.78	4.11	3.81	99.9999	20.0579	19.5256	18.4606
10165	19 16 35.503	+30 11 50.99	0.50	83.78	4.23	3.73	99.9999	20.1559	19.4340	18.5052
10201	19 16 21.387	+29 59 41.54	84.05	84.32	90.60	6.55	99.9999	99.9999	19.9556	18.2112
10214	19 16 37.506	+30 10 52.80	0.26	83.78	4.02	3.76	99.9999	19.9704	19.4773	18.9958
10236	19 17 24.126	+30 12 45.10	84.34	84.32	90.62	6.29	99.9999	99.9999	19.6816	18.4018
10271	19 16 31.833	+30 10 52.80	0.39	83.78	4.06	3.66	99.9999	19.9945	19.3729	18.6670
10286	19 16 52.561	+30 16 04.84	83.33	84.32	90.55	7.22	99.9999	99.9999	20.6376	18.3716
10294	19 16 28.954	+30 10 32.03	0.38	83.78	4.08	3.71	99.9999	20.0224	19.4185	18.7498
10310	19 16 31.711	+30 10 50.08	0.01	83.78	3.96	3.95	99.9999	19.9283	19.6738	18.5407
10326	19 16 39.635	+30 10 36.41	0.55	83.78	4.24	3.70	99.9999	20.1687	19.4022	18.9363
10340	19 16 32.723	+30 10 39.22	0.58	83.78	4.30	3.72	99.9999	20.2219	19.4255	18.6503
10364	19 17 00.115	+30 09 39.17	0.26	83.78	4.02	3.76	99.9999	19.9654	19.4723	18.5967
10366	19 16 25.921	+30 11 46.38	0.07	83.78	3.87	3.80	99.9999	19.8311	19.5170	18.7698
10383	19 16 30.935	+30 11 17.13	0.22	83.78	3.97	3.75	99.9999	19.9209	19.4671	18.6633
10384	19 16 09.415	+30 08 29.73	0.83	83.78	4.62	3.80	99.9999	20.5267	19.4931	18.4218
10388	19 16 30.017	+30 10 26.35	0.76	83.78	4.42	3.66	99.9999	20.3274	19.3604	18.5696
10447	19 16 32.201	+30 11 12.29	0.45	83.78	4.00	3.55	99.9999	19.9309	19.2569	18.8707
10505	19 16 33.984	+30 10 26.29	0.47	83.78	4.34	3.86	99.9999	20.2673	19.5705	18.4901
10519	19 15 49.123	+30 08 19.56	83.12	84.31	90.53	7.41	99.9999	99.9999	20.8366	18.4897
10526	19 16 36.553	+30 07 16.17	84.01	84.32	90.60	6.59	99.9999	99.9999	19.9896	18.3512
10558	19 16 31.812	+30 10 39.23	0.43	83.78	4.12	3.70	99.9999	20.0585	19.4063	18.7052
10565	19 16 38.976	+30 11 47.80	0.51	83.78	4.25	3.74	99.9999	20.1797	19.4458	18.6751
10571	19 16 37.468	+30 11 15.37	0.51	83.78	4.15	3.64	99.9999	20.0767	19.3418	18.7435
10609	19 16 19.428	+30 14 52.11	83.52	84.32	90.56	7.04	99.9999	99.9999	20.4536	18.3977
10616	19 16 38.578	+30 10 35.65	0.04	83.78	4.06	4.02	99.9999	20.0262	19.7413	18.6165
10622	19 16 39.405	+30 10 40.18	0.38	83.78	4.18	3.81	99.9999	20.1214	19.5183	18.6318
10624	19 16 38.967	+30 11 32.82	0.34	83.78	4.12	3.78	99.9999	20.0614	19.4899	18.6871
10629	19 16 40.981	+30 12 57.44	0.15	83.78	3.98	3.84	99.9999	19.9405	19.5554	18.7434
10634	19 16 40.468	+30 11 25.70	0.69	83.78	4.40	3.71	99.9999	20.3155	19.4106	18.6178
10696	19 16 31.344	+30 01 21.36	84.06	84.32	90.60	6.54	99.9999	99.9999	19.9386	18.3840
10741	19 16 38.033	+30 11 29.75	0.56	83.78	4.45	3.89	99.9999	20.3687	19.5919	18.5277
10746	19 16 31.391	+30 11 49.62	0.46	83.78	4.34	3.88	99.9999	20.2697	19.5826	18.5486
10782	19 16 34.347	+30 09 50.99	0.33	83.78	4.15	3.82	99.9999	20.0929	19.5289	18.7378
10790	19 16 37.169	+30 11 25.22	0.32	83.78	4.21	3.90	99.9999	20.1538	19.6073	18.8090
10803	19 16 37.176	+30 10 12.72	-0.10	83.78	3.74	3.84	99.9999	19.7188	19.5668	18.7932
10805	19 16 30.943	+30 11 00.50	83.87	84.32	90.59	6.72	99.9999	99.9999	20.1246	18.4189
10907	19 16 54.451	+30 01 06.73	0.64	83.78	4.64	4.01	99.9999	20.5594	19.7085	18.4973
10930	19 16 35.551	+30 10 13.49	0.43	83.78	4.35	3.93	99.9999	20.2875	19.6353	18.6015
10936	19 16 38.624	+30 10 14.41	0.31	83.78	4.23	3.92	99.9999	20.1764	19.6354	18.8631
10937	19 16 33.829	+30 07 48.20	84.25	84.32	90.62	6.37	99.9999	99.9999	19.7646	18.5289
10950	19 17 23.150	+30 06 04.98	-0.59	83.77	3.74	4.33	99.9999	19.7500	20.0656	19.1350
10951	19 17 04.418	+30 12 59.45	84.31	84.32	90.62	6.31	99.9999	99.9999	19.7056	18.5301
10952	19 16 09.998	+30 19 20.28	84.56	84.32	90.64	6.08	99.9999	99.9999	19.4716	18.9724
10955	19 16 48.933	+30 14 40.61	83.40	84.32	90.55	7.15	99.9999	99.9999	20.5706	18.4309
10971	19 16 39.021	+30 12 04.90	0.42	83.78	4.41	3.99	99.9999	20.3408	19.6995	18.4883
10974	19 16 34.514	+30 11 31.90	0.54	83.78	4.31	3.77	99.9999	20.2334	19.4723	18.8542
10994	19 16 35.971	+30 05 08.08	0.37	83.78	4.25	3.88	99.9999	20.1839	19.5885	18.7057
10998	19 15 40.470	+30 19 28.66	83.71	84.32	90.58	6.86	99.9999	99.9999	20.2726	18.3612
11016	19 16 36.355	+30 12 04.75	0.40	83.78	4.26	3.86	99.9999	20.2009	19.5738	18.7808
11052	19 16 38.271	+30 11 24.59	-0.08	83.78	3.92	4.00	99.9999	19.8940	19.7224	18.9027
11054	19 16 30.912	+30 11 52.32	0.26	83.78	4.04	3.78	99.9999	19.9822	19.4914	19.0883
11075	19 16 32.907	+30 10 15.66	0.58	83.78	4.37	3.79	99.9999	20.2908	19.4916	18.8199
11100	19 16 41.103	+30 11 19.92	0.64	83.78	4.35	3.71	99.9999	20.2716	19.4124	18.7525
11117	19 16 37.234	+30 18 14.27	84.44	84.32	90.63	6.19	99.9999	99.9999	19.5826	18.6434
11134	19 16 26.849	+30 07 42.60	83.26	84.31	90.54	7.28	99.9999	99.9999	20.7046	18.4961
11146	19 16 32.934	+30 09 27.69	0.40	83.78	4.30	3.90	99.9999	20.2328	19.6068	18.8312
11182	19 16 38.590	+30 10 34.01	0.53	83.78	4.43	3.91	99.9999	20.3599	19.6114	18.6727
11184	19 16 28.245	+30 11 34.85	0.22	83.78	4.23	4.00	99.9999	20.1762	19.7180	18.6874
11190	19 16 39.178	+30 10 13.04	0.11	83.78	4.10	3.99	99.9999	20.0606	19.7059	18.6783
11220	19 16 33.822	+30 12 02.78	0.19	83.78	4.14	3.95	99.9999	20.0921	19.6666	18.8554
11223	19 16 55.479	+30 08 25.11	83.87	84.32	90.59	6.72	99.9999	99.9999	20.1226	18.5319
11227	19 16 34.006	+30 10 35.50	0.56	83.78	4.39	3.83	99.9999	20.3156	19.5359	18.7835
11232	19 16 28.138	+30 10 40.62	0.07	83.78	4.17	4.10	99.9999	20.1331	19.8187	18.7468
11234	19 16 36.026	+30 10 30.30	0.90	83.78	4.68	3.78	99.9999	20.5727	19.4749	18.6688
11243	19 16 40.413	+30 11 37.26	0.51	83.78	4.40	3.89	99.9999	20.3314	19.6008	18.7749
11270	19 16 36.638	+30 11 54.03	0.41	83.78	4.40	3.99	99.9999	20.3343	19.7007	18.6152
11281	19 16 38.610	+30 11 24.13	0.15	83.78	4.29	4.14	99.9999	20.2457	19.8583	18.6279
11311	19 16 33.265	+30 11 19.58	0.78	83.78	4.65	3.88	99.9999	20.5605	19.5761	18.7117
11341	19 16 32.992	+30 11 14.97	0.04	83.78	3.99	3.94	99.9999	19.9503	19.6632	19.0452
11355	19 16 31.196	+30 10 40.42	0.22	83.78	4.11	3.88	99.9999	20.0563	19.5960	19.0198
11406	19 16 31.607	+30 10 43.23	0.02	83.78	4.07	4.06	99.9999	20.0377	19.7757	18.8898
11441	19 16 34.203	+30 16 36.86	84.11	84.32	90.61	6.50	99.9999	99.9999	19.8946	18.5637
11446	19 16 34.339	+30 11 30.78	0.29	83.78	4.26	3.97	99.9999	20.2063	19.6838	18.9100
11453	19 16 38.969	+30 09 47.03	0.51	83.78	4.71	4.19	99.9999	20.6327	19.8988	18.4548
11458	19 16 39.476	+30 11 42.03	0.74	83.78	4.51	3.78	99.9999	20.4241	19.4778	18.8350
11479	19 16 36.010	+30 10 07.65	0.67	83.78	4.40	3.73	99.9999	20.3152	19.4309	18.9172
11537	19 16 40.692	+30 11 42.93	0.77	83.78	4.66	3.89	99.9999	20.5703	19.5891	18.8036
11569	19 16 37.247	+30 11 47.62	0.54	83.78	4.47	3.93	99.9999	20.3953	19.6353	18.9174
11574	19 16 38.226	+30 14 53.27	0.43	83.78	4.39	3.96	99.9999	20.3250	19.6652	18.7678
11591	19 16 39.827	+30 10 48.49	0.29	83.78	4.24	3.94	99.9999	20.1815	19.6557	18.8008
11595	19 16 34.079	+30 11 03.04	0.34	83.78	4.31	3.97	99.9999	20.2486	19.6768	18.9273
11600	19 16 31.758	+30 11 06.32	0.63	83.78	4.66	4.03	99.9999	20.5827	19.7377	18.6616
11606	19 16 34.723	+30 11 44.65	0.28	83.78	4.21	3.93	99.9999	20.1527	19.6389	18.9659
11610	19 16 31.733	+30 11 55.32	-0.22	83.77	4.20	4.42	99.9999	20.1806	20.1419	18.8260
11614	19 16 40.135	+30 09 01.36	0.35	83.78	4.34	3.99	99.9999	20.2821	19.6996	18.7839
11620	19 17 25.339	+30 03 13.49	83.74	84.32	90.58	6.84	99.9999	99.9999	20.2456	18.5884
11622	19 16 39.405	+30 11 01.85	0.80	83.78	4.81	4.01	99.9999	20.7161	19.7066	18.6919
11625	19 16 33.668	+30 10 11.06	0.38	83.78	4.36	3.99	99.9999	20.3024	19.6993	18.8797
11678	19 16 32.182	+30 11 36.45	0.54	83.78	4.51	3.97	99.9999	20.4330	19.6774	18.7647
11679	19 16 32.827	+30 11 27.47	0.36	83.78	4.46	4.09	99.9999	20.3967	19.8034	18.6903
11724	19 16 34.490	+30 14 02.72	0.32	83.78	4.34	4.01	99.9999	20.2781	19.7262	18.9038
11732	19 16 33.246	+30 01 11.98	83.82	84.32	90.58	6.76	99.9999	99.9999	20.1715	18.6609
11759	19 17 25.281	+30 16 20.63	83.99	84.32	90.60	6.60	99.9999	99.9999	20.0056	18.6997
11777	19 17 21.004	+30 13 35.40	83.79	84.32	90.58	6.79	99.9999	99.9999	20.1956	18.6347
11789	19 16 31.848	+30 10 40.60	1.04	83.78	4.81	3.77	99.9999	20.6931	19.4634	20.0088
11799	19 17 19.051	+30 16 17.44	84.13	84.32	90.61	6.48	99.9999	99.9999	19.8786	18.6598
11806	19 16 33.368	+30 10 41.98	0.67	83.78	4.44	3.77	99.9999	20.3594	19.4719	19.1729
11810	19 16 39.183	+30 10 23.93	-0.16	83.77	4.08	4.24	99.9999	20.0583	19.9608	18.7812
11837	19 16 35.173	+30 11 36.58	1.01	83.78	4.99	3.98	99.9999	20.8756	19.6695	18.7600
11840	19 16 39.627	+30 09 10.43	0.21	83.78	4.23	4.02	99.9999	20.1782	19.7353	18.9806
11878	19 16 29.824	+30 09 34.04	0.24	83.78	4.35	4.11	99.9999	20.2952	19.8207	18.9115
11885	19 16 51.167	+30 13 00.05	83.63	84.32	90.57	6.94	99.9999	99.9999	20.3516	18.5652
11886	19 16 40.293	+30 12 13.06	0.80	83.78	4.84	4.04	99.9999	20.7452	19.7406	18.7782
11953	19 16 34.429	+30 10 16.14	0.89	83.78	4.86	3.98	99.9999	20.7602	19.6711	18.9689
11964	19 16 37.693	+30 12 02.57	0.58	83.78	4.58	4.00	99.9999	20.5036	19.7076	18.9594
11973	19 16 30.445	+30 10 50.99	0.46	83.78	4.52	4.06	99.9999	20.4472	19.7678	18.8857
11994	19 16 38.772	+30 11 60.00	0.29	83.78	4.40	4.11	99.9999	20.3475	19.8217	18.8651
12013	19 15 50.738	+30 08 50.79	83.51	84.32	90.56	7.05	99.9999	99.9999	20.4676	18.5352
12030	19 16 39.301	+30 11 23.03	0.50	83.78	4.90	4.40	99.9999	20.8300	20.1070	18.6385
12036	19 16 37.209	+30 11 18.84	0.28	83.78	4.33	4.05	99.9999	20.2725	19.7620	19.0190
12042	19 16 48.920	+30 20 20.90	83.83	84.32	90.58	6.75	99.9999	99.9999	20.1576	18.7274
12065	19 16 40.880	+30 12 04.16	0.20	83.78	4.75	4.55	99.9999	20.7011	20.2623	18.5708
12067	19 16 30.025	+30 11 04.17	0.16	83.78	4.34	4.18	99.9999	20.2977	19.8950	18.8925
12072	19 16 30.898	+30 09 55.81	0.55	83.78	4.51	3.96	99.9999	20.4307	19.6642	19.0520
12075	19 16 35.317	+30 10 04.66	0.27	83.78	4.38	4.11	99.9999	20.3247	19.8262	18.8739
12080	19 16 32.147	+30 10 13.78	0.38	83.78	4.35	3.98	99.9999	20.2924	19.6893	18.9782
12089	19 16 42.425	+30 12 05.27	0.59	83.78	4.52	3.93	99.9999	20.4428	19.6322	19.1123
12100	19 16 31.934	+30 11 09.01	0.09	83.78	4.30	4.21	99.9999	20.2560	19.9264	18.8325
12106	19 16 37.648	+30 10 03.54	0.59	83.78	4.65	4.06	99.9999	20.5671	19.7635	18.8614
12113	19 16 30.656	+30 11 18.51	0.23	83.78	4.51	4.28	99.9999	20.4556	19.9909	18.8587
12132	19 17 25.184	+30 16 36.46	0.13	83.78	4.32	4.19	99.9999	20.2767	19.9046	18.8589
12173	19 16 38.064	+30 11 44.91	0.62	83.78	4.67	4.06	99.9999	20.5939	19.7619	19.0996
12176	19 16 29.543	+30 10 20.79	0.36	83.78	4.39	4.03	99.9999	20.3277	19.7385	19.2367
12182	19 16 22.225	+30 08 57.61	0.46	83.78	4.48	4.02	99.9999	20.4095	19.7247	19.0432
12190	19 16 41.595	+30 12 14.81	0.31	83.78	4.34	4.03	99.9999	20.2833	19.7445	19.1514
12193	19 16 34.382	+30 12 06.17	0.04	83.78	4.25	4.21	99.9999	20.2171	19.9343	19.0372
12194	19 16 40.382	+30 10 23.10	0.50	83.78	4.62	4.11	99.9999	20.5472	19.8209	18.8912
12200	19 15 53.127	+30 10 53.71	83.48	84.32	90.56	7.07	99.9999	99.9999	20.4906	18.7695
12209	19 16 32.305	+30 10 37.98	0.07	83.78	4.34	4.26	99.9999	20.2973	19.9796	18.9184
12235	19 16 32.944	+30 10 20.04	0.55	83.78	4.73	4.18	99.9999	20.6557	19.8892	18.7974
12254	19 17 24.438	+30 01 03.44	84.06	84.32	90.60	6.55	99.9999	99.9999	19.9466	18.6958
12281	19 16 28.960	+30 11 16.01	0.10	83.78	4.27	4.16	99.9999	20.2249	19.8822	18.9413
12286	19 16 10.910	+30 04 51.44	83.66	84.32	90.57	6.92	99.9999	99.9999	20.3276	18.7219
12300	19 16 02.496	+30 10 40.55	83.77	84.32	90.58	6.81	99.9999	99.9999	20.2226	18.7920
12307	19 16 29.026	+30 09 58.27	0.44	83.78	4.55	4.11	99.9999	20.4874	19.8200	19.0055
12346	19 16 35.359	+30 10 37.54	84.14	84.32	90.61	6.47	99.9999	99.9999	19.8686	18.8927
12388	19 16 30.487	+30 10 27.22	0.38	83.78	4.42	4.04	99.9999	20.3587	19.7502	19.0537
12396	19 16 34.744	+30 10 17.70	0.33	83.78	4.55	4.22	99.9999	20.4897	19.9280	18.9265
12406	19 16 33.800	+30 11 09.31	84.26	84.32	90.62	6.35	99.9999	99.9999	19.7496	19.2474
12431	19 16 27.398	+30 12 16.54	0.40	83.78	4.54	4.14	99.9999	20.4730	19.8448	19.0312
12436	19 16 37.128	+30 12 00.68	0.30	83.78	4.50	4.21	99.9999	20.4477	19.9187	18.9707
12442	19 16 31.340	+30 10 44.35	0.06	83.78	4.33	4.27	99.9999	20.2943	19.9919	19.3393
12446	19 16 36.577	+30 09 23.33	-0.33	83.77	4.00	4.34	99.9999	19.9967	20.0670	19.3513
12459	19 16 39.338	+30 11 34.74	0.51	83.78	4.72	4.21	99.9999	20.6486	19.9158	18.9358
12469	19 16 36.582	+30 11 36.80	0.56	83.78	4.67	4.11	99.9999	20.5903	19.8150	19.2766
12470	19 16 38.855	+30 11 16.04	0.38	83.78	4.67	4.28	99.9999	20.6032	19.9910	18.9238
12480	19 16 30.171	+30 10 01.66	0.28	83.78	4.53	4.25	99.9999	20.4778	19.9629	19.0448
12484	19 16 46.607	+30 05 41.53	83.74	84.32	90.58	6.84	99.9999	99.9999	20.2496	18.8607
12502	19 16 37.378	+30 13 48.43	83.44	84.32	90.55	7.11	99.9999	99.9999	20.5306	18.8488
12523	19 16 33.328	+30 10 43.47	0.67	83.78	4.69	4.02	99.9999	20.6040	19.7220	19.4297
12541	19 16 41.824	+30 11 01.56	0.54	83.78	4.64	4.11	99.9999	20.5701	19.8134	19.0121
12544	19 16 36.140	+30 11 28.80	1.36	83.78	5.16	3.80	99.9999	21.0211	19.4845	19.1636
12579	19 16 31.892	+30 11 11.69	0.53	83.78	4.64	4.11	99.9999	20.5676	19.8185	19.2525
12594	19 16 35.536	+30 12 00.70	0.59	83.78	4.58	3.98	99.9999	20.4976	19.6863	19.0963
12600	19 16 31.687	+30 10 39.73	0.87	83.78	4.92	4.04	99.9999	20.8157	19.7402	19.1988
12689	19 16 32.235	+30 11 05.90	0.32	83.78	4.64	4.32	99.9999	20.5789	20.0299	19.0653
12703	19 16 29.835	+30 12 46.84	0.60	83.78	4.79	4.19	99.9999	20.7128	19.8983	19.1794
12742	19 16 38.154	+30 09 56.11	0.47	83.78	4.79	4.31	99.9999	20.7162	20.0215	19.0593
12782	19 16 25.738	+30 11 54.26	0.64	83.78	4.94	4.29	99.9999	20.8526	19.9934	19.0448
12810	19 16 35.539	+30 12 02.34	0.41	83.78	4.75	4.33	99.9999	20.6816	20.0436	19.0725
12817	19 16 38.050	+30 09 53.23	0.31	83.78	4.64	4.33	99.9999	20.5792	20.0415	19.1180
12820	19 16 36.888	+30 09 48.72	0.58	83.78	4.89	4.31	99.9999	20.8119	20.0115	19.0900
12835	19 16 27.798	+30 13 28.53	0.37	83.78	4.71	4.34	99.9999	20.6500	20.0534	19.1000
12836	19 16 35.570	+30 10 10.35	0.78	83.78	5.17	4.39	99.9999	21.0758	20.0870	18.9723
12862	19 16 43.111	+30 10 10.86	0.25	83.78	4.66	4.41	99.9999	20.6088	20.1245	19.0877
12877	19 16 35.432	+30 11 55.53	0.79	83.78	5.04	4.25	99.9999	20.9472	19.9529	19.1986
12912	19 16 27.061	+30 11 39.99	0.43	83.78	4.76	4.34	99.9999	20.6954	20.0443	19.2092
12943	19 16 39.530	+30 11 02.55	0.37	83.78	4.70	4.33	99.9999	20.6402	20.0403	19.2817
12972	19 16 35.439	+30 11 45.01	0.20	83.78	4.51	4.32	99.9999	20.4667	20.0314	19.2407
12977	19 16 43.128	+30 10 04.53	0.45	83.78	4.94	4.49	99.9999	20.8761	20.1989	19.0706
12984	19 16 39.137	+30 12 02.92	0.14	83.78	4.70	4.56	99.9999	20.6552	20.2755	19.1146
12989	19 16 24.469	+30 09 41.32	0.32	83.78	4.83	4.52	99.9999	20.7748	20.2273	19.0695
13001	19 16 40.549	+30 12 08.90	0.49	83.78	4.76	4.27	99.9999	20.6893	19.9772	19.8097
13026	19 16 36.198	+30 12 15.12	0.68	83.78	5.06	4.38	99.9999	20.9745	20.0859	19.1911
13033	19 16 40.132	+30 11 32.00	0.58	83.78	4.96	4.39	99.9999	20.8865	20.0916	19.2756
13041	19 16 27.176	+30 09 27.74	0.81	83.78	5.24	4.44	99.9999	21.1463	20.1335	19.1451
13076	19 16 28.487	+30 10 57.42	0.76	83.78	5.07	4.31	99.9999	20.9746	20.0053	19.2816
13096	19 16 46.135	+30 14 39.48	0.15	83.78	4.65	4.50	99.9999	20.6047	20.2173	19.3754
13101	19 16 43.189	+30 10 37.29	0.36	83.78	4.87	4.51	99.9999	20.8115	20.2215	19.2312
13145	19 16 33.038	+30 12 02.47	0.30	83.78	4.73	4.43	99.9999	20.6749	20.1416	19.6530
13190	19 16 35.295	+30 08 54.59	0.17	83.78	4.78	4.61	99.9999	20.7329	20.3260	19.3303
13197	19 16 32.279	+30 11 04.05	0.33	83.78	5.23	4.90	99.9999	21.1725	20.6151	19.2492
13304	19 16 32.095	+30 12 18.90	0.35	83.78	5.12	4.77	99.9999	21.0576	20.4828	19.8632
13305	19 16 35.187	+30 09 43.81	0.39	83.78	5.18	4.79	99.9999	21.1173	20.5000	19.7378
13307	19 16 45.620	+30 10 42.86	0.48	83.78	5.35	4.87	99.9999	21.2765	20.5764	19.6375
13316	19 16 39.216	+30 10 16.94	0.13	83.78	5.46	5.33	99.9999	21.4165	21.0477	19.6212
