# M68 E(B-V)=0.05, m-M = 15.06
# 	RA		Dec		(B-V)_0	M_u	M_B	M_V	u	B	V	I
3	12 40 02.876	-26 56 21.64	0.72	3.56	2.72	2.00	18.8841	17.9587	17.2195	16.4547
7	12 38 50.351	-26 56 13.98	1.41	5.59	3.56	2.14	20.9128	18.7619	17.3486	15.2426
8	12 39 11.255	-26 56 10.75	0.74	-1.08	-2.13	-2.87	14.2380	13.1079	12.3493	11.5811
9	12 38 55.724	-26 56 08.85	0.76	2.21	1.15	0.38	17.5338	16.3838	15.5989	14.7417
13	12 39 29.388	-26 55 58.42	0.93	2.12	0.75	-0.18	17.4402	15.9754	15.0300	14.0053
14	12 39 21.610	-26 55 53.48	0.60	1.27	0.40	-0.20	16.5895	15.6444	15.0154	14.3076
16	12 39 09.855	-26 55 49.44	0.95	4.26	2.83	1.88	19.5803	18.0570	17.0908	16.0923
22	12 38 43.677	-26 55 39.87	0.69	4.42	3.43	2.73	19.7415	18.6674	17.9523	17.2106
32	12 39 44.931	-26 54 56.40	0.47	3.73	3.19	2.72	19.0522	18.4419	17.9383	17.1864
34	12 39 05.040	-26 54 57.14	0.87	4.70	3.54	2.67	20.0269	18.7742	17.8842	16.8755
35	12 39 32.704	-26 54 54.35	0.66	1.61	0.64	-0.01	16.9317	15.8856	15.2039	14.4646
36	12 39 17.301	-26 54 54.24	0.74	2.72	1.64	0.89	18.0379	16.8762	16.1095	15.2871
37	12 39 52.061	-26 54 51.38	0.43	3.52	2.92	2.49	18.8418	18.1773	17.7164	17.1157
38	12 39 40.239	-26 54 52.16	0.36	4.43	3.81	3.45	19.7529	19.0706	18.6749	18.0256
39	12 39 24.464	-26 54 52.45	1.01	5.71	4.07	3.06	21.0335	19.2914	18.2699	17.0603
41	12 38 41.291	-26 54 52.29	0.88	0.93	-0.60	-1.47	16.2503	14.6369	13.7433	12.8553
44	12 38 39.010	-26 54 48.44	0.94	5.30	3.74	2.80	20.6247	18.9701	18.0166	16.9928
48	12 38 42.499	-26 54 42.87	0.55	3.93	3.19	2.64	19.2496	18.4403	17.8594	17.2060
53	12 39 24.910	-26 54 36.83	1.10	84.68	4.17	3.07	99.9999	19.3897	18.2814	17.1401
57	12 39 22.560	-26 54 32.62	0.60	2.55	1.72	1.12	17.8771	16.9669	16.3404	15.5995
59	12 38 35.238	-26 54 26.39	1.16	5.50	3.27	2.11	20.8210	18.4867	17.3173	16.0375
60	12 39 00.542	-26 54 19.14	0.34	2.10	1.50	1.17	17.4194	16.7650	16.3899	15.7772
61	12 39 55.155	-26 54 15.19	0.83	2.59	1.34	0.51	17.9159	16.5760	15.7298	14.8949
62	12 40 06.901	-26 54 13.23	0.80	4.71	4.02	3.21	20.0295	19.2527	18.4274	17.6352
64	12 39 53.951	-26 54 11.86	1.22	5.24	3.61	2.39	20.5645	18.8254	17.6001	16.1836
68	12 38 54.365	-26 54 09.20	0.72	3.82	2.85	2.12	19.1448	18.0868	17.3400	16.4631
72	12 38 44.705	-26 54 02.24	0.71	1.21	0.16	-0.55	16.5280	15.4002	14.6697	13.9718
73	12 39 07.286	-26 54 00.69	0.59	0.28	-0.55	-1.14	15.6014	14.7009	14.0783	13.3690
75	12 40 03.951	-26 53 51.87	0.73	2.83	1.87	1.15	18.1551	17.1149	16.3657	15.5761
76	12 38 59.854	-26 53 53.77	0.88	2.78	1.41	0.54	18.1044	16.6469	15.7523	14.8584
80	12 39 57.159	-26 53 42.21	0.82	2.19	0.93	0.11	17.5087	16.1682	15.3238	14.4693
85	12 39 07.545	-26 53 38.80	0.90	3.93	2.65	1.75	19.2502	17.8850	16.9678	16.0184
90	12 39 35.330	-26 53 28.93	0.48	-1.62	-2.37	-2.85	13.7064	12.8860	12.3730	11.7677
91	12 38 42.873	-26 53 31.95	0.48	3.33	2.64	2.16	18.6491	17.8945	17.3780	16.7603
97	12 39 16.311	-26 53 21.54	1.17	5.32	3.47	2.30	20.6430	18.6896	17.5066	16.2284
98	12 39 17.752	-26 53 20.97	0.76	2.89	1.93	1.18	18.2163	17.1721	16.3918	15.5455
101	12 39 12.934	-26 53 16.91	0.85	4.42	3.30	2.45	19.7422	18.5351	17.6677	16.7665
102	12 39 06.177	-26 53 15.45	0.65	1.80	0.87	0.22	17.1233	16.1148	15.4414	14.6692
104	12 39 49.809	-26 53 06.72	0.45	4.31	3.57	3.12	19.6336	18.8224	18.3379	17.6974
105	12 39 53.687	-26 53 06.00	0.40	-1.30	-1.89	-2.29	14.0195	13.3678	12.9367	12.3563
107	12 39 03.721	-26 53 07.61	0.80	5.65	4.80	4.00	20.9762	20.0366	19.2127	18.3950
109	12 39 01.436	-26 53 06.64	1.36	4.35	2.35	0.99	19.6745	17.5544	16.1964	14.5620
120	12 38 55.050	-26 52 52.60	0.72	4.44	3.40	2.68	19.7582	18.6403	17.8989	17.0849
124	12 38 44.862	-26 52 49.02	0.76	4.04	2.96	2.20	19.3606	18.1979	17.4148	16.4978
128	12 39 46.623	-26 52 39.64	0.66	3.72	2.89	2.23	19.0449	18.1329	17.4444	16.6973
132	12 39 05.547	-26 52 36.50	0.47	4.40	3.81	3.34	19.7208	19.0668	18.5656	17.8570
133	12 40 04.883	-26 52 30.94	0.82	2.80	1.62	0.80	18.1181	16.8556	16.0157	15.0876
136	12 38 46.994	-26 52 34.68	0.99	5.63	4.17	3.18	20.9467	19.4016	18.3938	16.9927
151	12 40 03.389	-26 52 13.36	1.21	5.59	3.59	2.39	20.9118	18.8093	17.5949	16.2139
157	12 39 58.134	-26 52 02.27	0.42	4.56	4.01	3.59	19.8833	19.2678	18.8132	18.1724
158	12 39 20.847	-26 51 58.38	0.90	3.01	1.88	0.97	18.3354	17.1069	16.1878	15.0999
160	12 40 01.952	-26 51 52.19	1.20	5.60	3.97	2.77	20.9192	19.1822	17.9786	16.5577
173	12 39 12.331	-26 51 42.26	0.73	3.51	2.57	1.85	18.8335	17.8140	17.0648	16.1255
180	12 39 56.450	-26 51 31.68	83.06	85.00	88.93	5.88	99.9999	99.9999	19.7315	18.3629
182	12 39 13.047	-26 51 34.21	1.18	5.03	3.11	1.93	20.3527	18.3276	17.1428	15.7492
187	12 39 09.334	-26 51 29.97	0.87	4.17	2.73	1.86	19.4886	17.9638	17.0756	16.0721
191	12 39 52.547	-26 51 24.00	0.84	3.79	2.79	1.95	19.1141	18.0259	17.1664	16.1826
193	12 40 20.299	-26 51 20.04	0.46	-0.70	-1.41	-1.86	14.6260	13.8480	13.3590	12.7587
194	12 39 01.238	-26 51 26.17	0.90	3.22	1.94	1.04	18.5418	17.1751	16.2583	15.2189
197	12 39 04.727	-26 51 23.01	1.25	5.80	4.09	2.84	21.1227	19.3043	18.0455	16.5142
207	12 40 17.832	-26 51 01.91	0.51	3.06	2.47	1.96	18.3853	17.7188	17.1771	16.4785
215	12 38 53.450	-26 51 00.65	83.07	5.67	88.93	5.86	20.6686	99.9999	19.7143	19.0334
216	12 40 07.201	-26 50 54.70	0.92	2.84	1.54	0.62	18.1575	16.7678	15.8328	14.7573
224	12 38 43.660	-26 50 56.46	0.60	1.42	0.51	-0.10	16.7460	15.7524	15.1234	14.3905
227	12 39 55.131	-26 50 51.11	82.94	85.00	88.93	5.99	99.9999	99.9999	19.8421	17.4186
230	12 38 56.276	-26 50 50.07	0.53	5.39	4.98	4.45	20.7172	20.2334	19.6684	18.8000
233	12 39 14.100	-26 50 45.02	0.62	1.38	0.58	-0.03	16.7075	15.8290	15.1854	14.4468
238	12 38 44.063	-26 50 45.03	0.73	5.23	4.16	3.42	20.5569	19.3960	18.6383	17.6049
243	12 39 57.293	-26 50 38.34	1.07	4.88	3.31	2.24	20.2048	18.5353	17.4521	16.2886
248	12 39 08.916	-26 50 34.22	1.30	4.94	3.07	1.77	20.2575	18.2811	16.9746	15.2590
250	12 40 16.584	-26 50 25.97	0.60	4.05	3.32	2.72	19.3760	18.5668	17.9390	17.2120
251	12 40 07.839	-26 50 24.40	0.49	2.79	2.26	1.77	18.1115	17.5115	16.9917	16.3455
254	12 39 22.596	-26 50 27.26	0.78	3.77	2.62	1.84	19.0963	17.8619	17.0563	16.0985
259	12 39 46.316	-26 50 22.84	1.11	4.10	2.38	1.27	19.4170	17.5965	16.4777	15.2760
266	12 39 32.929	-26 50 19.35	0.85	4.62	3.49	2.64	19.9375	18.7222	17.8541	16.9146
270	12 40 11.276	-26 50 12.72	0.72	3.46	2.53	1.81	18.7786	17.7674	17.0236	16.2390
271	12 39 14.499	-26 50 16.20	0.73	3.89	2.89	2.16	19.2163	18.1303	17.3768	16.4836
272	12 39 33.188	-26 50 14.65	83.19	85.00	88.94	5.75	99.9999	99.9999	19.6001	18.3961
276	12 39 13.670	-26 50 11.88	0.68	5.74	5.19	4.51	21.0673	20.4333	19.7293	19.1113
279	12 40 21.543	-26 50 05.34	0.63	2.04	1.30	0.67	17.3661	16.5492	15.8897	15.1374
288	12 38 58.861	-26 50 03.90	0.81	2.24	1.21	0.40	17.5579	16.4426	15.6157	14.6650
296	12 39 00.554	-26 49 55.66	0.73	2.67	1.70	0.97	17.9924	16.9377	16.1849	15.3519
298	12 39 08.200	-26 49 53.22	0.65	5.36	4.60	3.95	20.6877	19.8488	19.1711	18.4244
310	12 38 54.634	-26 49 47.96	0.89	-1.35	-2.62	-3.51	13.9700	12.6094	11.7044	10.7755
326	12 39 32.293	-26 49 34.75	0.59	4.54	3.83	3.24	19.8613	19.0727	18.4553	17.7313
329	12 39 23.607	-26 49 33.33	82.74	85.00	88.92	6.18	99.9999	99.9999	20.0417	16.9562
330	12 38 36.579	-26 49 35.12	0.83	5.05	3.78	2.95	20.3704	19.0133	18.1613	17.1427
342	12 40 12.399	-26 49 23.46	0.75	2.89	1.69	0.93	18.2141	16.9277	16.1513	15.3150
346	12 40 07.386	-26 49 22.17	0.36	5.22	4.74	4.38	20.5399	19.9956	19.5999	18.8533
357	12 39 43.160	-26 49 14.76	0.96	84.68	4.90	3.94	99.9999	20.1322	19.1566	17.6700
359	12 39 14.141	-26 49 15.05	0.76	4.64	3.75	2.99	19.9632	18.9926	18.2110	17.2556
362	12 38 41.293	-26 49 15.48	0.54	2.81	2.02	1.48	18.1286	17.2692	16.6992	16.0656
363	12 39 41.064	-26 49 11.45	0.64	1.18	0.31	-0.34	16.4996	15.5505	14.8832	14.1456
365	12 39 50.285	-26 49 10.20	0.77	4.40	3.60	2.83	19.7183	18.8375	18.0450	17.1548
382	12 39 09.384	-26 49 06.67	0.86	4.12	2.90	2.04	19.4439	18.1360	17.2526	16.1984
385	12 39 18.312	-26 49 03.75	0.42	5.50	4.85	4.43	20.8254	20.1083	19.6507	18.9528
396	12 39 20.792	-26 48 59.80	1.33	84.68	5.05	3.72	99.9999	20.2575	18.9271	17.0587
405	12 38 46.202	-26 48 55.74	1.25	2.10	0.14	-1.11	17.4232	15.3556	14.0992	12.7507
406	12 39 25.881	-26 48 52.86	0.79	2.51	1.48	0.69	17.8301	16.7141	15.9058	14.9807
415	12 38 55.243	-26 48 51.49	83.33	85.00	88.95	5.62	99.9999	99.9999	19.4673	16.8198
422	12 40 18.807	-26 48 43.20	0.70	0.50	-0.49	-1.19	15.8203	14.7471	14.0251	13.1762
428	12 39 02.972	-26 48 47.35	83.41	85.00	88.95	5.55	99.9999	99.9999	19.3944	18.1364
435	12 39 34.026	-26 48 42.72	0.51	5.22	4.54	4.03	20.5438	19.7882	19.2472	18.4599
442	12 39 51.342	-26 48 38.28	83.82	85.00	88.97	5.15	99.9999	99.9999	18.9913	16.8410
458	12 40 07.464	-26 48 26.45	0.97	3.70	2.12	1.14	19.0171	17.3446	16.3579	15.2971
463	12 39 11.234	-26 48 28.31	1.25	5.65	3.79	2.54	20.9752	18.9997	17.7442	16.3158
466	12 39 56.054	-26 48 23.71	0.69	3.40	2.55	1.86	18.7255	17.7973	17.0826	16.2535
475	12 40 06.157	-26 48 19.93	1.10	5.25	3.57	2.47	20.5695	18.7868	17.6786	16.4325
495	12 39 08.606	-26 48 14.81	0.47	2.83	2.24	1.76	18.1520	17.4901	16.9862	16.3286
497	12 39 01.775	-26 48 14.02	0.84	4.98	4.24	3.40	20.2984	19.4780	18.6167	17.6718
499	12 39 05.815	-26 48 13.20	0.57	1.77	1.06	0.49	17.0974	16.3060	15.7086	14.9856
512	12 40 06.451	-26 48 01.66	1.22	4.83	3.06	1.84	20.1461	18.2736	17.0510	15.8379
518	12 40 22.395	-26 47 58.83	0.61	-0.26	-1.10	-1.71	15.0599	14.1470	13.5102	12.7879
538	12 39 30.929	-26 47 56.59	0.81	3.98	3.02	2.21	19.3055	18.2541	17.4241	16.4972
554	12 39 24.058	-26 47 53.26	83.78	85.00	88.97	5.19	99.9999	99.9999	19.0326	17.2941
562	12 38 53.863	-26 47 52.12	82.86	85.00	88.92	6.06	99.9999	99.9999	19.9211	18.1326
566	12 39 17.624	-26 47 49.98	1.00	4.94	3.59	2.59	20.2624	18.8173	17.8037	16.6817
575	12 39 10.017	-26 47 49.00	0.34	4.53	3.76	3.42	19.8560	19.0205	18.6412	18.0063
590	12 39 57.169	-26 47 42.22	1.12	84.68	4.48	3.36	99.9999	19.6992	18.5713	17.1429
606	12 39 06.579	-26 47 42.73	1.70	4.46	2.91	1.21	19.7790	18.0995	16.4086	14.8360
657	12 39 00.332	-26 47 27.89	0.42	4.22	3.56	3.14	19.5422	18.8140	18.3641	17.6900
659	12 39 49.027	-26 47 23.79	1.31	84.68	4.61	3.31	99.9999	19.8255	18.5156	17.1049
682	12 40 20.895	-26 47 14.45	0.80	4.44	3.57	2.77	19.7652	18.8050	17.9823	17.1882
709	12 38 44.943	-26 47 14.77	0.61	3.32	2.48	1.87	18.6402	17.7284	17.0867	16.3613
737	12 38 49.781	-26 47 09.90	0.74	1.19	0.09	-0.65	16.5117	15.3324	14.5674	13.7863
751	12 39 52.323	-26 47 02.69	0.63	0.98	0.14	-0.49	16.2984	15.3848	14.7313	13.9787
752	12 39 02.955	-26 47 06.20	1.40	5.24	3.24	1.84	20.5569	18.4431	17.0412	15.3045
769	12 39 33.212	-26 46 59.07	0.89	1.23	-0.15	-1.04	16.5520	15.0800	14.1717	13.2073
824	12 39 37.363	-26 46 47.65	0.59	2.69	1.98	1.39	18.0101	17.2294	16.6073	15.8595
844	12 39 09.394	-26 46 45.66	83.83	85.00	88.97	5.14	99.9999	99.9999	18.9817	16.8859
860	12 38 57.139	-26 46 43.29	83.53	85.00	88.96	5.42	99.9999	99.9999	19.2712	17.9367
941	12 39 29.573	-26 46 28.24	0.66	5.18	4.82	4.17	20.5050	20.0682	19.3871	18.7231
1006	12 38 54.547	-26 46 21.62	0.75	2.07	1.03	0.29	17.3962	16.2743	15.5041	14.6650
1019	12 39 29.426	-26 46 16.91	0.59	5.45	5.14	4.54	20.7735	20.3838	19.7628	19.0479
1049	12 39 41.390	-26 46 11.46	0.98	3.89	2.41	1.43	19.2128	17.6400	16.6450	15.5285
1076	12 39 22.175	-26 46 10.54	83.44	85.00	88.95	5.51	99.9999	99.9999	19.3619	17.0599
1121	12 39 33.602	-26 46 03.65	0.49	4.93	4.55	4.06	20.2490	19.7982	19.2809	18.6325
1127	12 39 29.133	-26 46 03.72	0.46	4.57	4.10	3.64	19.8977	19.3502	18.8570	18.3148
1133	12 39 22.027	-26 46 03.65	0.47	4.91	4.57	4.10	20.2369	19.8210	19.3194	18.5578
1135	12 38 37.816	-26 46 06.05	0.86	3.68	2.53	1.67	19.0070	17.7606	16.8860	15.9385
1142	12 39 38.833	-26 46 01.48	1.32	4.23	2.30	0.98	19.5543	17.5133	16.1875	14.5975
1147	12 39 38.816	-26 46 00.88	1.24	3.25	1.49	0.25	18.5661	16.7041	15.4615	13.9920
1153	12 39 38.802	-26 46 00.52	1.25	3.74	2.00	0.75	19.0645	17.2118	15.9606	14.6740
1155	12 39 30.304	-26 46 01.02	-0.32	84.67	3.92	4.24	99.9999	19.2136	19.4776	18.6681
1157	12 39 26.845	-26 46 01.14	0.31	5.63	4.98	4.67	20.9576	20.2432	19.8943	18.8418
1171	12 39 16.797	-26 46 00.26	83.47	85.00	88.96	5.48	99.9999	99.9999	19.3284	17.3921
1172	12 39 26.764	-26 45 59.52	0.52	3.30	2.64	2.13	18.6194	17.8940	17.3469	16.6099
1216	12 39 29.492	-26 45 54.91	0.48	5.41	4.70	4.22	20.7298	19.9532	19.4453	19.0378
1239	12 39 46.157	-26 45 51.55	0.75	1.05	-0.03	-0.78	16.3697	15.2121	14.4349	13.6259
1241	12 39 32.707	-26 45 52.58	0.42	5.21	4.49	4.07	20.5313	19.7431	19.2924	18.7280
1252	12 39 24.817	-26 45 52.29	0.31	4.26	3.59	3.29	19.5827	18.8536	18.5093	17.9610
1261	12 39 21.952	-26 45 51.54	0.37	3.95	3.33	2.96	19.2711	18.5849	18.1785	17.6484
1266	12 39 26.088	-26 45 50.99	0.27	4.66	4.11	3.84	19.9798	19.3721	19.0598	18.4798
1287	12 39 16.301	-26 45 49.95	0.93	4.23	2.72	1.79	19.5498	17.9475	16.9991	16.0741
1295	12 39 25.534	-26 45 48.82	0.30	4.94	4.34	4.04	20.2611	19.6066	19.2652	18.5611
1304	12 39 24.476	-26 45 47.99	0.34	3.70	3.14	2.80	19.0213	18.3999	18.0266	17.3929
1316	12 39 25.397	-26 45 47.49	0.51	5.05	4.60	4.09	20.3693	19.8490	19.3103	18.7796
1330	12 38 38.956	-26 45 49.69	83.96	85.00	88.98	5.02	99.9999	99.9999	18.8588	17.2202
1342	12 39 05.615	-26 45 47.12	1.34	5.24	3.16	1.82	20.5583	18.3693	17.0281	15.4353
1346	12 39 31.284	-26 45 45.16	0.43	4.60	3.94	3.51	19.9267	19.1988	18.7334	18.1767
1359	12 39 23.571	-26 45 44.51	0.45	5.03	4.48	4.03	20.3509	19.7347	19.2504	18.5110
1376	12 39 16.084	-26 45 44.14	83.15	6.06	88.94	5.78	21.0606	99.9999	19.6367	18.8846
1393	12 39 27.079	-26 45 41.81	0.12	5.13	4.43	4.32	20.4562	19.7046	19.5441	18.9321
1396	12 39 19.744	-26 45 42.16	0.60	2.32	1.55	0.94	17.6422	16.7919	16.1607	15.4301
1399	12 39 26.568	-26 45 41.48	0.37	4.34	3.78	3.41	19.6667	19.0368	18.6286	17.9896
1411	12 39 28.222	-26 45 40.64	0.41	4.51	4.08	3.67	19.8354	19.3365	18.8885	18.3639
1416	12 39 25.182	-26 45 40.36	0.48	4.57	3.95	3.47	19.8889	19.2035	18.6906	18.1501
1417	12 39 31.560	-26 45 39.75	0.40	4.67	4.14	3.74	19.9925	19.3944	18.9625	18.2350
1425	12 39 21.091	-26 45 39.93	0.66	3.40	2.66	2.01	18.7271	17.9054	17.2240	16.3943
1450	12 39 27.391	-26 45 38.34	0.37	3.80	3.17	2.80	19.1209	18.4280	18.0211	17.2188
1456	12 39 24.990	-26 45 38.08	1.04	1.46	-0.15	-1.19	16.7780	15.0753	14.0219	12.9370
1464	12 39 25.731	-26 45 37.61	0.26	4.62	3.94	3.68	19.9402	19.2066	18.9035	18.4470
1467	12 39 29.095	-26 45 37.32	0.37	4.93	4.46	4.10	20.2588	19.7228	19.3195	99.9999
1480	12 39 24.878	-26 45 36.85	0.55	4.61	4.30	3.75	19.9292	19.5484	18.9670	99.9999
1529	12 39 26.926	-26 45 33.25	0.64	5.27	4.97	4.33	20.5885	20.2151	19.5463	19.0462
1532	12 39 26.765	-26 45 33.07	0.28	4.17	3.49	3.21	19.4977	18.7541	18.4329	17.8568
1536	12 39 29.219	-26 45 32.64	0.28	5.11	4.43	4.15	20.4356	19.6938	19.3736	18.7943
1546	12 39 26.768	-26 45 32.32	83.52	4.46	88.96	5.44	19.4586	99.9999	19.2863	18.6079
1551	12 38 41.139	-26 45 35.00	0.57	4.70	4.06	3.49	20.0223	19.3134	18.7137	17.9632
1572	12 39 26.746	-26 45 31.03	0.30	4.64	4.07	3.77	19.9621	19.3343	18.9984	18.4498
1582	12 39 27.191	-26 45 30.60	0.35	4.76	4.09	3.75	20.0824	19.3532	18.9701	18.4507
1607	12 39 28.826	-26 45 28.83	0.36	4.85	4.47	4.11	20.1735	19.7330	19.3327	18.6787
1609	12 39 28.881	-26 45 28.77	0.31	4.49	3.92	3.61	19.8148	19.1788	18.8312	99.9999
1620	12 39 29.170	-26 45 28.22	0.52	4.55	4.04	3.52	19.8690	19.2933	18.7445	18.1492
1627	12 39 25.642	-26 45 27.99	0.30	5.15	4.64	4.33	20.4768	19.8988	19.5574	18.8276
1635	12 39 29.691	-26 45 27.19	0.51	4.95	4.51	4.00	20.2765	19.7635	19.2184	18.6367
1643	12 40 20.079	-26 45 22.57	0.09	5.02	4.40	4.31	20.3468	19.6756	19.5359	18.9914
1649	12 39 33.104	-26 45 26.12	0.25	5.22	4.47	4.23	20.5472	19.7386	19.4533	18.8026
1685	12 39 28.583	-26 45 24.39	0.56	4.44	3.97	3.41	19.7637	19.2207	18.6294	18.2342
1688	12 39 28.561	-26 45 24.30	0.44	4.23	3.72	3.28	19.5530	18.9775	18.5050	18.2996
1689	12 39 24.935	-26 45 24.55	0.31	5.28	4.64	4.33	20.6015	19.9023	19.5520	18.7099
1700	12 39 27.907	-26 45 23.85	0.49	4.49	4.06	3.57	19.8178	19.3086	18.7904	18.1894
1718	12 39 29.136	-26 45 23.09	0.43	4.39	3.83	3.40	19.7173	19.0866	18.6207	17.9355
1719	12 39 29.166	-26 45 22.96	0.30	84.68	3.36	3.06	99.9999	18.6198	18.2809	17.6255
1733	12 39 27.625	-26 45 22.47	0.38	4.08	3.56	3.18	19.3998	18.8225	18.4043	18.0846
1748	12 39 29.757	-26 45 21.78	0.54	3.59	2.97	2.43	18.9128	18.2181	17.6480	16.8891
1753	12 40 22.065	-26 45 17.05	0.58	3.13	2.35	1.77	18.4486	17.5979	16.9865	16.3276
1767	12 39 28.652	-26 45 20.97	0.32	4.72	4.15	3.83	20.0409	19.4119	19.0540	18.6673
1772	12 39 25.992	-26 45 20.90	0.39	4.49	4.27	3.87	19.8183	19.5232	19.0964	18.2455
1778	12 39 26.868	-26 45 20.48	0.36	4.44	3.79	3.43	19.7648	19.0483	18.6550	18.0539
1779	12 39 29.779	-26 45 20.09	0.31	5.05	4.50	4.19	20.3735	19.7593	19.4154	19.2000
1784	12 39 30.289	-26 45 19.86	0.29	4.83	4.14	3.85	20.1564	19.3992	19.0717	18.6791
1786	12 39 31.629	-26 45 19.68	0.60	4.28	3.64	3.04	19.5998	18.8905	18.2579	17.6580
1788	12 39 28.025	-26 45 19.94	0.35	3.89	3.28	2.93	19.2149	18.5398	18.1526	17.6921
1791	12 39 25.960	-26 45 19.98	0.54	4.37	3.92	3.38	19.6918	19.1705	18.5962	18.3521
1797	12 39 31.662	-26 45 19.34	0.28	4.26	3.19	2.91	19.5802	18.4504	18.1358	17.4695
1798	12 39 31.116	-26 45 19.38	0.65	4.09	4.22	3.56	19.4146	19.4625	18.7817	18.1616
1801	12 39 27.332	-26 45 19.59	0.41	84.68	3.55	3.14	99.9999	18.8079	18.3628	18.0068
1803	12 39 29.265	-26 45 19.38	83.06	5.62	88.93	5.87	20.6199	99.9999	19.7273	18.9559
1806	12 39 31.709	-26 45 19.06	0.67	4.28	3.79	3.12	19.6025	19.0315	18.3373	17.6732
1809	12 39 25.626	-26 45 19.38	0.28	4.62	4.02	3.74	19.9441	19.2863	18.9636	18.3488
1811	12 39 31.766	-26 45 18.89	0.43	4.31	4.00	3.57	19.6339	19.2528	18.7931	18.1350
1820	12 39 28.318	-26 45 18.79	0.32	4.88	4.37	4.05	20.2026	19.6293	19.2723	18.6316
1822	12 39 27.275	-26 45 18.85	0.18	3.52	3.68	3.51	18.8454	18.9519	18.7324	18.0806
1824	12 39 28.365	-26 45 18.69	0.18	4.97	4.33	4.14	20.2919	19.5960	19.3705	18.4996
1825	12 39 30.069	-26 45 18.37	0.37	4.16	3.61	3.24	19.4886	18.8709	18.4635	17.8125
1842	12 39 12.009	-26 45 19.05	0.46	4.69	4.18	3.72	20.0127	19.4384	18.9438	18.4440
1855	12 39 21.496	-26 45 18.15	0.39	4.67	4.24	3.85	19.9932	19.4974	19.0705	18.4256
1862	12 39 28.490	-26 45 17.27	0.11	4.37	4.13	4.01	19.6988	19.3968	19.2391	17.9491
1867	12 39 26.442	-26 45 17.13	0.36	4.40	3.87	3.52	19.7231	19.1310	18.7397	18.0217
1876	12 38 51.989	-26 45 18.92	0.59	0.01	-0.83	-1.42	15.3353	14.4157	13.7971	13.0981
1877	12 39 26.753	-26 45 16.67	0.24	84.68	3.53	3.29	99.9999	18.7955	18.5108	17.9873
1887	12 39 33.410	-26 45 15.78	0.50	84.68	4.95	4.45	99.9999	20.2022	19.6751	18.8770
1890	12 39 37.902	-26 45 15.32	0.53	4.62	4.07	3.54	19.9413	19.3163	18.7578	18.2760
1911	12 39 28.943	-26 45 15.02	-0.18	4.61	4.10	4.28	19.9359	19.3901	19.5115	18.3318
1912	12 39 26.712	-26 45 15.17	0.33	3.54	2.94	2.61	18.8685	18.2045	17.8335	17.2255
1919	12 39 28.898	-26 45 14.81	0.40	3.90	3.29	2.90	19.2203	18.5518	18.1199	17.3323
1937	12 39 27.200	-26 45 13.60	0.30	4.12	3.67	3.37	19.4425	18.9315	18.5972	99.9999
1942	12 39 25.990	-26 45 13.58	0.48	4.28	3.83	3.36	19.5993	19.0848	18.5772	18.1162
1947	12 39 25.427	-26 45 13.25	-0.18	4.19	3.62	3.81	19.5120	18.9077	19.0374	18.8347
1948	12 39 29.240	-26 45 12.79	0.29	3.63	3.04	2.74	18.9545	18.2986	17.9659	17.4176
1956	12 39 25.436	-26 45 12.82	0.29	4.26	3.76	3.47	19.5835	19.0265	18.6992	18.0020
1958	12 39 34.836	-26 45 11.90	0.34	4.26	3.64	3.29	19.5836	18.8958	18.5183	17.9247
1959	12 39 24.062	-26 45 12.65	0.57	5.10	4.71	4.13	20.4261	19.9554	19.3545	18.5826
1963	12 39 29.188	-26 45 12.17	0.48	84.68	3.89	3.42	99.9999	19.1471	18.6375	18.1195
1964	12 39 30.206	-26 45 12.08	0.50	5.35	4.87	4.37	20.6754	20.1185	19.5888	18.8720
1968	12 39 25.028	-26 45 12.23	0.39	4.75	4.30	3.91	20.0747	19.5560	19.1319	18.4306
1972	12 39 24.694	-26 45 12.01	0.47	84.68	4.74	4.27	99.9999	19.9971	19.4921	18.8990
1986	12 39 23.438	-26 45 11.75	0.37	4.22	3.63	3.25	19.5459	18.8844	18.4758	17.9951
1988	12 39 27.334	-26 45 11.29	83.03	5.48	88.93	5.90	20.4774	99.9999	19.7527	18.8172
1990	12 39 29.266	-26 45 11.09	0.30	3.75	3.24	2.94	19.0702	18.4976	18.1626	17.6219
1996	12 39 26.402	-26 45 11.07	0.01	4.83	3.72	3.71	20.1567	18.9987	18.9360	18.1532
2001	12 39 26.442	-26 45 10.86	0.27	3.63	2.92	2.65	18.9577	18.1862	17.8744	17.1852
2002	12 39 25.533	-26 45 10.88	0.52	4.80	4.29	3.78	20.1222	19.5447	18.9956	18.4887
2007	12 39 28.982	-26 45 10.48	-0.08	4.56	3.99	4.07	19.8842	19.2703	19.3039	18.7555
2009	12 39 28.607	-26 45 10.48	0.35	4.27	3.69	3.34	19.5982	18.9499	18.5662	17.9159
2012	12 39 26.554	-26 45 10.48	0.41	4.21	3.55	3.14	19.5377	18.8057	18.3638	18.1940
2021	12 39 24.867	-26 45 10.39	0.37	5.34	4.94	4.57	20.6677	20.2034	19.7951	19.1803
2031	12 39 26.559	-26 45 09.83	0.24	4.37	3.87	3.63	19.6989	19.1340	18.8537	18.1796
2033	12 39 30.303	-26 45 09.45	0.59	4.98	4.29	3.70	20.3070	19.5352	18.9205	18.6743
2034	12 40 12.230	-26 45 06.00	0.64	4.25	3.53	2.90	19.5702	18.7800	18.1164	17.3483
2035	12 39 22.714	-26 45 09.93	0.59	5.16	4.52	3.93	20.4844	19.7688	19.1510	18.0833
2037	12 39 27.586	-26 45 09.46	0.67	4.74	4.69	4.02	20.0653	19.9357	19.2370	18.3722
2046	12 39 28.600	-26 45 09.03	0.20	4.02	3.84	3.64	19.3431	19.1099	18.8694	18.1216
2048	12 39 28.891	-26 45 08.97	0.36	4.54	4.08	3.71	19.8658	19.3347	18.9378	18.4449
2050	12 39 29.222	-26 45 08.92	0.25	4.70	4.36	4.11	20.0239	19.6206	19.3351	17.9125
2075	12 39 29.190	-26 45 07.65	0.19	4.05	3.31	3.12	19.3763	18.5809	18.3484	17.8208
2076	12 39 29.343	-26 45 07.63	0.41	4.96	4.29	3.88	20.2871	19.5442	19.0986	18.6499
2084	12 39 26.240	-26 45 07.65	0.31	3.83	3.17	2.86	19.1497	18.4356	18.0847	17.6064
2086	12 39 20.944	-26 45 07.86	0.45	5.70	5.07	4.61	21.0280	20.3211	19.8360	19.1959
2090	12 39 29.619	-26 45 07.13	0.40	4.25	3.81	3.41	19.5787	19.0686	18.6334	17.8672
2094	12 39 31.867	-26 45 06.77	0.18	3.66	3.15	2.98	18.9870	18.4197	18.2019	17.9121
2103	12 39 28.255	-26 45 06.50	0.58	5.18	4.76	4.19	20.5047	20.0116	19.4069	18.4703
2114	12 39 27.644	-26 45 06.21	0.36	4.22	3.70	3.33	19.5414	18.9556	18.5566	17.8736
2115	12 39 32.692	-26 45 05.83	0.49	84.68	4.79	4.30	99.9999	20.0418	19.5223	19.1164
2118	12 39 28.398	-26 45 06.07	0.52	5.39	4.99	4.47	20.7148	20.2386	19.6864	18.9363
2120	12 39 30.629	-26 45 05.80	1.22	3.95	3.51	2.29	19.2746	18.7224	17.5004	16.9154
2126	12 38 39.531	-26 45 08.77	84.43	85.01	89.00	4.57	99.9999	99.9999	18.4010	15.9185
2128	12 39 30.685	-26 45 05.53	-0.25	3.39	2.46	2.71	18.7156	17.7491	17.9387	17.5118
2132	12 39 29.866	-26 45 05.55	0.87	5.65	5.26	4.39	20.9714	20.4925	19.5998	19.0603
2143	12 39 25.841	-26 45 05.46	0.58	4.99	4.54	3.96	20.3145	19.7890	19.1784	18.5455
2149	12 39 30.671	-26 45 04.80	83.64	5.45	88.96	5.32	20.4437	99.9999	19.1661	18.2998
2150	12 39 29.305	-26 45 04.86	0.32	4.52	3.91	3.59	19.8446	19.1756	18.8139	18.2564
2151	12 39 26.200	-26 45 04.98	0.59	5.06	4.52	3.93	20.3869	19.7682	19.1485	18.7453
2155	12 39 27.733	-26 45 04.70	0.53	4.98	4.52	3.99	20.3017	19.7710	19.2073	18.5367
2159	12 39 29.257	-26 45 04.38	0.33	4.02	3.21	2.88	19.3424	18.4742	18.1042	99.9999
2161	12 39 27.319	-26 45 04.51	0.85	4.38	4.64	3.78	19.6989	19.8717	18.9995	18.4431
2164	12 39 23.126	-26 45 04.66	0.21	4.98	4.49	4.27	20.3083	19.7519	19.4987	19.0093
2165	12 39 27.288	-26 45 04.34	0.15	4.42	3.72	3.57	19.7474	18.9940	18.8005	17.9279
2170	12 39 29.235	-26 45 04.07	0.37	4.28	3.61	3.25	19.6017	18.8717	18.4693	18.0679
2173	12 39 25.010	-26 45 04.31	0.38	4.23	3.74	3.37	19.5559	19.0004	18.5883	17.9945
2174	12 39 29.528	-26 45 03.98	0.34	5.06	4.53	4.19	20.3831	19.7915	19.4108	18.6476
2176	12 39 26.853	-26 45 04.17	0.43	4.70	4.20	3.77	20.0276	19.4539	18.9937	18.2721
2182	12 39 28.689	-26 45 03.95	0.42	4.81	4.25	3.83	20.1326	19.5045	19.0535	18.5385
2183	12 39 27.614	-26 45 03.99	0.60	5.00	4.63	4.03	20.3251	19.8781	19.2472	18.7041
2184	12 39 25.795	-26 45 04.11	0.35	4.02	3.44	3.09	19.3462	18.7027	18.3160	17.7599
2240	12 39 27.359	-26 45 02.24	0.00	4.38	3.71	3.71	19.7080	18.9890	18.9406	18.2240
2242	12 39 32.230	-26 45 01.81	0.46	84.68	3.74	3.28	99.9999	18.9946	18.5018	18.1760
2254	12 39 26.990	-26 45 01.94	0.57	4.02	3.57	3.01	19.3416	18.8213	18.2248	17.8686
2257	12 39 31.835	-26 45 01.55	0.63	3.08	2.33	1.70	18.4043	17.5769	16.9213	16.0594
2262	12 39 32.197	-26 45 01.50	0.02	4.99	4.44	4.42	20.3162	19.7136	19.6481	18.6338
2265	12 39 28.115	-26 45 01.71	0.20	2.99	2.02	1.82	18.3151	17.2883	17.0502	16.7100
2267	12 39 25.732	-26 45 01.85	0.32	4.59	4.17	3.85	19.9141	19.4296	19.0758	99.9999
2272	12 39 28.113	-26 45 01.40	0.18	84.68	2.48	2.31	99.9999	17.7519	17.5320	16.7314
2275	12 39 27.275	-26 45 01.35	-0.06	4.27	3.34	3.40	19.5990	18.6163	18.6305	18.0701
2279	12 39 28.086	-26 45 01.21	-0.12	4.06	2.65	2.77	19.3879	17.9321	18.0002	17.1677
2284	12 39 28.170	-26 45 01.07	0.33	3.49	3.43	3.10	18.8187	18.6870	18.3240	17.6121
2285	12 39 59.519	-26 44 58.58	0.91	4.31	3.17	2.26	19.6319	18.3975	17.4737	16.4498
2288	12 39 26.196	-26 45 01.10	0.48	4.86	4.25	3.77	20.1819	19.5019	18.9894	18.6372
2298	12 39 27.902	-26 45 00.41	0.41	4.65	4.18	3.77	19.9701	19.4325	18.9883	18.3037
2302	12 39 28.457	-26 45 00.20	0.65	4.64	4.46	3.81	19.9637	19.7083	19.0282	18.4461
2304	12 39 26.419	-26 45 00.27	0.29	4.05	3.46	3.17	19.3766	18.7260	18.3981	17.7434
2305	12 39 28.362	-26 45 00.13	0.46	5.40	4.76	4.30	20.7262	20.0136	19.5224	18.7669
2310	12 39 29.358	-26 44 59.83	0.30	4.42	3.81	3.51	19.7442	19.0719	18.7346	17.9277
2315	12 39 27.180	-26 44 59.92	0.23	3.33	2.75	2.52	18.6586	18.0166	17.7468	16.8930
2318	12 39 27.161	-26 44 59.87	0.53	3.33	2.91	2.39	18.6537	18.1639	17.6058	16.7288
2321	12 39 27.138	-26 44 59.84	0.48	84.68	3.21	2.74	99.9999	18.4669	17.9578	17.5554
2329	12 39 22.931	-26 44 59.80	0.37	4.23	3.64	3.26	19.5583	18.8957	18.4870	17.9301
2336	12 39 24.125	-26 44 59.39	0.34	4.99	4.14	3.79	20.3115	19.3975	19.0175	18.3593
2345	12 39 23.807	-26 44 59.12	0.31	4.86	4.27	3.96	20.1804	19.5313	19.1839	18.4911
2350	12 39 08.625	-26 45 00.04	1.51	84.68	4.52	3.02	99.9999	19.7230	18.2199	16.1855
2351	12 39 31.125	-26 44 58.41	0.36	3.78	3.22	2.87	19.1079	18.4820	18.0892	17.6100
2354	12 39 29.443	-26 44 58.40	0.44	3.54	2.98	2.54	18.8622	18.2345	17.7601	17.1570
2355	12 39 29.893	-26 44 58.36	0.30	4.93	4.34	4.04	20.2585	19.5998	19.2643	18.3920
2357	12 39 27.653	-26 44 58.46	0.97	4.49	4.57	3.61	19.8116	19.8008	18.8198	18.5306
2359	12 39 30.044	-26 44 58.22	0.40	4.22	3.85	3.45	19.5474	19.1068	18.6698	18.0196
2362	12 39 26.510	-26 44 58.42	0.28	84.68	3.39	3.11	99.9999	18.6557	18.3346	17.5138
2365	12 39 32.123	-26 44 58.00	0.69	4.85	4.62	3.93	20.1682	19.8619	19.1431	18.4819
2366	12 39 26.442	-26 44 58.42	0.46	3.13	2.63	2.17	18.4490	17.8820	17.3878	16.8144
2368	12 39 23.833	-26 44 58.56	0.36	4.67	4.19	3.82	19.9949	19.4467	19.0465	99.9999
2371	12 39 31.890	-26 44 57.88	0.55	4.66	4.05	3.50	19.9837	19.3026	18.7241	18.0336
2372	12 39 24.918	-26 44 58.37	0.71	5.01	4.00	3.29	20.3327	19.2429	18.5094	18.3048
2373	12 39 26.467	-26 44 58.10	0.11	3.04	2.18	2.07	18.3616	17.4488	17.2934	16.5790
2377	12 39 28.108	-26 44 57.85	0.43	4.77	4.24	3.81	20.0985	19.4967	19.0286	18.2977
2378	12 39 28.504	-26 44 57.78	0.69	4.79	4.78	4.09	20.1160	20.0236	19.3067	18.5505
2381	12 39 24.930	-26 44 58.01	83.11	5.34	88.94	5.83	20.3376	99.9999	19.6811	18.5351
2388	12 39 21.513	-26 44 58.00	0.22	5.21	4.76	4.54	20.5348	20.0218	19.7633	19.0700
2400	12 39 26.766	-26 44 57.20	0.27	5.15	4.11	3.84	20.4792	19.3726	19.0630	18.4813
2401	12 39 26.478	-26 44 57.20	0.23	3.59	3.08	2.85	18.9187	18.3426	18.0726	16.8498
2403	12 39 31.266	-26 44 56.80	82.64	85.00	88.91	6.27	99.9999	99.9999	20.1310	19.6184
2405	12 39 27.689	-26 44 57.01	0.52	4.62	4.02	3.51	19.9440	19.2752	18.7275	18.0566
2411	12 39 27.228	-26 44 56.95	0.32	4.24	3.62	3.30	19.5599	18.8796	18.5225	17.7159
2415	12 39 26.491	-26 44 56.90	0.28	3.35	2.52	2.23	18.6737	17.7784	17.4592	99.9999
2417	12 39 32.827	-26 44 56.43	0.46	4.50	3.96	3.49	19.8236	19.2121	18.7151	18.1784
2423	12 39 25.942	-26 44 56.72	0.52	4.47	4.06	3.54	19.7980	19.3114	18.7633	18.1906
2427	12 39 29.494	-26 44 56.32	0.07	84.67	3.88	3.81	99.9999	19.1550	19.0390	18.3147
2429	12 39 30.736	-26 44 56.18	0.40	4.42	3.95	3.54	19.7479	19.2034	18.7673	99.9999
2431	12 39 28.507	-26 44 56.26	0.24	4.03	3.15	2.91	19.3587	18.4144	18.1309	99.9999
2438	12 39 29.412	-26 44 55.93	0.20	84.68	3.54	3.34	99.9999	18.8093	18.5697	18.3075
2445	12 39 30.156	-26 44 55.63	0.67	5.07	4.48	3.80	20.3926	19.7207	19.0209	18.5549
2447	12 39 28.550	-26 44 55.74	0.28	4.22	3.93	3.65	19.5428	19.1964	18.8780	18.0928
2450	12 39 29.974	-26 44 55.56	0.47	4.18	3.45	2.97	19.5061	18.7003	18.1955	17.6419
2455	12 39 31.494	-26 44 55.38	0.44	4.81	4.19	3.75	20.1379	19.4460	18.9697	18.4558
2456	12 39 26.275	-26 44 55.73	0.10	3.01	2.76	2.66	18.3351	18.0350	17.8860	17.3976
2461	12 39 28.571	-26 44 55.40	0.23	4.12	3.49	3.26	19.4412	18.7560	18.4885	17.6516
2464	12 39 26.357	-26 44 55.53	0.82	4.78	4.52	3.71	20.1036	19.7596	18.9230	18.8432
2466	12 39 24.971	-26 44 55.57	-0.05	2.83	2.20	2.26	18.1553	17.4845	17.4851	15.9437
2467	12 39 26.282	-26 44 55.47	0.34	3.49	2.88	2.53	18.8191	18.1356	17.7580	17.1032
2470	12 39 29.385	-26 44 55.17	0.30	4.09	3.43	3.13	19.4112	18.6961	18.3545	17.9991
2478	12 39 27.854	-26 44 55.03	0.47	3.85	3.54	3.07	19.1711	18.7893	18.2898	17.6133
2479	12 39 29.377	-26 44 54.91	0.30	4.22	3.73	3.43	19.5490	18.9904	18.6546	17.9339
2481	12 39 28.580	-26 44 54.94	0.61	4.76	3.92	3.31	20.0837	19.1629	18.5299	18.1839
2483	12 39 28.200	-26 44 54.87	83.80	85.00	88.97	5.17	99.9999	99.9999	19.0111	18.3213
2485	12 39 27.780	-26 44 54.83	0.67	84.68	3.72	3.05	99.9999	18.9679	18.2704	18.0413
2498	12 39 29.499	-26 44 54.26	0.47	84.68	4.40	3.93	99.9999	19.6515	19.1515	18.6149
2500	12 39 29.932	-26 44 54.19	0.40	4.29	3.75	3.35	19.6154	19.0110	18.5747	18.3154
2508	12 39 25.840	-26 44 54.20	0.17	84.68	3.79	3.62	99.9999	19.0622	18.8457	17.9485
2511	12 39 26.873	-26 44 54.02	0.49	84.68	4.74	4.25	99.9999	19.9953	19.4691	18.7074
2516	12 39 29.932	-26 44 53.69	0.24	4.54	3.19	2.94	19.8615	18.4519	18.1672	17.7172
2531	12 39 27.166	-26 44 53.46	0.67	3.27	2.89	2.21	18.5905	18.1293	17.4296	16.9441
2533	12 39 27.402	-26 44 53.39	0.23	4.73	3.85	3.63	20.0510	19.1197	18.8517	18.3355
2537	12 39 29.301	-26 44 53.13	0.23	4.63	4.07	3.84	19.9539	19.3358	19.0651	18.5008
2542	12 39 27.134	-26 44 53.08	0.80	3.76	3.29	2.49	19.0849	18.5278	17.7102	17.4478
2545	12 39 29.855	-26 44 52.70	0.18	3.59	2.97	2.78	18.9198	18.2340	18.0086	17.5980
2547	12 39 27.414	-26 44 52.82	0.39	4.01	3.59	3.19	19.3340	18.8433	18.4173	17.6370
2565	12 39 26.397	-26 44 52.41	0.31	4.47	3.98	3.67	19.7948	19.2373	18.8906	18.1225
2567	12 39 26.366	-26 44 52.39	0.29	4.37	3.69	3.40	19.6935	18.9505	18.6248	18.4241
2569	12 39 25.011	-26 44 52.45	0.20	84.68	5.09	4.89	99.9999	20.3592	20.1189	19.2033
2572	12 39 27.044	-26 44 52.26	0.97	4.45	4.32	3.35	19.7704	19.5488	18.5680	17.9140
2578	12 39 26.806	-26 44 52.13	0.56	5.18	4.38	3.83	20.5012	19.6313	19.0453	18.4453
2581	12 39 31.543	-26 44 51.64	0.25	4.31	3.74	3.49	19.6338	19.0056	18.7138	18.0942
2583	12 39 30.894	-26 44 51.66	0.22	4.45	3.97	3.75	19.7775	19.2379	18.9736	18.2458
2584	12 39 27.669	-26 44 51.85	0.47	4.04	3.30	2.84	19.3635	18.5568	18.0564	17.4346
2585	12 39 24.657	-26 44 52.03	0.60	4.51	4.18	3.58	19.8305	19.4300	18.7991	18.1821
2587	12 39 31.016	-26 44 51.56	0.21	3.91	3.25	3.04	19.2300	18.5176	18.2644	17.6641
2588	12 39 28.579	-26 44 51.74	0.60	5.02	4.02	3.43	20.3409	19.2697	18.6457	18.1185
2593	12 39 26.480	-26 44 51.75	0.26	4.59	4.02	3.76	19.9096	19.2816	18.9818	18.6073
2594	12 39 26.716	-26 44 51.68	0.22	4.41	3.90	3.68	19.7321	19.1679	18.9040	17.8395
2597	12 39 29.044	-26 44 51.48	0.55	4.22	3.72	3.17	19.5413	18.9702	18.3872	17.8158
2606	12 39 31.511	-26 44 51.14	0.62	4.08	4.62	4.00	19.4028	19.8678	19.2200	18.7757
2607	12 39 23.954	-26 44 51.63	0.44	4.82	4.63	4.19	20.1467	19.8827	19.4077	18.7896
2608	12 39 23.779	-26 44 51.64	0.62	5.37	4.87	4.25	20.6936	20.1196	19.4679	18.5806
2612	12 39 25.900	-26 44 51.28	0.25	4.83	4.32	4.07	20.1534	19.5828	19.2910	18.7566
2613	12 39 30.009	-26 44 50.96	0.67	2.52	1.59	0.92	17.8422	16.8367	16.1366	15.3702
2616	12 39 25.295	-26 44 51.01	0.65	1.81	0.92	0.27	17.1317	16.1623	15.4910	14.7534
2623	12 39 30.605	-26 44 50.34	0.18	4.67	4.18	4.00	19.9899	19.4503	19.2241	18.7477
2624	12 39 20.890	-26 44 50.89	0.33	4.98	4.41	4.08	20.3008	19.6736	19.3039	18.8454
2630	12 39 28.209	-26 44 50.10	-0.22	4.27	2.86	3.09	19.6004	18.1519	18.3197	99.9999
2638	12 39 30.358	-26 44 49.60	0.45	5.21	4.67	4.22	20.5347	19.9252	19.4391	18.4785
2647	12 39 25.987	-26 44 49.63	0.39	4.41	3.90	3.51	19.7307	19.1572	18.7363	18.1254
2652	12 39 23.729	-26 44 49.66	0.34	3.94	3.30	2.96	19.2656	18.5584	18.1813	17.5032
2656	12 39 29.158	-26 44 49.23	0.26	4.17	3.38	3.12	19.4923	18.6439	18.3452	17.6502
2662	12 39 26.021	-26 44 49.39	0.58	3.95	4.11	3.52	19.2750	19.3531	18.7411	18.3960
2665	12 39 25.316	-26 44 49.40	0.54	4.04	3.44	2.89	19.3631	18.6855	18.1115	17.4271
2666	12 39 24.597	-26 44 49.43	0.31	4.44	3.84	3.53	19.7599	19.1037	18.7543	18.1591
2669	12 39 28.706	-26 44 49.10	0.22	4.23	3.73	3.51	19.5549	18.9969	18.7403	99.9999
2678	12 39 29.640	-26 44 48.78	0.56	3.36	2.83	2.27	18.6820	18.0824	17.4929	16.9250
2679	12 39 29.835	-26 44 48.74	-0.27	4.39	2.95	3.22	19.7207	18.2385	18.4501	17.7319
2681	12 39 30.584	-26 44 48.60	0.47	4.43	3.81	3.34	19.7495	19.0671	18.5651	99.9999
2683	12 39 27.264	-26 44 48.71	0.74	4.65	4.55	3.81	19.9766	19.7857	19.0246	18.3382
2688	12 39 27.337	-26 44 48.62	-0.19	3.73	3.32	3.51	19.0553	18.6099	18.7413	17.4319
2689	12 39 31.586	-26 44 48.31	82.73	6.35	88.92	6.19	21.3547	99.9999	20.0512	19.2790
2696	12 39 30.596	-26 44 48.21	0.26	4.40	3.96	3.70	19.7198	19.2252	18.9260	18.2282
2697	12 39 28.986	-26 44 48.29	0.31	2.95	2.29	1.97	18.2793	17.5494	17.1983	16.6146
2698	12 39 28.639	-26 44 48.30	0.86	4.99	4.53	3.67	20.3145	19.7612	18.8828	18.0205
2699	12 39 26.873	-26 44 48.36	83.70	5.29	88.97	5.27	20.2843	99.9999	19.1103	18.3292
2701	12 39 29.088	-26 44 48.10	0.28	4.63	3.72	3.44	19.9556	18.9835	18.6692	99.9999
2704	12 39 22.224	-26 44 48.51	0.44	4.85	4.30	3.87	20.1772	19.5588	19.0887	18.4801
2708	12 39 24.702	-26 44 48.23	0.45	4.36	3.82	3.37	19.6881	19.0698	18.5900	18.0030
2710	12 39 26.486	-26 44 47.88	0.66	84.68	4.03	3.37	99.9999	19.2719	18.5880	18.0713
2717	12 39 28.380	-26 44 47.46	0.54	3.81	3.44	2.89	19.1309	18.6849	18.1117	17.5332
2722	12 39 30.656	-26 44 47.16	0.30	4.33	3.68	3.38	19.6495	18.9470	18.6077	18.1530
2726	12 39 26.404	-26 44 47.39	0.29	3.65	3.14	2.84	18.9719	18.3985	18.0672	17.5614
2735	12 39 28.222	-26 44 46.88	0.40	3.65	2.97	2.58	18.9705	18.2304	17.7988	17.3015
2739	12 39 26.895	-26 44 46.80	0.42	3.82	3.06	2.64	19.1422	18.3149	17.8652	17.1446
2745	12 39 25.114	-26 44 46.71	0.49	4.48	4.54	4.06	19.8024	19.7973	19.2787	18.5644
2747	12 39 28.565	-26 44 46.40	0.22	4.44	4.55	4.33	19.7680	19.8160	19.5564	18.0127
2753	12 39 28.930	-26 44 46.10	0.04	3.83	2.98	2.95	19.1570	18.2597	18.1744	17.6481
2754	12 39 28.045	-26 44 46.08	0.35	84.68	3.03	2.68	99.9999	18.2931	17.9078	17.0622
2759	12 39 27.602	-26 44 46.07	0.33	84.68	3.36	3.03	99.9999	18.6189	18.2563	17.6011
2760	12 39 30.611	-26 44 45.82	0.44	5.27	4.55	4.11	20.5907	19.8003	19.3296	99.9999
2766	12 39 31.962	-26 44 45.59	0.38	4.23	3.65	3.26	19.5531	18.9052	18.4852	17.9480
2770	12 39 31.370	-26 44 45.58	0.36	4.48	3.94	3.58	19.8059	19.2033	18.8045	18.2918
2771	12 39 27.154	-26 44 45.86	0.28	3.78	2.99	2.71	19.1082	18.2554	17.9343	17.5469
2780	12 39 32.401	-26 44 45.15	0.44	4.48	4.05	3.60	19.8063	19.3010	18.8259	18.3011
2792	12 39 27.562	-26 44 45.13	0.47	2.98	2.48	2.02	18.3011	17.7384	17.2401	16.4881
2794	12 39 29.253	-26 44 44.98	83.26	5.41	88.94	5.69	20.4049	99.9999	19.5366	18.9909
2795	12 39 26.828	-26 44 45.15	0.41	5.06	4.32	3.91	20.3829	19.5758	19.1363	18.8388
2797	12 38 51.902	-26 44 47.33	0.79	4.88	3.67	2.88	20.2013	18.9097	18.0973	17.1466
2802	12 39 25.969	-26 44 45.01	0.31	3.60	2.87	2.55	18.9263	18.1271	17.7754	17.0600
2808	12 39 25.718	-26 44 44.95	0.59	4.55	4.27	3.68	19.8705	19.5197	18.8983	18.2835
2816	12 39 30.228	-26 44 44.43	0.40	3.94	3.39	3.00	19.2671	18.6517	18.2182	17.6333
2827	12 39 24.281	-26 44 44.48	0.39	5.41	4.48	4.09	20.7320	19.7419	19.3170	18.7714
2828	12 39 31.958	-26 44 43.91	-0.13	5.11	4.14	4.27	20.4332	19.4265	19.5016	99.9999
2830	12 39 27.327	-26 44 44.23	0.39	4.24	3.85	3.46	19.5622	19.1066	18.6863	18.2584
2832	12 39 29.298	-26 44 44.04	0.13	4.50	3.61	3.48	19.8243	18.8809	18.7115	18.2356
2841	12 39 28.072	-26 44 43.78	0.63	3.47	2.94	2.31	18.7915	18.1901	17.5322	16.9311
2843	12 39 28.946	-26 44 43.69	0.38	4.39	3.79	3.40	19.7094	19.0432	18.6234	17.9425
2858	12 39 23.924	-26 44 43.76	0.51	4.52	3.99	3.48	19.8475	19.2442	18.7035	18.1336
2860	12 39 27.791	-26 44 43.47	0.33	3.56	2.94	2.61	18.8843	18.2030	17.8337	17.2009
2861	12 39 26.561	-26 44 43.49	0.42	5.03	4.31	3.89	20.3503	19.5688	19.1154	18.4717
2863	12 39 26.043	-26 44 43.46	0.38	4.33	3.50	3.12	19.6566	18.7612	18.3467	17.8013
2866	12 39 31.282	-26 44 42.97	0.22	3.65	3.01	2.80	18.9773	18.2783	18.0220	17.4580
2867	12 39 27.609	-26 44 43.19	0.32	3.65	2.87	2.56	18.9759	18.1322	17.7791	17.3439
2870	12 39 32.717	-26 44 42.74	0.31	4.03	3.53	3.22	19.3533	18.7883	18.4435	17.9720
2874	12 39 29.135	-26 44 42.85	-0.19	84.67	3.72	3.91	99.9999	19.0103	19.1437	17.9943
2876	12 39 29.502	-26 44 42.73	0.37	4.12	3.56	3.19	19.4411	18.8193	18.4104	17.8051
2878	12 39 26.695	-26 44 42.84	0.31	4.41	3.83	3.52	19.7339	19.0883	18.7452	18.1634
2882	12 39 25.412	-26 44 42.75	0.60	4.89	4.42	3.82	20.2150	19.6625	19.0359	18.5548
2885	12 39 27.616	-26 44 42.56	0.50	3.10	2.81	2.31	18.4192	18.0626	17.5282	17.0807
2888	12 39 20.551	-26 44 43.01	0.33	4.10	3.44	3.11	19.4288	18.7050	18.3334	17.7708
2896	12 39 27.644	-26 44 42.13	0.19	3.70	2.83	2.64	19.0234	18.0995	17.8707	17.1565
2904	12 39 29.519	-26 44 41.62	-0.31	3.74	3.25	3.56	19.0623	18.5391	18.7896	99.9999
2906	12 39 27.670	-26 44 41.66	0.52	4.44	3.77	3.25	19.7630	19.0224	18.4728	17.8417
2913	12 39 27.458	-26 44 41.47	0.83	3.89	3.46	2.63	19.2089	18.6992	17.8451	17.2720
2914	12 39 29.433	-26 44 41.32	0.22	3.77	3.51	3.30	19.0978	18.7797	18.5209	17.8517
2916	12 39 29.537	-26 44 41.27	0.56	4.38	3.82	3.26	19.7050	19.0673	18.4748	17.8411
2921	12 39 29.868	-26 44 41.04	0.47	4.38	3.94	3.47	19.7078	19.1937	18.6884	18.0685
2926	12 39 23.357	-26 44 41.33	0.46	5.26	4.73	4.27	20.5816	19.9847	19.4910	18.7386
2927	12 39 29.203	-26 44 40.91	0.33	4.19	3.75	3.42	19.5129	19.0084	18.6435	18.0481
2929	12 39 25.796	-26 44 41.07	0.23	4.71	4.15	3.92	20.0339	19.4203	19.1491	18.4373
2932	12 39 28.459	-26 44 40.79	0.40	3.97	3.44	3.05	19.2909	18.7010	18.2679	17.7319
2936	12 39 29.398	-26 44 40.58	0.23	3.19	2.60	2.38	18.5138	17.8691	17.6006	17.0213
2941	12 39 28.304	-26 44 40.48	0.50	3.75	3.17	2.67	19.0692	18.4223	17.8890	17.2334
2943	12 39 29.389	-26 44 40.37	0.14	3.80	2.86	2.72	19.1265	18.1284	17.9426	17.0488
2947	12 39 26.979	-26 44 40.40	0.05	3.03	2.37	2.32	18.3511	17.6412	17.5454	17.5914
2949	12 39 28.894	-26 44 40.25	0.35	2.97	2.37	2.02	18.2918	17.6342	17.2466	17.0009
2951	12 39 28.870	-26 44 40.18	0.33	3.25	2.68	2.36	18.5741	17.9449	17.5807	16.7781
2952	12 39 27.141	-26 44 40.25	0.30	4.15	3.46	3.16	19.4733	18.7197	18.3804	17.8167
2954	12 39 28.665	-26 44 40.13	0.44	3.60	2.98	2.55	18.9256	18.2400	17.7684	17.1259
2968	12 39 25.456	-26 44 39.92	0.52	5.06	4.74	4.22	20.3853	19.9954	19.4432	18.7658
2970	12 39 30.026	-26 44 39.50	0.55	4.35	3.86	3.31	19.6777	19.1062	18.5297	18.0424
2971	12 39 31.150	-26 44 39.42	0.34	5.48	4.94	4.60	20.8053	20.1991	19.8249	19.3710
2974	12 39 28.382	-26 44 39.57	0.54	4.12	3.54	2.99	19.4472	18.7849	18.2118	17.6092
2980	12 39 28.356	-26 44 39.36	0.32	3.94	3.24	2.92	19.2613	18.5002	18.1473	99.9999
2981	12 39 28.997	-26 44 39.27	0.43	4.55	3.96	3.54	19.8768	19.2200	18.7585	18.2077
2986	12 39 26.498	-26 44 39.38	83.15	85.00	88.94	5.79	99.9999	99.9999	19.6425	19.2335
2994	12 39 25.499	-26 44 39.07	0.50	4.27	4.04	3.54	19.5920	19.2965	18.7643	18.0571
2996	12 39 25.144	-26 44 39.08	0.63	3.41	2.49	1.86	18.7362	17.7325	17.0801	16.4586
3005	12 39 28.208	-26 44 38.75	0.44	84.68	4.16	3.72	99.9999	19.4137	18.9417	18.2769
3006	12 39 27.909	-26 44 38.69	0.44	4.46	3.78	3.34	19.7800	19.0360	18.5615	17.9527
3007	12 39 25.514	-26 44 38.84	0.31	4.68	3.99	3.67	20.0078	19.2493	18.8985	18.2567
3010	12 39 27.015	-26 44 38.59	0.56	4.83	3.86	3.30	20.1544	19.1111	18.5173	18.0119
3011	12 39 29.883	-26 44 38.36	0.33	3.96	2.97	2.64	19.2803	18.2300	17.8594	17.4682
3015	12 39 29.161	-26 44 38.31	0.10	84.67	3.75	3.65	99.9999	19.0184	18.8743	18.0295
3018	12 39 29.674	-26 44 38.21	0.39	3.65	3.10	2.71	18.9700	18.3586	17.9370	17.2711
3019	12 39 26.451	-26 44 38.43	0.19	4.11	3.61	3.42	19.4392	18.8791	18.6444	18.1659
3031	12 39 29.904	-26 44 37.83	0.15	3.57	2.57	2.42	18.8967	17.8420	17.6480	16.9507
3033	12 39 25.775	-26 44 38.03	0.37	4.48	4.02	3.64	19.8010	19.2744	18.8652	18.2821
3038	12 39 29.421	-26 44 37.59	83.48	5.13	88.96	5.48	20.1299	99.9999	19.3243	17.9826
3039	12 39 24.708	-26 44 37.85	0.37	6.00	5.28	4.91	21.3198	20.5376	20.1337	19.2922
3040	12 39 33.742	-26 44 37.19	0.37	4.67	4.19	3.83	19.9931	19.4504	19.0487	18.5096
3042	12 39 29.935	-26 44 37.37	0.48	4.12	3.40	2.91	19.4405	18.6484	18.1318	17.4877
3045	12 39 32.500	-26 44 37.06	0.38	4.50	3.80	3.42	19.8229	19.0572	18.6397	18.0176
3046	12 39 28.344	-26 44 37.37	0.42	3.12	2.60	2.18	18.4441	17.8536	17.4003	16.7611
3063	12 39 27.886	-26 44 36.96	83.49	5.21	88.96	5.46	20.2028	99.9999	19.3097	18.4399
3068	12 39 27.599	-26 44 36.87	0.45	4.04	3.51	3.06	19.3650	18.7630	18.2782	17.6893
3072	12 39 27.794	-26 44 36.64	0.38	4.21	3.72	3.34	19.5297	18.9769	18.5618	17.9709
3074	12 39 32.955	-26 44 36.23	0.46	4.78	4.42	3.96	20.1038	19.6768	19.1845	18.4431
3076	12 39 27.827	-26 44 36.48	0.23	4.12	3.29	3.06	19.4408	18.5585	18.2898	99.9999
3077	12 39 26.522	-26 44 36.57	0.49	4.41	4.04	3.55	19.7288	19.2962	18.7745	99.9999
3082	12 39 26.148	-26 44 36.35	0.68	5.07	4.58	3.90	20.3884	19.8253	19.1207	18.9605
3087	12 39 27.872	-26 44 36.08	0.09	84.67	3.47	3.38	99.9999	18.7440	18.6066	17.7044
3089	12 39 23.675	-26 44 36.32	0.53	5.00	4.58	4.05	20.3248	19.8296	19.2674	18.7496
3092	12 39 27.352	-26 44 35.90	0.31	4.17	3.45	3.14	19.4918	18.7147	18.3656	17.8625
3096	12 39 27.925	-26 44 35.69	0.49	4.26	3.95	3.46	19.5862	19.2067	18.6813	18.1342
3099	12 39 25.950	-26 44 35.76	0.48	4.16	3.56	3.08	19.4817	18.8088	18.3008	18.3476
3105	12 39 24.257	-26 44 35.79	0.38	4.95	4.58	4.20	20.2724	19.8355	19.4217	19.0037
3113	12 39 25.702	-26 44 35.48	0.53	4.72	4.32	3.79	20.0481	19.5676	19.0083	18.3947
3118	12 39 29.024	-26 44 35.15	0.46	3.90	3.46	3.00	19.2237	18.7176	18.2258	17.6415
3120	12 39 29.380	-26 44 35.11	0.81	4.20	3.93	3.12	19.5249	19.1667	18.3320	18.2035
3125	12 39 25.929	-26 44 35.16	83.86	4.81	88.97	5.11	19.8016	99.9999	18.9517	18.0728
3128	12 39 23.344	-26 44 35.32	0.83	5.05	4.00	3.17	20.3690	19.2385	18.3848	17.3235
3129	12 39 29.003	-26 44 34.84	0.23	4.34	3.54	3.31	19.6642	18.8061	18.5338	17.8129
3131	12 39 31.991	-26 44 34.61	0.80	5.30	5.10	4.30	20.6242	20.3343	19.5154	18.5908
3132	12 39 27.200	-26 44 34.86	0.47	5.40	4.53	4.06	20.7268	19.7828	19.2819	18.3647
3149	12 39 24.798	-26 44 34.36	0.27	4.38	3.78	3.50	19.7008	19.0388	18.7294	18.1091
3151	12 39 29.154	-26 44 33.91	0.42	3.95	3.44	3.02	19.2700	18.6990	18.2456	17.5893
3152	12 39 29.352	-26 44 33.87	0.36	4.46	4.08	3.71	19.7826	19.3346	18.9377	18.2744
3153	12 39 27.481	-26 44 33.99	0.45	4.42	3.86	3.41	19.7447	19.1139	18.6266	18.1145
3163	12 39 27.737	-26 44 33.75	0.34	3.94	3.40	3.06	19.2677	18.6636	18.2877	17.6352
3164	12 39 26.963	-26 44 33.78	1.01	3.98	3.25	2.24	19.3064	18.4808	17.4568	16.7210
3169	12 40 05.034	-26 44 30.44	83.32	85.00	88.95	5.63	99.9999	99.9999	19.4815	17.1996
3170	12 39 18.226	-26 44 34.09	0.45	4.83	4.33	3.88	20.1507	19.5831	19.1026	18.4605
3172	12 39 26.959	-26 44 33.47	85.50	3.00	89.06	3.56	17.9859	99.9999	17.3757	15.8023
3174	12 39 27.782	-26 44 33.29	83.81	85.00	88.97	5.16	99.9999	99.9999	19.0007	18.5746
3179	12 39 28.758	-26 44 33.07	0.44	4.02	3.55	3.10	19.3474	18.8008	18.3239	17.6381
3185	12 39 26.645	-26 44 32.98	-0.30	4.24	3.59	3.90	19.5675	18.8866	19.1322	18.3989
3188	12 39 27.062	-26 44 32.84	0.50	3.82	3.45	2.96	19.1449	18.7042	18.1774	17.4484
3192	12 39 25.411	-26 44 32.83	0.70	5.18	4.66	3.96	20.5047	19.8972	19.1737	18.7124
3194	12 39 26.641	-26 44 32.61	0.37	3.99	3.45	3.08	19.3127	18.7104	18.3017	17.7626
3199	12 39 28.418	-26 44 32.24	0.17	4.07	3.71	3.53	19.3969	18.9761	18.7593	17.7338
3200	12 39 27.263	-26 44 32.29	0.24	4.20	3.08	2.84	19.5252	18.3484	18.0638	17.5466
3206	12 39 24.642	-26 44 32.29	0.64	4.06	3.63	2.99	19.3879	18.8766	18.2083	17.8252
3209	12 39 28.728	-26 44 31.93	-0.06	4.82	3.99	4.04	20.1493	19.2664	19.2721	18.3677
3213	12 39 24.632	-26 44 32.07	0.39	84.68	3.28	2.89	99.9999	18.5384	18.1119	99.9999
3216	12 39 26.013	-26 44 31.87	0.52	4.02	3.62	3.10	19.3485	18.8702	18.3205	17.9981
3220	12 39 27.317	-26 44 31.62	0.46	4.26	3.83	3.37	19.5820	19.0842	18.5958	17.8682
3223	12 39 24.598	-26 44 31.65	-0.14	4.60	3.98	4.12	19.9217	19.2658	19.3557	18.7128
3225	12 39 55.293	-26 44 29.24	82.96	85.00	88.93	5.97	99.9999	99.9999	19.8234	18.2752
3235	12 39 29.825	-26 44 30.87	0.43	4.76	4.21	3.77	20.0798	19.4610	18.9967	18.4598
3240	12 39 27.995	-26 44 30.94	0.30	4.23	3.84	3.54	19.5506	19.0990	18.7626	18.0223
3242	12 39 26.889	-26 44 30.97	0.42	3.94	3.49	3.07	19.2668	18.7501	18.2938	18.0187
3245	12 39 33.116	-26 44 30.49	0.40	4.53	4.06	3.66	19.8559	19.3151	18.8813	18.2535
3246	12 39 27.012	-26 44 30.92	0.29	3.90	3.32	3.03	19.2196	18.5819	18.2569	17.7207
3248	12 39 29.286	-26 44 30.73	0.04	3.96	3.44	3.40	19.2896	18.7107	18.6283	18.0828
3251	12 39 27.123	-26 44 30.81	0.21	4.18	3.54	3.33	19.5052	18.8114	18.5603	17.8171
3252	12 39 28.732	-26 44 30.62	0.33	3.68	3.05	2.72	19.0059	18.3149	17.9459	17.3082
3253	12 39 25.995	-26 44 30.63	0.40	5.06	4.58	4.18	20.3865	19.8340	19.4013	18.8679
3266	12 39 29.193	-26 44 30.07	0.33	4.29	3.74	3.41	19.6120	19.0047	18.6381	18.0045
3267	12 39 30.482	-26 44 29.96	0.43	4.79	4.24	3.82	20.1137	19.4971	19.0372	18.5059
3269	12 39 27.244	-26 44 30.19	0.55	4.33	3.95	3.40	19.6500	19.1972	18.6221	17.9200
3270	12 39 19.291	-26 44 30.70	0.41	5.24	4.66	4.25	20.5682	19.9171	19.4697	18.8115
3277	12 39 31.148	-26 44 29.64	0.50	4.47	3.87	3.36	19.7980	19.1189	18.5830	99.9999
3278	12 39 30.021	-26 44 29.72	0.33	5.04	4.43	4.10	20.3626	19.6886	19.3238	18.8632
3280	12 39 31.118	-26 44 29.59	0.50	4.22	4.01	3.51	19.5414	19.2631	18.7285	18.1874
3287	12 39 28.994	-26 44 29.55	0.31	3.87	3.46	3.15	19.1952	18.7172	18.3690	17.6308
3288	12 39 30.997	-26 44 29.33	0.58	4.89	4.57	3.99	20.2087	19.8209	19.2101	18.5020
3289	12 39 28.201	-26 44 29.46	0.37	3.42	2.78	2.41	18.7482	18.0418	17.6328	17.2512
3290	12 39 27.867	-26 44 29.43	-0.43	84.67	2.92	3.35	99.9999	18.2152	18.5844	17.7374
3294	12 39 27.153	-26 44 29.36	0.14	4.12	3.41	3.26	19.4497	18.6765	18.4885	18.2933
3296	12 39 28.980	-26 44 29.17	0.42	4.48	4.00	3.58	19.8083	19.2563	18.7977	18.1668
3299	12 39 30.674	-26 44 29.01	0.27	4.98	3.99	3.72	20.3013	19.2533	18.9460	18.4228
3301	12 39 26.330	-26 44 29.18	-0.71	4.53	3.35	4.06	19.8611	18.6628	19.3006	99.9999
3302	12 39 28.593	-26 44 29.00	-0.08	4.84	4.21	4.29	20.1613	19.4923	19.5240	18.6524
3307	12 39 29.542	-26 44 28.66	0.31	4.52	3.92	3.62	19.8442	19.1864	18.8432	99.9999
3314	12 39 26.981	-26 44 28.61	0.39	4.30	3.92	3.53	19.6283	19.1760	18.7531	17.8374
3318	12 39 26.236	-26 44 28.53	0.36	4.86	4.60	4.24	20.1869	19.8630	19.4635	18.5334
3319	12 39 25.214	-26 44 28.52	0.49	4.77	4.26	3.77	20.0941	19.5102	18.9873	18.2809
3321	12 39 26.956	-26 44 28.35	0.07	3.88	3.24	3.17	19.2060	18.5145	18.4019	17.7582
3322	12 39 26.672	-26 44 28.36	0.25	4.13	3.16	2.91	19.4558	18.4253	18.1341	17.5842
3324	12 39 28.312	-26 44 28.18	0.42	3.93	3.40	2.97	19.2576	18.6532	18.1963	17.6278
3326	12 39 26.896	-26 44 28.21	0.29	4.21	3.54	3.25	19.5300	18.8014	18.4733	18.0489
3332	12 39 27.864	-26 44 28.03	0.74	4.38	4.08	3.34	19.7008	19.3190	18.5604	18.2297
3338	12 39 29.864	-26 44 27.71	0.59	3.22	2.58	1.98	18.5457	17.8252	17.2031	16.4680
3339	12 39 27.694	-26 44 27.85	0.43	3.76	3.11	2.68	19.0878	18.3645	17.9021	17.3462
3341	12 40 12.639	-26 44 24.12	0.80	-0.17	-1.39	-2.19	15.1484	13.8450	13.0211	12.1882
3343	12 39 27.381	-26 44 27.67	0.38	3.94	3.20	2.82	19.2613	18.4587	18.0411	17.6060
3355	12 39 28.586	-26 44 27.31	0.55	3.83	3.26	2.70	19.1526	18.5065	17.9246	17.1191
3356	12 39 26.629	-26 44 27.45	0.37	4.69	3.99	3.62	20.0182	19.2448	18.8404	18.3504
3357	12 39 27.353	-26 44 27.31	0.73	4.16	3.85	3.12	19.4785	19.0889	18.3360	17.7309
3358	12 39 29.586	-26 44 27.12	0.41	4.69	3.90	3.48	20.0114	19.1530	18.7060	18.2111
3359	12 39 25.171	-26 44 27.39	0.54	5.87	4.58	4.04	21.1907	19.8295	19.2631	19.1745
3362	12 39 27.489	-26 44 27.10	0.67	3.39	3.00	2.33	18.7092	18.2406	17.5433	16.7245
3366	12 39 26.486	-26 44 26.80	0.40	3.99	3.46	3.06	19.3125	18.7189	18.2863	17.7830
3368	12 39 25.386	-26 44 26.70	0.31	4.59	3.84	3.52	19.9120	19.0973	18.7462	18.1549
3373	12 39 25.373	-26 44 26.56	0.36	4.38	3.91	3.55	19.7024	19.1659	18.7710	18.0722
3374	12 39 28.591	-26 44 26.23	0.23	3.91	2.94	2.72	19.2321	18.2101	17.9415	17.6482
3376	12 39 29.066	-26 44 26.14	0.49	4.19	3.74	3.25	19.5099	18.9897	18.4683	17.7252
3380	12 39 25.310	-26 44 26.31	82.86	5.38	88.92	6.06	20.3779	99.9999	19.9203	18.9516
3382	12 39 29.490	-26 44 25.95	0.26	4.08	3.37	3.11	19.4047	18.6380	18.3362	17.4453
3392	12 39 30.127	-26 44 25.53	0.52	4.42	3.98	3.46	19.7413	19.2326	18.6774	18.0506
3405	12 39 29.494	-26 44 25.19	0.24	3.20	2.71	2.47	18.5208	17.9755	17.6981	16.9950
3409	12 39 26.888	-26 44 25.31	0.53	84.68	3.01	2.48	99.9999	18.2569	17.6997	17.1360
3410	12 39 28.559	-26 44 25.18	0.25	3.77	3.22	2.97	19.0992	18.4846	18.1959	17.5732
3411	12 39 31.048	-26 44 24.99	0.47	4.16	3.72	3.26	19.4874	18.9776	18.4767	17.9366
3420	12 39 30.641	-26 44 24.67	-0.16	4.92	3.88	4.04	20.2459	19.1685	19.2708	18.7779
3426	12 39 29.477	-26 44 24.58	0.63	3.67	3.25	2.62	18.9931	18.4978	17.8363	17.0944
3427	12 39 26.920	-26 44 24.76	0.44	3.92	3.01	2.57	19.2404	18.2629	17.7933	99.9999
3433	12 39 29.277	-26 44 24.46	0.64	4.28	3.73	3.09	19.6031	18.9776	18.3106	17.6683
3437	12 39 32.683	-26 44 24.15	0.19	5.01	4.52	4.32	20.3357	19.7829	19.5496	18.2306
3443	12 39 29.969	-26 44 24.19	0.68	4.91	4.52	3.84	20.2361	19.7596	19.0537	18.4266
3452	12 39 24.519	-26 44 24.38	0.28	4.30	3.70	3.42	19.6225	18.9614	18.6473	18.0985
3458	12 39 29.087	-26 44 23.93	0.47	4.50	3.69	3.22	19.8286	18.9417	18.4431	17.7602
3459	12 39 30.644	-26 44 23.74	0.39	4.01	3.41	3.02	19.3358	18.6708	18.2439	17.9416
3464	12 39 27.970	-26 44 23.68	0.37	4.03	3.49	3.11	19.3492	18.7462	18.3367	17.6578
3467	12 39 30.622	-26 44 23.45	0.25	3.55	2.86	2.60	18.8725	18.1213	17.8291	17.2006
3469	12 39 28.306	-26 44 23.50	0.23	4.58	3.90	3.67	19.9066	19.1619	18.8930	18.2116
3470	12 39 28.465	-26 44 23.46	83.59	5.10	88.96	5.37	20.0987	99.9999	19.2137	18.6951
3474	12 39 30.464	-26 44 23.09	0.29	4.21	3.61	3.32	19.5362	18.8763	18.5432	18.0713
3476	12 39 26.490	-26 44 23.32	0.40	4.87	4.30	3.90	20.1963	19.5563	19.1216	18.4913
3479	12 39 30.610	-26 44 22.95	-0.06	3.97	3.34	3.40	19.2943	18.6159	18.6285	17.7768
3482	12 39 28.278	-26 44 23.06	0.90	84.68	4.72	3.81	99.9999	19.9478	19.0278	18.6997
3483	12 39 29.646	-26 44 22.95	0.50	4.89	4.70	4.21	20.2113	19.9568	19.4269	18.4580
3488	12 39 23.207	-26 44 23.26	0.51	4.66	4.17	3.67	19.9790	19.4264	18.8894	17.8274
3490	12 39 25.229	-26 44 23.00	0.52	4.62	4.22	3.70	19.9403	19.4685	18.9187	18.3542
3491	12 39 27.841	-26 44 22.80	-0.42	3.91	2.82	3.24	19.2383	18.1155	18.4775	17.2103
3493	12 39 28.418	-26 44 22.69	0.72	3.36	3.01	2.29	18.6839	18.2488	17.5037	16.7491
3497	12 39 23.012	-26 44 22.96	0.39	4.90	3.96	3.58	20.2236	19.2222	18.8018	18.0403
3498	12 39 28.411	-26 44 22.51	0.19	3.12	2.44	2.26	18.4432	17.7123	17.4836	16.8250
3512	12 39 24.901	-26 44 22.42	0.76	5.15	4.90	4.14	20.4701	20.1390	19.3602	18.6787
3513	12 39 25.910	-26 44 22.33	0.20	4.14	2.93	2.72	19.4692	18.1926	17.9480	17.3996
3517	12 39 28.396	-26 44 21.99	0.36	4.22	3.21	2.85	19.5466	18.4720	18.0773	17.6652
3519	12 39 25.899	-26 44 21.92	0.38	3.27	2.61	2.24	18.5904	17.8702	17.4594	17.3050
3524	12 39 30.656	-26 44 21.45	0.31	4.69	4.12	3.81	20.0187	19.3848	19.0327	18.4900
3525	12 39 25.767	-26 44 21.80	0.30	3.83	3.14	2.85	19.1515	18.4069	18.0729	17.4273
3526	12 39 27.721	-26 44 21.58	0.37	84.68	4.39	4.03	99.9999	19.6527	19.2497	18.6095
3527	12 39 28.402	-26 44 21.52	83.98	5.22	88.98	5.00	20.2175	99.9999	18.8427	18.3647
3537	12 39 18.490	-26 44 21.90	0.95	2.41	1.11	0.16	17.7329	16.3380	15.3725	14.3010
3538	12 39 27.967	-26 44 21.19	0.28	4.26	3.70	3.42	19.5855	18.9655	18.6454	18.1674
3539	12 39 27.395	-26 44 21.16	0.50	4.40	4.12	3.63	19.7274	19.3749	18.8459	18.0725
3543	12 39 29.909	-26 44 20.77	83.28	5.39	88.95	5.67	20.3866	99.9999	19.5205	18.7826
3552	12 39 27.259	-26 44 20.80	0.43	4.98	4.20	3.77	20.3078	19.4527	18.9895	18.4356
3560	12 39 27.807	-26 44 20.50	0.35	4.38	3.99	3.64	19.7034	19.2473	18.8642	18.3130
3567	12 39 31.113	-26 44 20.14	0.44	4.57	4.05	3.60	19.8936	19.3021	18.8249	18.3623
3573	12 39 31.074	-26 44 19.99	0.55	84.68	3.86	3.31	99.9999	19.1115	18.5319	18.4604
3582	12 39 31.014	-26 44 19.74	0.30	4.69	4.11	3.81	20.0172	19.3684	19.0292	18.4558
3584	12 39 29.893	-26 44 19.68	0.28	4.41	3.85	3.57	19.7393	19.1135	18.7917	18.2623
3588	12 39 30.268	-26 44 19.39	0.50	4.31	3.82	3.33	19.6385	19.0734	18.5466	17.9763
3590	12 39 30.637	-26 44 19.35	0.39	4.36	3.76	3.37	19.6843	19.0193	18.5953	17.9774
3594	12 39 32.007	-26 44 18.93	0.15	4.80	4.08	3.92	20.1265	19.3477	19.1506	18.5112
3595	12 39 27.386	-26 44 19.17	0.44	3.63	3.27	2.83	18.9512	18.5250	18.0533	17.4795
3596	12 39 25.696	-26 44 19.26	0.03	5.09	4.15	4.13	20.4175	19.4308	19.3553	99.9999
3599	12 39 26.284	-26 44 19.08	0.35	4.44	3.71	3.36	19.7654	18.9680	18.5857	99.9999
3600	12 39 34.317	-26 44 18.40	0.42	5.24	4.66	4.24	20.5620	19.9170	19.4633	18.7585
3609	12 39 31.311	-26 44 18.35	0.39	4.51	3.95	3.55	19.8357	19.2050	18.7766	18.2760
3614	12 39 32.531	-26 44 18.13	0.35	4.17	3.70	3.35	19.4956	18.9645	18.5759	18.2365
3615	12 39 28.381	-26 44 18.42	0.32	4.42	3.83	3.51	19.7461	19.0911	18.7380	18.4621
3622	12 39 27.048	-26 44 18.33	0.50	4.43	3.97	3.46	19.7572	19.2190	18.6836	17.9399
3623	12 39 25.619	-26 44 18.42	0.47	4.72	4.41	3.94	20.0441	19.6644	19.1656	18.5333
3624	12 39 24.361	-26 44 18.48	0.18	4.53	3.75	3.57	19.8584	19.0187	18.7924	18.0776
3625	12 39 33.990	-26 44 17.66	82.95	5.67	88.93	5.98	20.6673	99.9999	19.8347	18.9646
3628	12 39 28.979	-26 44 17.96	0.37	4.19	3.75	3.38	19.5175	19.0103	18.6012	17.9048
3631	12 39 32.508	-26 44 17.49	0.51	3.61	3.31	2.80	18.9382	18.5610	18.0203	17.5308
3634	12 39 26.503	-26 44 17.76	0.34	4.15	3.71	3.37	19.4772	18.9658	18.5908	17.9643
3639	12 39 27.296	-26 44 17.60	0.58	3.85	3.54	2.96	19.1765	18.7913	18.1844	17.5487
3640	12 39 31.124	-26 44 17.31	0.66	5.04	4.98	4.32	20.3663	20.2205	19.5339	18.7807
3641	12 39 32.461	-26 44 17.12	0.29	4.44	3.95	3.65	19.7678	19.2112	18.8786	18.2863
3653	12 39 31.358	-26 44 16.80	0.45	4.48	3.98	3.52	19.7992	19.2303	18.7444	18.2407
3672	12 39 27.821	-26 44 16.45	0.15	84.67	3.36	3.21	99.9999	18.6286	18.4398	17.9445
3677	12 39 55.070	-26 44 14.07	0.66	2.04	1.28	0.62	17.3645	16.5222	15.8369	14.9864
3682	12 39 28.700	-26 44 15.95	0.49	3.80	3.58	3.10	19.1213	18.8373	18.3181	17.7080
3686	12 39 29.782	-26 44 15.68	0.27	5.38	4.51	4.23	20.7005	19.7692	19.4584	18.6655
3688	12 39 31.829	-26 44 15.48	0.44	4.39	3.93	3.49	19.7165	19.1814	18.7104	18.2145
3691	12 39 27.584	-26 44 15.73	0.36	4.42	3.88	3.52	19.7489	19.1405	18.7466	17.7806
3693	12 39 29.339	-26 44 15.57	83.17	5.93	88.94	5.77	20.9292	99.9999	19.6191	18.6554
3695	12 39 27.473	-26 44 15.68	0.25	4.02	3.50	3.25	19.3478	18.7621	18.4710	99.9999
3696	12 39 27.912	-26 44 15.60	0.44	4.19	3.70	3.26	19.5137	18.9598	18.4863	17.9584
3698	12 39 29.198	-26 44 15.49	0.29	4.45	4.05	3.76	19.7697	19.3117	18.9845	18.1513
3704	12 39 28.609	-26 44 15.35	0.49	4.25	3.63	3.15	19.5748	18.8872	18.3661	17.7607
3706	12 39 27.443	-26 44 15.38	0.32	3.58	3.24	2.91	18.9025	18.4971	18.1366	17.5671
3707	12 39 28.214	-26 44 15.27	0.23	3.98	3.17	2.93	19.3082	18.4314	18.1562	17.2717
3711	12 39 28.572	-26 44 15.10	0.03	3.72	2.90	2.88	19.0412	18.1795	18.1043	17.5830
3714	12 39 24.980	-26 44 15.23	0.50	3.84	3.40	2.91	19.1648	18.6565	18.1288	17.6803
3715	12 39 25.818	-26 44 15.16	0.48	4.13	3.67	3.20	19.4519	18.9266	18.4170	17.8458
3718	12 39 30.848	-26 44 14.74	0.56	5.19	4.79	4.22	20.5108	20.0357	19.4434	19.0386
3742	12 39 28.531	-26 44 14.10	0.47	4.79	4.06	3.58	20.1111	19.3094	18.8034	18.0866
3743	12 39 17.854	-26 44 14.81	0.63	2.93	2.06	1.43	18.2504	17.3091	16.6503	15.9129
3753	12 39 27.994	-26 44 13.72	0.69	4.74	4.58	3.89	20.0617	19.8264	19.1114	18.5981
3754	12 39 19.669	-26 44 14.29	0.61	4.28	3.74	3.13	19.6000	18.9860	18.3474	17.5718
3757	12 39 27.086	-26 44 13.68	0.01	5.28	4.45	4.44	20.6061	19.7284	19.6729	18.6888
3759	12 39 30.578	-26 44 13.37	0.42	4.67	4.11	3.69	19.9954	19.3639	18.9078	18.2541
3767	12 39 25.580	-26 44 13.54	0.50	4.98	4.52	4.02	20.3060	19.7717	19.2388	18.7240
3776	12 39 22.596	-26 44 13.22	0.31	4.90	4.26	3.95	20.2243	19.5228	19.1713	18.7191
3779	12 39 27.088	-26 44 12.82	0.21	5.12	4.24	4.03	20.4468	19.5054	19.2582	18.7515
3783	12 39 28.793	-26 44 12.52	0.22	3.75	3.22	3.01	19.0781	18.4885	18.2316	17.4134
3794	12 39 29.544	-26 44 12.07	0.34	3.95	3.44	3.10	19.2704	18.6975	18.3189	17.7060
3795	12 40 14.720	-26 44 08.32	0.72	3.46	2.48	1.77	18.7789	17.7233	16.9830	16.1842
3796	12 39 28.976	-26 44 12.07	0.38	4.52	3.92	3.54	19.8428	19.1783	18.7622	18.0496
3797	12 39 29.200	-26 44 12.04	0.47	5.10	4.57	4.10	20.4286	19.8252	19.3226	18.6637
3809	12 39 29.995	-26 44 11.42	0.41	3.26	2.72	2.31	18.5848	17.9779	17.5315	16.8497
3810	12 39 30.211	-26 44 11.38	0.34	4.98	4.38	4.04	20.3052	19.6430	19.2636	18.5433
3818	12 39 31.685	-26 44 11.13	0.51	5.04	3.98	3.48	20.3596	19.2334	18.6973	18.0985
3823	12 39 27.550	-26 44 11.29	0.45	4.09	3.58	3.13	19.4171	18.8381	18.3532	17.9096
3826	12 39 27.541	-26 44 11.22	0.42	4.40	3.58	3.16	19.7223	18.8353	18.3795	17.8725
3832	12 39 26.642	-26 44 11.18	0.50	5.59	5.10	4.60	20.9105	20.3522	19.8187	19.4482
3838	12 39 26.801	-26 44 10.96	0.38	84.68	4.01	3.63	99.9999	19.2661	18.8495	18.0920
3840	12 39 26.833	-26 44 10.83	0.28	4.97	4.03	3.74	20.2898	19.2896	18.9681	18.4097
3841	12 39 29.890	-26 44 10.56	0.53	4.27	3.86	3.33	19.5890	19.1096	18.5481	17.9774
3846	12 39 29.737	-26 44 10.34	0.40	4.69	4.12	3.72	20.0131	19.3764	18.9417	18.4602
3848	12 39 27.848	-26 44 10.43	0.66	84.68	5.15	4.50	99.9999	20.3989	19.7157	18.8201
3852	12 39 28.693	-26 44 10.29	0.69	4.63	4.24	3.56	19.9563	19.4865	18.7728	18.2707
3856	12 39 25.184	-26 44 10.20	0.05	4.30	3.57	3.52	19.6284	18.8427	18.7459	17.9010
3858	12 39 27.053	-26 44 09.92	0.41	4.43	3.93	3.52	19.7586	19.1867	18.7426	18.0641
3862	12 38 58.691	-26 44 11.57	1.02	3.57	1.91	0.89	18.8927	17.1398	16.1037	14.9568
3878	12 39 25.180	-26 44 09.30	-0.16	3.87	3.08	3.25	19.2008	18.3700	18.4800	17.1710
3884	12 39 25.782	-26 44 08.99	0.36	4.63	4.23	3.87	19.9587	19.4899	19.0924	18.6879
3893	12 38 45.974	-26 44 11.10	1.57	84.68	4.45	2.88	99.9999	19.6486	18.0821	16.2118
3896	12 39 25.421	-26 44 08.46	0.92	4.08	4.11	3.19	19.4034	19.3366	18.4018	17.9962
3898	12 39 26.888	-26 44 08.35	0.25	4.41	3.99	3.75	19.7348	19.2584	18.9723	18.0736
3904	12 39 30.881	-26 44 07.81	0.15	4.83	4.27	4.12	20.1583	19.5381	19.3458	18.5140
3905	12 39 25.389	-26 44 08.19	0.41	3.67	3.02	2.61	18.9929	18.2731	17.8323	17.1927
3908	12 39 27.441	-26 44 07.99	0.45	4.37	4.17	3.71	19.6927	19.4201	18.9348	18.3257
3909	12 39 24.606	-26 44 08.10	0.30	4.59	3.81	3.51	19.9111	19.0709	18.7301	99.9999
3911	12 39 29.640	-26 44 07.57	0.52	3.34	2.68	2.16	18.6664	17.9269	17.3806	16.6022
3916	12 39 24.634	-26 44 07.85	0.05	4.55	3.86	3.80	19.8795	19.1339	19.0326	18.5216
3933	12 39 32.537	-26 44 06.63	0.29	5.00	4.63	4.35	20.3210	19.8973	19.5705	18.9792
3939	12 39 26.453	-26 44 06.90	0.47	4.53	4.03	3.56	19.8524	19.2787	18.7785	18.2135
3945	12 39 32.269	-26 44 06.18	0.27	3.92	3.26	2.98	19.2472	18.5195	18.2088	17.8458
3946	12 39 27.052	-26 44 06.55	0.19	4.68	4.34	4.15	20.0085	19.6076	19.3726	99.9999
3948	12 39 22.195	-26 44 06.86	0.49	5.03	4.62	4.13	20.3585	19.8750	19.3493	18.7388
3977	12 39 30.777	-26 44 05.02	0.28	4.53	3.92	3.63	19.8579	19.1805	18.8575	18.3345
3987	12 39 30.427	-26 44 04.77	0.50	4.68	4.22	3.71	20.0006	19.4680	18.9354	18.5238
3990	12 39 27.661	-26 44 04.87	0.34	4.68	4.26	3.92	20.0054	19.5204	19.1433	18.5178
3995	12 40 08.492	-26 44 01.31	0.87	3.78	2.74	1.87	19.1016	17.9723	17.0876	16.1520
4000	12 39 24.897	-26 44 04.67	0.22	4.91	4.21	3.99	20.2333	19.4729	19.2129	18.6625
4004	12 39 26.852	-26 44 04.39	0.36	5.02	4.40	4.04	20.3471	19.6596	19.2678	18.4991
4011	12 39 27.459	-26 44 04.01	0.24	3.91	3.40	3.16	19.2326	18.6683	18.3896	17.9058
4022	12 39 29.955	-26 44 03.30	0.22	4.44	3.91	3.69	19.7627	19.1725	18.9126	18.1557
4032	12 40 11.930	-26 43 59.43	0.98	3.45	2.03	1.05	18.7723	17.2560	16.2583	15.2658
4041	12 39 28.383	-26 44 02.75	0.35	4.09	3.58	3.24	19.4097	18.8437	18.4600	17.8908
4046	12 39 29.133	-26 44 02.45	0.27	3.61	2.93	2.66	18.9386	18.1938	17.8865	17.2876
4050	12 39 29.135	-26 44 02.12	0.08	3.48	2.82	2.74	18.8007	18.0943	17.9727	99.9999
4051	12 39 31.614	-26 44 01.84	0.39	4.58	4.12	3.73	19.9064	19.3767	18.9501	18.8542
4052	12 39 33.429	-26 44 01.69	0.44	4.70	4.31	3.87	20.0286	19.5657	19.0945	18.5881
4054	12 39 26.413	-26 44 02.18	0.49	4.53	4.04	3.54	19.8499	19.2904	18.7654	18.1321
4059	12 39 28.722	-26 44 01.86	0.41	3.68	3.07	2.66	19.0065	18.3255	17.8855	17.2414
4063	12 39 26.019	-26 44 01.93	0.31	3.96	3.47	3.16	19.2843	18.7358	18.3854	17.7778
4065	12 39 29.113	-26 44 01.64	0.32	84.68	3.53	3.21	99.9999	18.7945	18.4325	17.8628
4078	12 39 28.965	-26 44 01.04	0.35	3.98	3.66	3.32	19.3064	18.9237	18.5398	17.8526
4079	12 39 25.647	-26 44 01.24	0.40	4.87	4.10	3.69	20.1982	19.3534	18.9162	18.2575
4087	12 39 26.666	-26 44 00.76	0.36	4.73	4.11	3.75	20.0502	19.3691	18.9700	18.3829
4088	12 39 28.660	-26 44 00.58	0.40	3.55	2.98	2.57	18.8716	18.2320	17.7928	17.1716
4097	12 39 30.476	-26 44 00.26	83.39	5.49	88.95	5.56	20.4842	99.9999	19.4081	18.3019
4102	12 39 30.964	-26 44 00.04	0.27	4.82	3.87	3.60	20.1409	19.1335	18.8261	18.3561
4106	12 39 31.298	-26 43 59.86	0.29	4.18	3.35	3.06	19.5009	18.6164	18.2851	17.6887
4108	12 39 31.002	-26 43 59.85	0.23	4.35	3.71	3.48	19.6697	18.9737	18.7044	18.0502
4110	12 39 31.044	-26 43 59.75	83.22	5.11	88.94	5.72	20.1066	99.9999	19.5754	18.7450
4118	12 39 31.372	-26 43 59.50	0.17	5.19	4.31	4.14	20.5105	19.5777	19.3688	18.7871
4119	12 39 25.854	-26 43 59.78	0.43	3.75	3.12	2.69	19.0744	18.3764	17.9164	17.2489
4124	12 39 33.679	-26 43 58.98	0.33	5.00	4.37	4.04	20.3288	19.6274	19.2597	18.6726
4125	12 38 54.397	-26 44 01.57	1.29	84.68	4.85	3.56	99.9999	20.0639	18.7707	17.1870
4129	12 39 27.498	-26 43 59.30	0.35	4.74	4.27	3.92	20.0637	19.5279	19.1416	18.5047
4135	12 38 45.925	-26 44 01.69	1.00	4.74	3.48	2.48	20.0647	18.7113	17.6947	16.1029
4144	12 39 31.292	-26 43 58.35	0.68	4.77	4.35	3.68	20.0950	19.5953	18.8930	18.4931
4175	12 39 25.734	-26 43 57.17	0.57	5.08	4.65	4.07	20.4067	19.8936	19.2917	19.0412
4177	12 39 28.551	-26 43 56.75	0.32	4.30	3.68	3.36	19.6251	18.9392	18.5837	17.8364
4178	12 39 27.395	-26 43 56.79	0.44	4.82	4.33	3.89	20.1444	19.5845	19.1094	18.4882
4187	12 39 25.028	-26 43 56.65	0.43	4.94	4.57	4.14	20.2642	19.8234	19.3574	99.9999
4193	12 39 31.545	-26 43 55.40	0.38	3.93	3.36	2.98	19.2543	18.6161	18.1997	17.5955
4220	12 39 26.503	-26 43 54.31	0.26	4.11	3.42	3.16	19.4369	18.6802	18.3819	17.7173
4223	12 39 26.529	-26 43 54.23	0.36	3.86	3.29	2.92	19.1827	18.5461	18.1455	17.3698
4242	12 39 30.053	-26 43 53.27	0.65	5.34	4.86	4.22	20.6676	20.1093	19.4338	18.7796
4259	12 39 23.570	-26 43 53.03	0.20	4.52	3.80	3.60	19.8434	19.0710	18.8271	18.1456
4264	12 39 26.989	-26 43 52.53	0.14	4.77	3.80	3.66	20.0911	19.0730	18.8903	18.3111
4275	12 39 29.181	-26 43 51.84	0.30	4.69	4.07	3.77	20.0136	19.3311	18.9903	18.2821
4276	12 39 31.552	-26 43 51.63	0.32	5.06	4.58	4.26	20.3892	19.8369	19.4807	18.7565
4278	12 39 27.453	-26 43 51.74	0.40	4.95	4.43	4.03	20.2719	19.6912	19.2563	18.6733
4288	12 39 28.549	-26 43 51.06	0.53	4.67	4.32	3.78	19.9960	19.5653	19.0004	18.3724
4291	12 39 27.367	-26 43 51.05	0.40	3.82	3.23	2.83	19.1417	18.4846	18.0511	17.5051
4296	12 39 23.669	-26 43 51.17	0.63	4.78	4.28	3.65	20.1014	19.5232	18.8699	18.6363
4298	12 39 23.469	-26 43 51.17	0.03	3.90	2.26	2.22	19.2207	17.5310	17.4503	17.4182
4309	12 39 25.891	-26 43 50.36	0.74	5.40	4.59	3.84	20.7237	19.8248	19.0598	18.5571
4318	12 39 29.630	-26 43 49.92	0.45	4.80	4.19	3.75	20.1283	19.4490	18.9692	18.3831
4319	12 39 02.233	-26 43 51.71	82.87	85.00	88.92	6.05	99.9999	99.9999	19.9074	17.4787
4340	12 39 29.439	-26 43 48.56	0.36	2.66	2.01	1.66	17.9844	17.2707	16.8790	16.2942
4346	12 39 29.886	-26 43 48.31	0.66	5.21	4.89	4.22	20.5288	20.1317	19.4429	18.1336
4347	12 39 26.249	-26 43 48.52	0.49	5.07	4.63	4.14	20.3966	19.8866	19.3644	18.8808
4348	12 39 29.776	-26 43 48.24	0.27	4.32	3.53	3.27	19.6453	18.7985	18.4917	17.6611
4360	12 39 23.436	-26 43 47.89	0.63	5.11	4.74	4.11	20.4287	19.9902	19.3305	18.7489
4371	12 39 30.549	-26 43 46.84	0.52	4.97	4.36	3.85	20.2934	19.6140	19.0668	18.7879
4379	12 39 31.460	-26 43 46.36	0.15	4.67	4.32	4.17	19.9934	19.5896	19.3943	18.8671
4380	12 39 32.549	-26 43 46.11	83.72	85.00	88.97	5.25	99.9999	99.9999	19.0914	16.3556
4413	12 39 25.863	-26 43 44.92	0.24	4.84	4.17	3.93	20.1675	19.4330	19.1567	18.5936
4420	12 39 30.539	-26 43 44.02	83.42	5.01	88.95	5.53	20.0129	99.9999	19.3805	18.5977
4428	12 39 31.065	-26 43 43.76	0.04	5.03	4.27	4.23	20.3531	19.5485	19.4575	18.6015
4439	12 39 30.965	-26 43 42.99	0.70	5.12	4.54	3.85	20.4406	19.7858	19.0632	18.7115
4441	12 39 25.466	-26 43 43.24	0.56	4.62	4.11	3.55	19.9449	19.3579	18.7686	18.1830
4448	12 39 25.467	-26 43 43.10	0.41	4.61	4.10	3.69	19.9330	19.3554	18.9112	99.9999
4451	12 39 30.000	-26 43 42.75	0.48	4.90	4.49	4.01	20.2259	19.7430	19.2309	18.4914
4452	12 39 28.152	-26 43 42.88	0.22	4.57	3.93	3.71	19.8897	19.1930	18.9368	18.3495
4458	12 39 21.856	-26 43 43.15	0.49	4.89	4.52	4.02	20.2094	19.7714	19.2451	18.7481
4471	12 39 27.677	-26 43 41.89	0.36	4.93	4.47	4.11	20.2509	19.7273	19.3309	18.7603
4478	12 39 28.616	-26 43 41.41	0.42	84.68	4.39	3.97	99.9999	19.6483	19.1946	18.5111
4491	12 39 36.423	-26 43 40.25	0.36	4.99	4.36	3.99	20.3113	19.6147	19.2168	18.3806
4507	12 39 30.550	-26 43 39.93	0.72	4.98	4.76	4.03	20.3006	19.9963	19.2514	18.5645
4509	12 39 26.513	-26 43 40.13	0.40	3.69	3.14	2.74	19.0119	18.3972	17.9593	17.3979
4511	12 39 27.936	-26 43 39.95	82.68	85.00	88.91	6.23	99.9999	99.9999	20.0953	19.3969
4523	12 39 17.522	-26 43 40.11	0.49	4.32	3.78	3.29	19.6393	19.0342	18.5088	17.8269
4525	12 39 30.078	-26 43 39.14	0.45	5.20	4.61	4.15	20.5252	19.8612	19.3735	99.9999
4528	12 39 34.131	-26 43 38.57	0.38	4.28	3.75	3.37	19.6002	19.0084	18.5931	17.9896
4529	12 39 27.104	-26 43 39.05	0.38	4.74	4.19	3.81	20.0610	19.4470	19.0345	18.4755
4531	12 39 25.926	-26 43 38.96	0.42	4.79	4.26	3.83	20.1147	19.5111	19.0528	18.4536
4539	12 39 30.113	-26 43 38.30	-0.01	4.51	4.20	4.20	19.8336	19.4759	19.4337	99.9999
4571	12 39 27.548	-26 43 35.76	0.38	4.67	4.20	3.82	19.9946	19.4601	19.0405	18.4745
4576	12 39 27.541	-26 43 35.29	0.42	4.23	3.79	3.38	19.5559	19.0491	18.5998	99.9999
4611	12 38 54.633	-26 43 34.59	0.66	3.45	2.59	1.93	18.7736	17.8301	17.1432	16.3385
4633	12 39 22.504	-26 43 31.52	0.30	5.11	4.63	4.33	20.4343	19.8897	19.5549	18.8998
4636	12 39 43.354	-26 43 29.82	1.28	4.93	2.90	1.62	20.2499	18.1084	16.8271	15.2871
4655	12 39 27.848	-26 43 29.80	0.62	4.32	3.84	3.22	19.6479	19.0813	18.4358	18.2235
4676	12 39 24.205	-26 43 28.62	0.49	4.79	4.28	3.80	20.1176	19.5360	19.0189	18.3180
4682	12 39 26.012	-26 43 28.21	0.40	4.75	4.22	3.82	20.0715	19.4729	19.0376	18.4722
4692	12 39 28.192	-26 43 27.16	0.59	4.76	4.33	3.74	20.0860	19.5796	18.9586	18.4034
4723	12 39 23.949	-26 43 24.48	-1.62	5.02	2.80	4.43	20.3479	18.1610	19.6814	18.6963
4790	12 39 27.657	-26 43 19.09	0.30	4.83	4.32	4.01	20.1566	19.5815	19.2389	18.6647
4812	12 39 29.101	-26 43 17.32	0.34	4.66	4.10	3.75	19.9821	19.3552	18.9777	18.4717
4841	12 39 29.963	-26 43 13.90	0.14	4.85	3.93	3.79	20.1745	19.1994	19.0143	18.4114
4848	12 39 29.928	-26 43 13.55	0.36	4.18	3.41	3.05	19.5083	18.6654	18.2731	17.7686
4854	12 39 31.942	-26 43 13.08	0.28	4.76	4.16	3.87	20.0853	19.4194	19.0989	18.5324
4872	12 39 22.768	-26 43 11.76	83.27	5.71	88.95	5.67	20.7042	99.9999	19.5213	18.7480
4894	12 39 27.286	-26 43 09.91	0.20	4.18	3.56	3.36	19.5072	18.8264	18.5821	17.9797
4903	12 38 42.950	-26 43 11.79	0.78	4.96	3.90	3.12	20.2844	19.1377	18.3321	17.4039
4922	12 38 58.494	-26 43 09.56	0.53	2.55	1.82	1.28	17.8757	17.0668	16.5036	15.8122
4927	12 38 34.767	-26 43 10.09	0.72	4.18	3.15	2.42	19.5018	18.3897	17.6421	16.7385
4934	12 39 43.645	-26 43 05.04	0.71	2.86	1.90	1.19	18.1873	17.1437	16.4066	15.5551
4935	12 40 00.242	-26 43 03.67	0.77	5.20	4.68	3.92	20.5269	19.9218	19.1332	18.0851
4968	12 39 40.100	-26 43 02.59	0.28	0.28	-0.60	-0.88	15.6082	14.6627	14.3434	13.9349
4978	12 39 26.614	-26 43 02.02	0.53	4.88	4.48	3.95	20.2052	19.7302	19.1710	18.5763
5008	12 39 29.264	-26 42 56.55	0.30	5.19	4.52	4.21	20.5175	19.7778	19.4363	18.7608
5041	12 40 08.613	-26 42 48.19	0.63	0.06	-0.74	-1.37	15.3843	14.5065	13.8495	13.1375
5090	12 39 32.397	-26 42 44.91	0.30	4.40	3.86	3.56	19.7195	19.1231	18.7803	18.2215
5116	12 39 58.749	-26 42 38.84	0.76	1.29	0.28	-0.47	16.6162	15.5218	14.7426	13.8963
5135	12 39 56.990	-26 42 34.24	0.57	0.21	-0.63	-1.19	15.5324	14.6198	14.0256	13.3714
5147	12 39 42.034	-26 42 33.67	0.97	1.60	0.24	-0.73	16.9188	15.4657	14.4803	13.4753
5169	12 40 20.654	-26 42 26.35	0.87	4.86	3.72	2.85	20.1843	18.9557	18.0675	17.1070
5185	12 39 28.319	-26 42 26.62	0.37	5.21	4.47	4.10	20.5379	19.7333	19.3269	18.7567
5196	12 40 06.399	-26 42 21.41	1.30	4.94	2.81	1.51	20.2601	18.0182	16.7156	15.3475
5208	12 39 24.686	-26 42 19.75	0.49	5.02	4.55	4.06	20.3391	19.8013	19.2805	18.6634
5216	12 39 17.944	-26 42 18.69	83.51	85.00	88.96	5.45	99.9999	99.9999	19.2973	18.2331
5239	12 40 05.575	-26 42 09.56	1.34	5.37	3.73	2.39	20.6894	18.9361	17.5944	16.2628
5256	12 39 35.462	-26 42 06.16	0.63	3.30	2.58	1.94	18.6238	17.8216	17.1609	16.4077
5259	12 39 18.753	-26 42 06.04	0.51	1.49	0.77	0.25	16.8127	16.0172	15.4720	14.8312
5297	12 39 30.783	-26 41 55.13	0.43	4.40	3.87	3.44	19.7273	19.1273	18.6662	18.1001
5301	12 39 44.804	-26 41 53.28	1.32	84.68	4.44	3.12	99.9999	19.6473	18.3279	16.7283
5311	12 39 34.290	-26 41 50.10	83.19	85.00	88.94	5.75	99.9999	99.9999	19.6031	17.8687
5318	12 39 26.811	-26 41 47.41	0.87	0.55	-0.69	-1.55	15.8743	14.5453	13.6599	12.7124
5325	12 38 46.795	-26 41 48.01	0.68	3.37	2.50	1.81	18.6961	17.7408	17.0326	16.2296
5336	12 39 25.509	-26 41 39.75	0.48	5.12	4.45	3.97	20.4464	19.6987	19.1898	18.5055
5358	12 39 32.967	-26 41 32.24	1.02	84.68	4.02	3.00	99.9999	19.2426	18.2128	16.9208
5370	12 40 06.401	-26 41 23.88	0.63	3.10	2.43	1.80	18.4222	17.6796	17.0234	16.3085
5384	12 39 54.500	-26 41 17.85	0.71	2.77	1.82	1.11	18.0910	17.0601	16.3246	15.5449
5387	12 38 57.387	-26 41 19.66	83.02	85.00	88.93	5.91	99.9999	99.9999	19.7673	18.4023
5398	12 39 06.358	-26 41 15.22	0.64	0.22	-0.84	-1.48	15.5390	14.4078	13.7432	13.0154
5401	12 39 09.902	-26 41 13.45	0.74	3.57	2.58	1.83	18.8963	17.8152	17.0488	16.2066
5411	12 39 00.490	-26 41 10.43	0.63	3.70	2.85	2.22	19.0213	18.0980	17.4402	16.6767
5416	12 39 10.398	-26 41 08.68	83.06	85.00	88.93	5.87	99.9999	99.9999	19.7241	17.2900
5433	12 39 00.419	-26 41 02.78	0.97	3.87	2.36	1.39	19.1938	17.5907	16.6012	15.5251
5443	12 39 33.592	-26 40 58.57	0.75	4.90	4.06	3.32	20.2188	19.3040	18.5349	17.7157
5453	12 39 39.874	-26 40 54.52	0.78	0.60	-0.47	-1.25	15.9253	14.7649	13.9647	13.1413
5483	12 39 27.542	-26 40 42.82	83.05	85.00	88.93	5.88	99.9999	99.9999	19.7364	16.6313
5485	12 38 48.195	-26 40 44.99	0.70	2.10	0.97	0.27	17.4270	16.2112	15.4840	14.7425
5491	12 39 52.787	-26 40 37.76	0.63	4.65	3.94	3.31	19.9756	19.1823	18.5274	17.6278
5495	12 39 16.749	-26 40 39.19	0.96	5.40	4.05	3.09	20.7254	19.2756	18.3029	17.1124
5499	12 38 40.316	-26 40 38.97	0.95	-0.91	-2.32	-3.28	14.4080	12.9076	11.9383	10.9382
5501	12 39 02.466	-26 40 37.52	83.46	85.00	88.95	5.49	99.9999	99.9999	19.3420	17.5029
5519	12 39 22.253	-26 40 27.09	0.36	1.85	1.24	0.88	17.1722	16.4969	16.1007	15.4778
5523	12 39 38.818	-26 40 23.97	0.78	4.30	3.49	2.71	19.6195	18.7239	17.9220	16.9922
5524	12 39 58.789	-26 40 21.63	0.86	-0.40	-1.67	-2.53	14.9262	13.5593	12.6802	11.7297
5526	12 39 26.075	-26 40 23.56	0.39	2.71	2.09	1.69	18.0300	17.3431	16.9153	16.3300
5535	12 38 59.048	-26 40 22.09	0.77	2.04	0.97	0.20	17.3667	16.2045	15.4162	14.5147
5555	12 38 43.026	-26 40 07.75	0.87	2.29	0.95	0.09	17.6126	16.1874	15.3025	14.4230
5558	12 38 55.512	-26 40 06.10	0.68	3.50	2.49	1.81	18.8275	17.7311	17.0250	16.2562
5568	12 40 05.506	-26 39 51.07	1.01	-0.59	-2.15	-3.17	14.7299	13.0734	12.0456	10.9682
5574	12 39 55.407	-26 39 48.95	82.97	6.45	88.93	5.96	21.4542	99.9999	19.8182	19.0534
5578	12 39 01.604	-26 39 50.07	1.06	84.68	5.11	4.04	99.9999	20.3288	19.2530	17.7552
5579	12 39 03.572	-26 39 49.59	0.79	5.17	4.78	3.99	20.4939	20.0166	19.2071	18.6245
5590	12 40 06.133	-26 39 41.08	0.40	3.81	3.09	2.69	19.1363	18.3455	17.9096	17.1150
5596	12 39 34.867	-26 39 38.00	84.32	85.01	89.00	4.68	99.9999	99.9999	18.5157	16.5782
5601	12 40 17.839	-26 39 29.16	0.55	3.39	2.74	2.18	18.7135	17.9845	17.4008	16.7445
5627	12 39 21.692	-26 39 11.78	83.23	85.00	88.94	5.72	99.9999	99.9999	19.5689	17.6693
5628	12 39 50.865	-26 39 08.16	83.14	85.00	88.94	5.80	99.9999	99.9999	19.6536	17.0264
5629	12 38 59.587	-26 39 11.09	0.99	6.14	5.00	4.01	21.4605	20.2314	19.2270	18.3798
5636	12 39 40.929	-26 39 03.65	0.69	3.22	2.39	1.70	18.5381	17.6342	16.9178	16.1193
5637	12 38 37.888	-26 39 07.06	1.19	2.03	0.18	-1.02	17.3462	15.3948	14.1924	12.8583
5638	12 39 31.127	-26 39 00.77	83.65	85.00	88.96	5.31	99.9999	99.9999	19.1559	17.6049
5643	12 38 58.570	-26 39 00.10	83.00	85.00	88.93	5.93	99.9999	99.9999	19.7843	17.4921
5651	12 40 12.994	-26 38 45.81	0.84	3.67	2.44	1.60	18.9926	17.6752	16.8179	15.8619
5665	12 38 54.431	-26 38 36.95	0.74	4.13	3.22	2.48	19.4550	18.4643	17.7006	16.8271
5666	12 38 47.084	-26 38 36.24	1.18	5.16	3.36	2.19	20.4767	18.5802	17.3950	16.0358
5670	12 39 38.384	-26 38 31.21	0.95	4.05	2.62	1.67	19.3681	17.8519	16.8861	15.7621
5687	12 39 41.203	-26 38 20.70	83.35	85.00	88.95	5.60	99.9999	99.9999	19.4502	17.4389
5688	12 40 01.976	-26 38 18.41	0.86	2.79	1.65	0.79	18.1076	16.8832	16.0004	15.0685
5691	12 40 08.016	-26 38 17.49	0.96	3.95	2.52	1.56	19.2707	17.7469	16.7744	15.7394
5694	12 39 17.021	-26 38 18.47	84.01	85.00	88.98	4.97	99.9999	99.9999	18.8100	16.4637
5696	12 39 06.728	-26 38 17.72	0.61	0.69	-0.10	-0.71	16.0134	15.1445	14.5081	13.8136
5702	12 39 05.523	-26 38 13.52	1.10	3.99	2.21	1.10	19.3124	17.4276	16.3129	15.0955
5704	12 39 50.144	-26 38 09.27	0.74	84.68	4.64	3.91	99.9999	19.8821	19.1228	18.4728
5710	12 39 20.279	-26 38 07.17	1.48	84.68	4.72	3.24	99.9999	19.9193	18.4427	16.7053
5715	12 39 57.481	-26 38 02.19	0.82	2.92	1.78	0.96	18.2408	17.0122	16.1720	15.2892
5716	12 39 32.780	-26 38 03.90	0.74	3.18	2.30	1.56	18.5003	17.5363	16.7730	15.9727
5723	12 39 32.335	-26 38 00.11	1.26	5.48	3.76	2.49	20.8054	18.9692	17.7014	16.2507
5729	12 38 35.300	-26 37 55.57	1.41	5.24	3.53	2.12	20.5626	18.7339	17.3239	15.5415
5730	12 40 05.976	-26 37 48.84	0.83	3.52	2.29	1.46	18.8406	17.5210	16.6727	15.7366
5731	12 39 06.305	-26 37 51.76	83.57	85.00	88.96	5.39	99.9999	99.9999	19.2390	17.9786
5733	12 39 37.117	-26 37 48.10	0.73	84.68	4.87	4.14	99.9999	20.1086	19.3520	18.5122
5735	12 39 55.056	-26 37 44.68	1.31	84.68	5.07	3.76	99.9999	20.2846	18.9716	16.9664
5736	12 40 07.720	-26 37 42.24	1.22	4.83	3.06	1.84	20.1546	18.2792	17.0500	15.6294
5738	12 39 02.308	-26 37 43.52	0.52	-0.47	-1.26	-1.78	14.8510	13.9935	13.4382	12.7776
5740	12 38 45.727	-26 37 42.97	0.81	2.90	1.72	0.91	18.2209	16.9541	16.1272	15.2068
5746	12 39 43.104	-26 37 36.09	0.44	-0.86	-1.58	-2.02	14.4675	13.6722	13.2027	12.6107
5747	12 39 16.743	-26 37 35.32	83.42	85.00	88.95	5.53	99.9999	99.9999	19.3767	17.7623
5750	12 40 03.987	-26 37 21.92	0.67	3.31	2.49	1.82	18.6323	17.7362	17.0384	16.2302
5751	12 39 29.832	-26 37 23.46	82.93	85.00	88.93	6.00	99.9999	99.9999	19.8524	19.1566
5753	12 38 49.378	-26 37 24.73	1.47	5.33	3.59	2.11	20.6482	18.7880	17.3173	15.3175
5755	12 38 41.774	-26 37 22.98	0.75	5.43	4.24	3.48	20.7513	19.4762	18.6991	17.6835
5761	12 38 48.150	-26 37 18.20	0.61	1.35	0.56	-0.06	16.6686	15.8032	15.1611	14.4175
5764	12 39 29.865	-26 37 09.27	0.70	4.24	3.45	2.76	19.5644	18.6965	17.9732	17.1427
5765	12 39 33.094	-26 37 07.94	83.68	85.00	88.97	5.28	99.9999	99.9999	19.1271	17.1647
5783	12 39 34.594	-26 36 26.56	83.27	85.00	88.95	5.67	99.9999	99.9999	19.5208	17.7494
5785	12 40 06.052	-26 36 19.52	0.85	2.38	1.07	0.23	17.6995	16.3086	15.4440	14.5007
5786	12 39 18.819	-26 36 22.23	0.76	3.87	2.88	2.12	19.1910	18.1177	17.3342	16.4629
5789	12 39 47.334	-26 36 13.47	0.86	2.51	1.36	0.50	17.8295	16.5922	15.7104	14.7677
5790	12 39 05.041	-26 36 15.75	1.10	4.69	2.90	1.81	20.0148	18.1262	17.0174	15.8493
5791	12 39 07.155	-26 36 14.66	0.60	3.32	2.57	1.97	18.6450	17.8136	17.1888	16.4200
5792	12 39 51.667	-26 36 11.07	1.10	3.79	2.17	1.07	19.1078	17.3890	16.2823	15.0392
5794	12 39 09.276	-26 36 12.26	1.40	4.07	2.33	0.93	19.3863	17.5330	16.1366	14.2612
5802	12 39 14.625	-26 35 56.62	0.57	5.22	4.27	3.70	20.5401	19.5141	18.9201	18.0665
5809	12 40 01.434	-26 35 34.46	1.40	3.28	1.17	-0.22	18.6025	16.3786	14.9826	13.3690
5812	12 39 32.364	-26 35 32.65	0.60	1.94	1.17	0.57	17.2607	16.4191	15.7885	15.0176
5814	12 39 30.857	-26 35 19.37	0.57	84.68	4.71	4.14	99.9999	19.9619	19.3631	18.5485
5815	12 39 33.435	-26 35 16.93	0.57	3.63	2.97	2.40	18.9518	18.2170	17.6156	16.9398
5819	12 39 28.812	-26 35 04.74	84.22	85.01	88.99	4.78	99.9999	99.9999	18.6104	17.2024
5821	12 39 18.022	-26 35 04.76	0.65	1.46	0.62	-0.03	16.7780	15.8643	15.1869	14.4602
5824	12 39 40.896	-26 34 50.95	0.63	1.44	0.62	-0.01	16.7677	15.8651	15.2036	14.4473
5831	12 40 05.448	-26 34 27.52	1.00	2.19	0.65	-0.35	17.5089	15.8796	14.8673	13.6330
5832	12 38 55.068	-26 34 32.22	0.64	3.29	2.39	1.74	18.6161	17.6310	16.9627	16.1635
5833	12 38 38.597	-26 34 22.21	0.52	3.97	3.18	2.66	19.2953	18.4346	17.8841	17.0561
5834	12 39 29.492	-26 34 18.07	1.55	84.68	4.26	2.71	99.9999	19.4589	17.9130	16.1585
5838	12 39 36.576	-26 34 07.58	1.51	5.01	2.99	1.47	20.3272	18.1865	16.6781	14.6368
5840	12 39 04.850	-26 34 07.88	0.56	-0.28	-1.10	-1.65	15.0413	14.1528	13.5679	12.9060
5841	12 40 08.312	-26 34 01.09	0.92	3.68	2.34	1.42	18.9995	17.5746	16.6356	15.6681
5851	12 39 21.846	-26 33 39.25	0.70	2.47	1.61	0.92	17.7886	16.8539	16.1339	15.3827
5853	12 39 00.151	-26 33 38.00	1.51	5.61	3.47	1.97	20.9323	18.6752	17.1700	15.1676
5854	12 39 43.875	-26 33 34.57	0.61	4.98	4.33	3.72	20.3076	19.5790	18.9401	18.1705
5856	12 39 49.204	-26 33 27.83	0.66	0.40	-0.52	-1.18	15.7220	14.7202	14.0351	13.2685
5858	12 39 12.764	-26 33 24.25	0.39	4.07	3.39	3.00	19.3934	18.6476	18.2204	17.4981
5860	12 39 11.876	-26 33 16.70	0.66	4.06	3.37	2.71	19.3780	18.6115	17.9241	17.2090
5861	12 38 47.720	-26 33 15.14	0.54	1.83	1.09	0.56	17.1508	16.3432	15.7755	15.1042
5862	12 39 09.407	-26 33 12.20	0.87	5.37	4.29	3.42	20.6932	19.5281	18.6386	17.7227
5867	12 39 47.890	-26 32 38.90	0.37	3.90	3.23	2.86	19.2199	18.4882	18.0859	17.5453
