# M69 E(B-V)=0.18, m-M = 14.72
# 	RA		Dec		(B-V)_0	M_u	M_B	M_V	u	B	V	I
76	18 31 20.340	-32 22 15.74	1.75	2.31	-0.45	-2.20	17.9612	14.9176	13.0701	11.0680
79	18 31 21.248	-32 20 09.54	0.63	-1.10	-2.00	-2.63	14.5609	13.4457	12.6751	11.8339
80	18 31 26.735	-32 21 14.80	0.60	-1.14	-2.05	-2.64	14.5172	13.4002	12.6585	11.8415
113	18 31 07.806	-32 17 06.52	0.66	-0.39	-1.30	-1.96	15.2651	14.1458	13.3436	12.5246
143	18 31 15.386	-32 18 27.38	0.58	-0.21	-1.15	-1.73	15.4531	14.2972	13.5663	12.7584
144	18 31 26.145	-32 20 47.76	0.68	-0.04	-1.06	-1.74	15.6159	14.3822	13.5620	12.7150
146	18 31 15.419	-32 23 23.87	0.65	-0.14	-0.96	-1.61	15.5173	14.4835	13.6885	12.7702
155	18 30 53.703	-32 27 40.79	90.01	84.83	90.62	0.61	99.9999	99.9999	13.8137	12.7092
156	18 31 05.158	-32 20 50.62	0.45	-0.12	-0.86	-1.31	15.5358	14.5967	13.9939	13.3221
160	18 31 43.049	-32 19 47.38	0.48	-0.26	-0.94	-1.42	15.4033	14.5131	13.8815	13.1117
186	18 31 31.427	-32 25 05.32	0.45	-0.06	-0.68	-1.13	15.5965	14.7731	14.1748	13.4520
228	18 31 27.353	-32 16 24.89	0.71	0.73	-0.26	-0.98	16.3924	15.1742	14.3196	13.3667
251	18 31 23.353	-32 20 45.80	0.96	1.31	0.02	-0.94	16.9636	15.4452	14.3560	13.2434
262	18 31 22.825	-32 21 05.44	0.86	1.73	-0.02	-0.88	17.3898	15.4108	14.4182	13.3398
284	18 31 23.106	-32 20 52.44	0.99	1.05	0.22	-0.77	16.7028	15.6433	14.5216	13.4959
301	18 31 23.557	-32 20 51.90	0.81	1.22	0.20	-0.61	16.8791	15.6282	14.6853	13.5202
343	18 31 05.107	-32 14 19.54	0.70	1.17	0.17	-0.53	16.8263	15.6121	14.7684	13.9013
344	18 31 14.987	-32 24 25.43	0.64	1.10	0.14	-0.50	16.7639	15.5808	14.8002	13.9688
350	18 30 57.528	-32 22 04.06	0.96	2.02	0.61	-0.35	17.6754	16.0303	14.9430	13.7644
385	18 31 24.097	-32 21 05.26	0.81	1.65	0.48	-0.33	17.3112	15.9072	14.9633	13.8917
387	18 30 51.531	-32 23 29.71	0.60	1.15	0.38	-0.22	16.8051	15.8223	15.0815	14.2350
395	18 31 22.158	-32 20 51.16	0.90	1.55	0.62	-0.28	17.2075	16.0443	15.0129	13.8994
403	18 31 18.334	-32 25 55.35	1.17	2.88	0.88	-0.29	18.5326	16.2904	15.0007	13.5361
405	18 31 39.798	-32 24 43.18	0.73	1.48	0.49	-0.24	17.1407	15.9271	15.0608	14.0576
417	18 31 22.500	-32 20 53.11	0.69	84.34	0.65	-0.05	99.9999	16.0849	15.2491	99.9999
436	18 31 00.002	-32 22 03.63	0.66	1.39	0.55	-0.11	17.0514	15.9935	15.1877	14.1501
459	18 31 06.362	-32 22 32.01	0.48	1.13	0.47	-0.01	16.7856	15.9258	15.2905	14.5286
460	18 31 22.264	-32 20 37.62	1.04	1.77	0.85	-0.18	17.4250	16.2677	15.1063	13.9698
466	18 31 16.386	-32 19 53.04	0.71	1.48	0.59	-0.12	17.1348	16.0257	15.1775	14.2533
471	18 31 27.916	-32 19 54.45	0.84	2.04	0.78	-0.06	17.6972	16.2098	15.2398	14.1716
483	18 31 23.192	-32 21 08.63	0.82	1.51	0.67	-0.16	17.1680	16.0968	15.1376	14.7141
503	18 31 16.419	-32 26 45.66	0.65	1.67	0.64	-0.01	17.3316	16.0852	15.2876	14.2777
509	18 31 23.159	-32 21 05.99	0.79	1.76	0.77	-0.01	17.4138	16.2061	15.2839	14.3445
513	18 31 00.562	-32 14 27.20	0.69	1.46	0.71	0.02	17.1173	16.1510	15.3172	14.4415
518	18 31 10.204	-32 15 48.11	0.62	1.55	0.64	0.02	17.2047	16.0889	15.3210	14.4573
577	18 31 22.299	-32 20 50.76	0.83	84.34	1.00	0.17	99.9999	16.4290	15.4607	14.4172
582	18 31 24.497	-32 20 38.67	0.48	1.61	0.92	0.43	17.2686	16.3718	15.7365	15.2048
587	18 31 23.379	-32 20 56.43	0.72	84.34	0.94	0.21	99.9999	16.3764	15.5126	14.4683
620	18 31 55.241	-32 14 47.32	0.76	84.34	1.13	0.37	99.9999	16.5636	15.6672	14.4147
659	18 31 23.049	-32 20 30.13	0.81	2.03	1.06	0.25	17.6934	16.4920	15.5463	14.4442
665	18 31 53.806	-32 18 28.35	0.77	2.06	1.04	0.28	17.7167	16.4758	15.5725	14.5765
673	18 31 23.110	-32 21 02.87	0.88	2.07	1.05	0.17	17.7232	16.4800	15.4676	14.7725
675	18 31 23.964	-32 20 49.79	0.63	84.34	1.04	0.41	99.9999	16.4815	15.7099	99.9999
679	18 31 49.553	-32 25 43.48	0.50	1.41	0.76	0.26	17.0711	16.2172	15.5639	14.7731
684	18 31 23.233	-32 20 23.54	0.83	84.34	1.12	0.29	99.9999	16.5539	15.5848	14.7508
706	18 31 22.979	-32 20 43.28	0.95	1.83	1.25	0.30	17.4899	16.6724	15.5967	14.6398
715	18 31 35.565	-32 21 47.46	0.48	1.53	0.89	0.41	17.1893	16.3491	15.7175	14.9104
716	18 31 49.622	-32 19 32.79	0.54	1.69	0.99	0.45	17.3513	16.4399	15.7505	14.9522
717	18 31 41.138	-32 24 16.63	0.49	1.57	0.93	0.44	17.2308	16.3855	15.7476	14.9669
720	18 31 54.130	-32 21 11.67	0.54	1.57	0.89	0.36	17.2338	16.3434	15.6594	14.8268
728	18 31 23.180	-32 21 22.65	0.82	2.24	1.10	0.28	17.8940	16.5318	15.5726	14.6955
742	18 31 11.876	-32 16 17.35	0.47	1.46	0.89	0.42	17.1223	16.3451	15.7253	14.8997
746	18 31 23.740	-32 20 37.16	0.98	84.34	1.26	0.29	99.9999	16.6847	15.5793	14.8383
751	18 30 54.925	-32 22 35.28	0.75	2.16	1.07	0.32	17.8151	16.5061	15.6173	14.6618
802	18 31 25.235	-32 21 07.17	1.23	2.70	1.19	-0.04	18.3555	16.5926	15.2487	14.5358
809	18 31 22.293	-32 21 06.66	1.00	2.48	1.37	0.37	18.1394	16.7909	15.6647	14.4992
838	18 31 17.286	-32 15 26.42	0.66	2.01	1.15	0.49	17.6714	16.5965	15.7907	14.8702
847	18 31 23.872	-32 20 44.86	0.57	1.85	1.18	0.60	17.5101	16.6242	15.9041	15.0167
865	18 31 26.194	-32 20 49.31	0.66	2.27	1.21	0.55	17.9245	16.6524	15.8457	14.7403
866	18 31 25.689	-32 20 38.63	0.52	84.34	1.50	0.98	99.9999	16.9508	16.2840	14.7277
897	18 31 15.735	-32 25 00.56	0.55	1.86	1.07	0.52	17.5180	16.5223	15.8257	15.0243
898	18 31 03.135	-32 27 27.87	0.53	1.88	1.11	0.58	17.5403	16.5640	15.8863	15.0085
975	18 31 31.299	-32 18 18.70	0.86	2.87	1.51	0.65	18.5321	16.9376	15.9432	14.8107
979	18 31 22.970	-32 21 07.41	0.94	2.42	1.41	0.47	18.0813	16.8309	15.7606	14.6926
987	18 31 21.664	-32 21 03.53	0.84	84.34	1.47	0.63	99.9999	16.9016	15.9288	99.9999
1006	18 31 20.582	-32 21 26.62	0.92	2.98	1.64	0.72	18.6405	17.0652	16.0094	14.7370
1086	18 31 32.733	-32 25 28.60	0.78	2.64	1.45	0.67	18.2965	16.8823	15.9628	14.9399
1090	18 31 23.288	-32 20 22.81	0.98	2.56	1.80	0.82	18.2159	17.2186	16.1113	14.5045
1149	18 31 24.332	-32 20 18.53	0.82	2.58	1.27	0.45	18.2411	16.7014	15.7494	14.4917
1159	18 31 22.698	-32 20 52.29	0.87	2.39	1.56	0.69	18.0523	16.9887	15.9834	15.1311
1187	18 31 22.205	-32 20 38.64	0.71	84.34	1.53	0.82	99.9999	16.9699	16.1233	15.2111
1188	18 31 25.142	-32 21 08.03	87.64	84.82	90.46	2.81	99.9999	99.9999	16.0727	15.1935
1190	18 31 02.123	-32 25 44.74	1.12	3.98	2.17	1.05	19.6385	17.5818	16.3418	14.8585
1192	18 31 47.424	-32 22 27.91	1.02	3.67	1.99	0.97	19.3317	17.4106	16.2592	14.8896
1205	18 31 26.168	-32 20 30.90	0.66	2.40	1.52	0.87	18.0551	16.9668	16.1646	14.5152
1223	18 31 22.207	-32 15 44.86	1.36	4.84	2.90	1.54	20.4963	18.2982	16.8271	14.7453
1237	18 31 26.038	-32 21 17.36	1.07	3.00	1.69	0.62	18.6612	17.1070	15.9129	15.5166
1242	18 31 20.356	-32 20 49.65	1.06	3.03	1.91	0.85	18.6911	17.3227	16.1368	15.0008
1263	18 31 02.448	-32 20 39.17	0.92	3.36	1.86	0.93	19.0183	17.2822	16.2274	15.0544
1267	18 31 26.637	-32 20 34.46	0.78	3.01	1.93	1.15	18.6653	17.3635	16.4458	15.0471
1302	18 31 21.736	-32 20 36.72	87.46	84.82	90.44	2.98	99.9999	99.9999	16.2487	15.2200
1321	18 31 25.667	-32 25 59.25	0.69	2.62	1.64	0.95	18.2824	17.0799	16.2453	15.2937
1327	18 31 36.371	-32 23 55.75	0.93	3.41	1.99	1.06	19.0632	17.4166	16.3545	15.1361
1344	18 31 23.328	-32 20 34.92	0.76	84.34	1.85	1.09	99.9999	17.2838	16.3901	15.1721
1352	18 31 12.771	-32 17 23.25	0.93	3.48	2.01	1.09	19.1406	17.4361	16.3794	15.1434
1406	18 31 41.374	-32 23 31.78	0.51	2.26	1.64	1.13	17.9226	17.0897	16.4310	15.6273
1414	18 31 26.247	-32 14 03.02	0.27	84.34	1.30	1.03	99.9999	16.7725	16.3406	15.4684
1437	18 31 24.877	-32 21 03.58	1.01	84.34	2.19	1.18	99.9999	17.6090	16.4729	99.9999
1440	18 31 23.511	-32 21 13.33	1.00	2.99	2.00	1.00	18.6468	17.4185	16.2887	15.6644
1484	18 31 26.262	-32 20 35.02	0.94	3.85	2.08	1.13	19.5105	17.4987	16.4267	15.2691
1486	18 31 30.843	-32 16 29.46	0.87	3.43	2.03	1.15	19.0874	17.4556	16.4494	15.3492
1502	18 31 21.185	-32 20 45.67	0.77	2.99	1.78	1.02	18.6487	17.2168	16.3135	14.9957
1508	18 31 24.871	-32 20 57.25	0.82	2.86	2.00	1.18	18.5231	17.4327	16.4726	15.4096
1512	18 31 12.283	-32 18 07.99	0.59	2.47	1.79	1.20	18.1326	17.2357	16.4994	15.6727
1518	18 31 21.228	-32 20 50.74	0.79	3.22	1.95	1.16	18.8745	17.3865	16.4580	15.2499
1528	18 31 23.920	-32 20 45.97	0.56	84.34	1.86	1.30	99.9999	17.3132	16.6057	15.5908
1560	18 31 02.931	-32 16 31.91	1.00	4.16	2.45	1.45	19.8201	17.8690	16.7446	15.3834
1570	18 31 25.061	-32 21 00.56	0.68	84.34	2.09	1.41	99.9999	17.5339	16.7098	15.4351
1581	18 31 12.227	-32 26 45.84	0.78	3.15	2.05	1.28	18.8039	17.4878	16.5737	15.5174
1605	18 31 17.804	-32 20 58.49	0.95	3.60	2.29	1.34	19.2530	17.7157	16.6319	15.4407
1623	18 30 52.902	-32 22 10.49	0.55	2.66	1.81	1.26	18.3247	17.2585	16.5646	15.6570
1624	18 31 38.208	-32 15 38.58	0.57	2.65	1.96	1.38	18.3100	17.4033	16.6851	15.7111
1639	18 31 54.185	-32 21 33.84	0.72	3.07	2.08	1.36	18.7304	17.5223	16.6588	15.6398
1642	18 31 22.071	-32 20 32.24	0.52	2.69	1.94	1.43	18.3471	17.3961	16.7311	16.0965
1691	18 31 25.292	-32 21 11.63	0.84	3.25	2.20	1.37	18.9055	17.6336	16.6608	15.6290
1696	18 31 21.899	-32 21 14.70	0.62	2.81	2.09	1.47	18.4687	17.5339	16.7660	16.0026
1770	18 31 23.795	-32 21 13.58	1.04	3.08	2.45	1.40	18.7368	17.8642	16.6954	15.8126
1778	18 31 25.479	-32 14 18.35	0.63	2.91	2.15	1.52	18.5683	17.5953	16.8211	15.8924
1784	18 31 03.945	-32 19 50.65	0.65	3.04	2.16	1.52	18.6949	17.6069	16.8164	15.8264
1814	18 31 26.970	-32 21 17.72	0.78	3.47	2.29	1.50	19.1287	17.7202	16.7989	15.7710
1851	18 31 25.091	-32 23 43.50	0.89	3.45	2.50	1.61	19.1056	17.9260	16.9018	15.8887
1853	18 31 28.776	-32 26 52.01	0.85	3.45	2.42	1.57	19.1042	17.8523	16.8651	15.8025
1861	18 31 06.002	-32 27 33.34	0.70	3.22	2.24	1.54	18.8781	17.6823	16.8404	15.9379
1881	18 31 48.311	-32 19 19.36	0.68	3.34	2.31	1.63	18.9951	17.7551	16.9330	16.3635
1986	18 31 21.188	-32 21 21.69	0.73	3.81	2.48	1.75	19.4721	17.9138	17.0439	15.8891
1990	18 31 28.503	-32 19 49.26	0.68	3.34	2.27	1.58	19.0024	17.7077	16.8821	16.0222
2016	18 31 22.741	-32 21 15.96	1.09	84.34	2.81	1.72	99.9999	18.2214	17.0112	15.8413
2031	18 31 21.477	-32 21 03.52	0.59	3.30	2.43	1.84	18.9599	17.8805	17.1415	99.9999
2038	18 31 25.285	-32 21 03.63	0.46	3.40	2.34	1.87	19.0600	17.7925	17.1762	15.8843
2057	18 31 20.156	-32 20 49.84	0.70	3.30	2.44	1.75	18.9546	17.8808	17.0443	16.0632
2062	18 31 21.635	-32 21 19.65	0.82	3.54	2.53	1.71	19.1957	17.9630	17.0055	15.9416
2086	18 31 26.694	-32 23 31.45	0.88	3.86	2.63	1.75	19.5206	18.0567	17.0406	15.9057
2099	18 31 40.690	-32 14 42.93	0.49	2.89	2.30	1.81	18.5501	17.7512	17.1097	16.2974
2106	18 31 08.739	-32 23 37.28	1.43	84.34	4.00	2.57	99.9999	19.3871	17.8493	15.8716
2108	18 31 26.233	-32 20 56.09	0.96	3.80	2.57	1.61	19.4605	17.9883	16.9000	16.0412
2110	18 31 24.209	-32 21 19.04	1.05	3.70	2.62	1.57	19.3565	18.0357	16.8615	16.0583
2116	18 31 31.184	-32 18 38.99	0.63	3.27	2.40	1.77	18.9316	17.8460	17.0682	16.1954
2134	18 31 25.891	-32 20 33.96	0.88	84.34	2.74	1.86	99.9999	18.1691	17.1575	15.9794
2136	18 31 36.519	-32 15 12.85	0.77	3.51	2.56	1.79	19.1731	17.9945	17.0876	16.1101
2138	18 31 22.579	-32 20 13.39	0.79	3.63	2.70	1.91	19.2850	18.1349	17.2109	15.9783
2199	18 31 24.407	-32 15 29.19	0.60	3.48	2.47	1.87	19.1405	17.9199	17.1746	16.2021
2213	18 31 20.364	-32 21 31.00	1.48	4.15	2.90	1.42	19.8013	18.2890	16.7032	15.8363
2226	18 31 24.382	-32 21 15.18	0.74	84.34	2.66	1.91	99.9999	18.0917	17.2079	16.2705
2231	18 30 59.534	-32 15 20.87	0.13	2.71	1.90	1.77	18.3767	17.3805	17.0841	16.8510
2241	18 31 27.209	-32 20 11.82	1.12	3.77	2.93	1.81	19.4263	18.3394	17.0939	16.3710
2269	18 31 24.162	-32 21 15.85	0.86	3.98	2.73	1.86	19.6355	18.1553	17.1573	16.1457
2275	18 30 54.656	-32 16 18.91	1.48	84.35	4.28	2.81	99.9999	19.6691	18.0872	15.9984
2285	18 30 51.437	-32 27 02.37	1.35	84.34	3.59	2.25	99.9999	18.9899	17.5289	15.9185
2294	18 31 22.534	-32 19 39.05	0.66	3.45	2.64	1.98	19.1091	18.0858	17.2836	16.4252
2324	18 31 22.182	-32 20 31.59	0.76	3.48	2.64	1.89	19.1380	18.0804	17.1834	16.4442
2326	18 31 21.529	-32 20 38.56	0.86	3.52	2.81	1.94	19.1824	18.2334	17.2363	16.2139
2369	18 31 25.049	-32 21 20.78	1.09	3.80	3.02	1.93	19.4545	18.4368	17.2184	16.2520
2377	18 31 24.702	-32 20 34.96	0.54	3.56	2.64	2.11	19.2239	18.0943	17.4095	16.2757
2381	18 31 24.673	-32 20 36.98	0.62	3.67	2.60	1.98	19.3273	18.0422	17.2779	16.3700
2407	18 31 32.444	-32 20 11.80	0.27	2.97	2.36	2.08	18.6311	17.8239	17.3918	16.7152
2428	18 31 25.597	-32 21 59.50	0.48	3.17	2.77	2.29	18.8308	18.2216	17.5954	16.5129
2433	18 31 22.145	-32 20 23.48	0.90	3.78	2.87	1.97	19.4376	18.2993	17.2669	16.3354
2481	18 31 03.821	-32 22 23.08	0.85	3.96	2.87	2.01	19.6170	18.2945	17.3091	16.4669
2486	18 31 21.487	-32 21 51.29	0.94	3.93	2.94	2.00	19.5867	18.3633	17.2976	16.2847
2526	18 31 46.548	-32 20 58.21	84.99	84.81	90.28	5.28	99.9999	99.9999	18.6077	16.2380
2543	18 31 26.011	-32 23 35.62	0.75	4.00	2.84	2.10	19.6617	18.2794	17.3942	16.3129
2555	18 31 44.883	-32 23 49.56	1.47	84.35	4.35	2.88	99.9999	19.7344	18.1561	16.1018
2571	18 31 03.885	-32 14 14.40	0.89	4.08	2.98	2.09	19.7348	18.4108	17.3848	16.3334
2573	18 31 25.366	-32 20 58.03	0.80	84.34	2.95	2.15	99.9999	18.3787	17.4412	16.4012
2580	18 31 40.589	-32 24 15.78	0.43	3.26	2.63	2.20	18.9194	18.0863	17.5016	16.8488
2587	18 30 57.592	-32 23 39.19	86.18	84.81	90.36	4.17	99.9999	99.9999	17.4697	16.3387
2601	18 31 11.002	-32 20 26.50	0.61	3.53	2.70	2.09	19.1855	18.1490	17.3938	16.5293
2604	18 31 23.845	-32 22 32.21	0.66	3.53	2.85	2.18	19.1882	18.2877	17.4837	16.6104
2616	18 30 59.556	-32 23 06.84	0.62	3.56	2.78	2.15	19.2178	18.2198	17.4510	16.4417
2655	18 31 24.698	-32 20 31.33	1.21	84.34	3.21	2.00	99.9999	18.6194	17.2865	16.4538
2697	18 31 52.864	-32 15 02.94	0.68	3.39	2.95	2.27	19.0500	18.3881	17.5670	16.8843
2702	18 31 22.632	-32 21 17.96	0.83	3.89	2.97	2.14	19.5448	18.4051	17.4387	16.4080
2752	18 31 39.645	-32 23 01.48	1.24	84.34	3.86	2.62	99.9999	19.2645	17.9109	16.3271
2777	18 31 39.026	-32 27 17.98	0.55	3.93	2.91	2.36	19.5880	18.3592	17.6617	16.5041
2779	18 31 13.369	-32 22 41.34	0.57	3.54	2.84	2.27	19.1961	18.2892	17.5691	16.7555
2785	18 31 15.276	-32 19 29.45	1.13	84.34	3.61	2.48	99.9999	19.0196	17.7670	16.3346
2791	18 30 51.540	-32 17 22.88	0.74	3.85	2.91	2.17	19.5055	18.3466	17.4632	16.6790
2802	18 31 23.835	-32 21 23.43	0.94	4.06	3.17	2.23	19.7137	18.5935	17.5197	16.4546
2836	18 31 49.091	-32 18 23.22	84.99	84.81	90.28	5.28	99.9999	99.9999	18.6057	16.3639
2840	18 30 51.154	-32 26 38.74	0.84	3.36	2.85	2.01	19.0139	18.2813	17.3049	16.5820
2848	18 31 07.288	-32 20 16.55	0.58	3.71	2.93	2.35	19.3746	18.3727	17.6472	16.8728
2852	18 31 20.749	-32 20 32.48	0.51	3.69	2.85	2.34	19.3523	18.3020	17.6469	16.8020
2862	18 31 55.187	-32 14 53.28	0.65	3.86	2.90	2.25	19.5213	18.3406	17.5465	16.7344
2871	18 31 25.238	-32 21 13.13	1.02	84.34	3.25	2.23	99.9999	18.6660	17.5191	16.4054
2879	18 31 21.200	-32 21 12.32	0.79	84.34	3.14	2.35	99.9999	18.5735	17.6450	99.9999
2896	18 31 17.083	-32 18 44.93	0.68	3.84	2.99	2.31	19.5016	18.4305	17.6129	16.6676
2917	18 31 21.937	-32 21 18.31	0.79	4.00	3.04	2.25	19.6576	18.4765	17.5470	16.6174
2936	18 31 21.957	-32 20 29.60	0.86	4.29	3.12	2.26	19.9484	18.5494	17.5523	99.9999
2938	18 31 00.122	-32 15 38.69	1.09	84.34	3.51	2.42	99.9999	18.9211	17.7083	16.4557
2953	18 30 58.422	-32 27 14.38	0.28	3.47	2.93	2.65	19.1345	18.3954	17.9579	16.8178
2954	18 31 27.174	-32 26 29.91	0.35	3.63	2.91	2.55	19.2886	18.3700	17.8602	17.0622
2961	18 31 20.460	-32 20 17.51	0.90	84.34	3.26	2.36	99.9999	18.6847	17.6569	99.9999
2976	18 31 48.533	-32 21 02.45	0.42	3.63	2.81	2.40	19.2931	18.2697	17.7003	16.8579
3002	18 31 25.910	-32 20 15.12	0.70	4.03	3.04	2.34	19.6886	18.4768	17.6403	16.8235
3043	18 31 24.976	-32 20 43.10	0.62	3.54	3.14	2.52	19.2043	18.5882	17.8239	16.8117
3050	18 31 22.557	-32 21 25.89	0.73	3.75	3.13	2.40	19.4058	18.5640	17.6969	16.7339
3072	18 31 23.532	-32 21 19.71	1.01	84.34	3.42	2.41	99.9999	18.8379	17.7009	16.5893
3081	18 31 22.115	-32 20 00.35	0.87	4.29	3.31	2.44	19.9478	18.7391	17.7383	16.5457
3087	18 31 43.710	-32 25 37.33	0.73	4.23	3.08	2.35	19.8872	18.5147	17.6439	16.6976
3105	18 31 33.765	-32 18 28.34	0.36	3.42	2.83	2.47	19.0801	18.2914	17.7753	16.9782
3111	18 31 20.594	-32 21 07.09	0.71	3.79	3.13	2.42	19.4522	18.5694	17.7176	16.8287
3115	18 31 01.536	-32 16 15.78	1.08	84.34	3.88	2.80	99.9999	19.2920	18.0891	16.3624
3121	18 31 20.740	-32 20 55.13	0.52	4.04	3.11	2.59	19.6999	18.5634	17.8902	16.5639
3131	18 31 22.935	-32 23 49.34	0.54	3.44	2.99	2.45	19.1003	18.4449	17.7555	16.9011
3143	18 31 53.619	-32 24 53.10	0.60	3.90	3.05	2.45	19.5551	18.4953	17.7545	16.8008
3144	18 31 22.260	-32 20 25.34	0.91	3.55	3.39	2.48	19.2039	18.8133	17.7701	16.8148
3146	18 31 23.552	-32 20 16.59	0.79	3.74	3.28	2.48	19.3996	18.7095	17.7800	16.8789
3161	18 31 26.808	-32 20 49.83	0.74	4.02	3.19	2.45	19.6823	18.6257	17.7441	16.7012
3173	18 31 27.493	-32 20 30.75	0.72	3.80	3.26	2.54	19.4639	18.7017	17.8427	17.4082
3177	18 31 37.568	-32 27 03.57	0.47	3.66	2.94	2.47	19.3163	18.3981	17.7773	16.9054
3179	18 31 21.462	-32 20 27.25	0.72	84.34	3.17	2.45	99.9999	18.6106	17.7485	17.1697
3198	18 31 24.396	-32 21 44.85	0.81	3.99	3.22	2.41	19.6507	18.6518	17.7034	16.7724
3199	18 31 14.988	-32 22 13.21	84.71	84.80	90.26	5.55	99.9999	99.9999	18.8747	16.5345
3213	18 31 04.960	-32 24 40.09	0.76	4.24	3.24	2.48	19.9011	18.6713	17.7734	16.7017
3218	18 31 31.409	-32 14 03.25	84.10	84.80	90.22	6.12	99.9999	99.9999	19.4597	16.3993
3223	18 31 24.935	-32 19 20.56	0.68	3.98	3.24	2.55	19.6362	18.6760	17.8530	99.9999
3235	18 31 12.885	-32 25 07.20	0.61	3.78	3.10	2.49	19.4390	18.5464	17.7957	16.9047
3255	18 31 25.142	-32 20 25.54	1.07	84.34	3.52	2.45	99.9999	18.9378	17.7439	99.9999
3275	18 31 05.092	-32 20 41.59	1.55	84.35	4.60	3.05	99.9999	19.9791	18.3304	16.5356
3297	18 31 27.045	-32 20 35.81	0.37	3.82	3.16	2.79	19.4768	18.6175	18.0915	99.9999
3303	18 31 20.782	-32 20 46.25	0.86	84.34	3.32	2.46	99.9999	18.7524	17.7553	16.8037
3305	18 31 37.217	-32 27 35.45	0.56	3.77	3.19	2.62	19.4314	18.6379	17.9260	17.0564
3317	18 31 44.819	-32 17 59.55	0.61	4.03	3.13	2.52	19.6905	18.5780	17.8228	16.8461
3323	18 31 22.042	-32 21 24.47	0.72	4.04	3.20	2.48	19.6954	18.6403	17.7768	16.9290
3335	18 31 29.285	-32 21 32.31	0.76	4.41	3.27	2.51	20.0719	18.7054	17.8094	16.7220
3352	18 31 31.521	-32 25 36.46	1.14	84.34	3.87	2.72	99.9999	19.2745	18.0103	16.6120
3363	18 31 20.193	-32 20 42.42	1.00	84.34	3.54	2.55	99.9999	18.9601	17.8366	16.7568
3378	18 31 20.401	-32 20 34.57	0.73	4.37	3.36	2.63	20.0246	18.7962	17.9308	16.6295
3386	18 31 19.950	-32 20 46.30	0.58	4.20	3.06	2.48	19.8607	18.5066	17.7802	17.0147
3396	18 31 24.615	-32 20 18.46	0.72	4.25	3.29	2.57	19.9105	18.7281	17.8726	16.7259
3403	18 31 24.110	-32 21 25.81	0.53	84.34	3.36	2.84	99.9999	18.8122	18.1381	16.6879
3405	18 31 20.756	-32 21 05.48	0.69	4.03	3.22	2.53	19.6891	18.6602	17.8282	16.9968
3408	18 31 20.768	-32 20 16.05	0.84	4.30	3.34	2.50	19.9597	18.7684	17.7939	16.8270
3419	18 31 21.929	-32 20 16.78	0.76	4.37	3.30	2.54	20.0295	18.7380	17.8365	99.9999
3420	18 31 25.070	-32 20 30.17	0.53	3.86	3.17	2.64	19.5211	18.6181	17.9423	16.9356
3424	18 31 14.541	-32 21 01.34	0.64	3.94	3.19	2.55	19.6032	18.6305	17.8473	16.9695
3442	18 31 51.476	-32 22 00.59	0.68	4.09	3.30	2.62	19.7471	18.7391	17.9170	99.9999
3456	18 31 22.154	-32 20 20.97	0.98	4.05	3.37	2.39	19.7076	18.7908	17.6863	16.9030
3457	18 31 23.475	-32 21 34.38	0.85	4.15	3.47	2.62	19.8117	18.8947	17.9120	16.7236
3458	18 31 20.799	-32 20 29.69	0.77	4.19	3.22	2.45	19.8456	18.6541	17.7427	16.8832
3463	18 31 20.728	-32 20 48.32	0.58	3.93	3.26	2.68	19.5915	18.7078	17.9832	16.8773
3475	18 31 20.245	-32 21 27.36	1.01	84.34	3.56	2.56	99.9999	18.9821	17.8478	16.7491
3490	18 31 22.101	-32 16 24.45	0.50	3.79	3.20	2.69	19.4489	18.6484	17.9978	17.7000
3510	18 31 20.019	-32 22 15.91	0.43	4.15	3.32	2.89	19.8104	18.7783	18.1936	16.7193
3517	18 31 17.081	-32 19 54.75	0.75	4.25	3.28	2.52	19.9045	18.7138	17.8213	16.8963
3524	18 31 26.524	-32 20 50.85	0.67	84.34	3.37	2.71	99.9999	18.8163	18.0076	16.7882
3533	18 31 22.090	-32 16 44.92	0.54	3.88	3.14	2.60	19.5399	18.5893	17.9045	16.9517
3544	18 31 45.997	-32 16 31.92	0.79	4.72	3.35	2.56	20.3808	18.7831	17.8609	16.8792
3556	18 30 50.902	-32 23 05.56	0.59	3.91	3.20	2.61	19.5746	18.6517	17.9154	17.0474
3557	18 31 41.570	-32 15 54.76	0.63	3.99	3.29	2.65	19.6477	18.7309	17.9522	17.0539
3566	18 31 02.164	-32 25 43.79	85.09	84.81	90.28	5.20	99.9999	99.9999	18.5167	16.5523
3579	18 30 52.794	-32 21 43.59	1.08	84.34	3.84	2.76	99.9999	19.2538	18.0491	16.7475
3588	18 31 21.882	-32 21 25.28	0.80	4.25	3.37	2.58	19.9119	18.8052	17.8731	16.9316
3592	18 31 24.517	-32 21 41.98	0.72	4.23	3.37	2.65	19.8933	18.8114	17.9488	99.9999
3594	18 31 25.867	-32 20 54.11	0.63	3.87	3.28	2.65	19.5307	18.7279	17.9492	17.0341
3605	18 31 22.196	-32 21 29.58	0.79	4.16	3.32	2.53	19.8164	18.7556	17.8280	17.0509
3606	18 30 59.129	-32 20 32.15	0.45	3.87	3.13	2.68	19.5348	18.5838	17.9819	17.0966
3613	18 31 53.050	-32 19 41.34	84.81	84.80	90.26	5.45	99.9999	99.9999	18.7777	16.7307
3616	18 31 24.320	-32 21 29.70	0.86	84.34	3.48	2.62	99.9999	18.9048	17.9122	99.9999
3617	18 31 27.811	-32 14 13.61	84.85	84.80	90.27	5.42	99.9999	99.9999	18.7457	16.7095
3621	18 31 25.967	-32 21 22.26	0.70	4.14	3.27	2.57	19.7999	18.7094	17.8694	17.1499
3622	18 31 24.591	-32 20 08.08	0.64	3.99	3.30	2.66	19.6515	18.7422	17.9554	17.0254
3643	18 31 20.380	-32 20 57.86	0.70	4.30	3.34	2.63	19.9561	18.7753	17.9334	16.8765
3649	18 31 45.552	-32 24 34.12	0.62	4.49	3.18	2.56	20.1503	18.6262	17.8619	17.0101
3659	18 30 50.838	-32 27 13.71	84.96	84.81	90.27	5.32	99.9999	99.9999	18.6407	16.6517
3663	18 31 52.471	-32 20 04.18	85.10	84.81	90.28	5.18	99.9999	99.9999	18.5017	16.7007
3717	18 31 27.826	-32 22 14.22	0.78	84.34	3.41	2.64	99.9999	18.8469	17.9337	16.9050
3718	18 31 41.073	-32 19 53.83	0.43	3.89	3.16	2.72	19.5464	18.6152	18.0296	17.2302
3723	18 31 32.384	-32 21 54.25	0.76	4.38	3.40	2.64	20.0434	18.8350	17.9345	16.9306
3733	18 31 22.975	-32 24 02.37	0.57	3.88	3.25	2.69	19.5355	18.7027	17.9890	17.1253
3734	18 31 18.955	-32 21 16.67	0.48	3.88	3.20	2.71	19.5426	18.6508	18.0155	17.1454
3747	18 31 20.812	-32 26 13.57	0.91	4.38	3.37	2.47	20.0351	18.7979	17.7610	16.8579
3756	18 31 38.883	-32 21 25.38	0.57	3.96	3.13	2.56	19.6210	18.5793	17.8611	17.4154
3763	18 31 03.615	-32 21 58.60	0.75	4.47	3.40	2.65	20.1333	18.8329	17.9423	16.9130
3766	18 31 19.838	-32 20 39.95	0.56	4.21	3.43	2.88	19.8676	18.8836	18.1798	16.8558
3777	18 31 22.131	-32 21 49.59	0.25	84.34	3.35	3.10	99.9999	18.8183	18.4073	16.9756
3787	18 31 09.312	-32 24 37.38	84.44	84.80	90.24	5.80	99.9999	99.9999	19.1397	16.8438
3792	18 31 25.791	-32 20 12.46	0.76	3.93	3.44	2.68	19.5896	18.8749	17.9725	17.1801
3846	18 31 23.908	-32 21 31.96	0.98	84.34	3.65	2.67	99.9999	19.0698	17.9653	99.9999
3889	18 30 55.629	-32 19 09.49	0.67	4.20	3.29	2.62	19.8619	18.7331	17.9228	17.2078
3892	18 31 24.226	-32 21 21.90	0.77	3.96	3.45	2.68	19.6175	18.8832	17.9727	17.1172
3895	18 31 25.882	-32 20 36.13	0.99	84.34	3.81	2.82	99.9999	19.2314	18.1116	16.6855
3903	18 31 22.917	-32 21 47.42	0.74	4.46	3.46	2.72	20.1226	18.8923	18.0170	17.0047
3918	18 31 25.763	-32 21 28.83	0.35	4.03	3.39	3.04	19.6863	18.8563	18.3501	99.9999
3924	18 30 58.019	-32 25 09.43	0.63	4.04	3.30	2.67	19.7029	18.7457	17.9751	17.4724
3927	18 31 19.294	-32 20 24.88	0.87	4.59	3.45	2.58	20.2491	18.8788	17.8754	17.3478
3965	18 31 18.613	-32 21 43.39	0.83	3.97	3.30	2.47	19.6244	18.7265	17.7636	17.5201
3995	18 31 26.340	-32 20 44.97	0.73	84.34	3.49	2.76	99.9999	18.9232	18.0566	17.1146
4002	18 31 29.373	-32 20 33.67	0.65	3.92	3.50	2.85	19.5789	18.9439	18.1534	17.1860
4004	18 31 21.990	-32 20 15.01	0.65	4.31	3.52	2.87	19.9671	18.9637	18.1715	99.9999
4008	18 30 55.833	-32 17 08.63	84.15	84.80	90.22	6.07	99.9999	99.9999	19.4087	16.8688
4011	18 31 43.719	-32 25 48.86	0.51	3.86	3.28	2.77	19.5229	18.7363	18.0740	17.2536
4028	18 31 07.641	-32 17 45.85	0.55	4.11	3.33	2.79	19.7719	18.7834	18.0877	17.1220
4033	18 31 26.031	-32 21 24.60	0.80	84.34	3.41	2.61	99.9999	18.8440	17.9091	17.2076
4043	18 31 22.252	-32 21 36.46	0.79	4.21	3.54	2.75	19.8667	18.9764	18.0460	17.0318
4049	18 31 24.866	-32 21 26.36	0.93	4.23	3.71	2.77	19.8845	19.1314	18.0675	99.9999
4062	18 31 09.560	-32 26 26.49	0.99	84.34	3.76	2.77	99.9999	19.1816	18.0635	16.9838
4072	18 31 26.387	-32 20 28.20	0.72	4.18	3.50	2.77	19.8355	18.9343	18.0698	17.1404
4101	18 31 21.404	-32 20 19.70	0.78	4.24	3.62	2.84	19.8944	19.0504	18.1318	99.9999
4110	18 30 55.309	-32 25 56.67	84.95	84.81	90.27	5.33	99.9999	99.9999	18.6517	16.8634
4114	18 31 20.104	-32 20 55.62	0.95	84.34	3.75	2.79	99.9999	19.1688	18.0869	99.9999
4126	18 31 21.206	-32 20 17.70	1.21	84.34	3.94	2.73	99.9999	19.3425	18.0115	99.9999
4159	18 31 20.597	-32 20 05.88	0.64	84.34	3.53	2.90	99.9999	18.9768	18.1970	99.9999
4160	18 31 21.316	-32 21 27.01	0.79	4.40	3.57	2.78	20.0630	18.9999	18.0759	17.0303
4162	18 31 21.256	-32 20 26.44	0.71	84.34	3.50	2.79	99.9999	18.9360	18.0902	17.1437
4170	18 31 36.557	-32 16 05.93	1.43	84.34	4.24	2.81	99.9999	19.6289	18.0894	16.9429
4171	18 31 16.877	-32 20 25.39	0.68	4.13	3.52	2.84	19.7902	18.9620	18.1390	17.4878
4173	18 31 18.200	-32 23 21.68	0.37	3.94	3.29	2.92	19.5978	18.7495	18.2235	17.9142
4175	18 31 24.575	-32 21 28.32	0.76	4.56	3.59	2.82	20.2146	19.0219	18.1195	16.9985
4180	18 31 23.342	-32 21 33.68	0.62	84.34	3.51	2.90	99.9999	18.9565	18.1957	16.9988
4185	18 31 25.041	-32 21 23.86	0.76	4.53	3.62	2.86	20.1922	19.0572	18.1584	16.9450
4192	18 31 19.729	-32 24 22.41	-0.47	4.21	3.36	3.83	19.8797	18.8800	19.1566	17.8417
4204	18 31 51.102	-32 14 50.67	0.42	3.81	3.34	2.92	19.4732	18.7986	18.2283	17.3604
4210	18 31 24.709	-32 20 23.58	0.96	4.55	3.69	2.74	20.2071	19.1136	18.0289	17.0787
4211	18 31 55.172	-32 15 10.31	0.39	4.02	3.77	3.38	19.6824	19.2277	18.6809	99.9999
4212	18 31 18.257	-32 21 12.30	0.57	4.22	3.46	2.89	19.8812	18.9111	18.1901	17.0843
4213	18 31 25.570	-32 20 19.18	0.72	4.39	3.54	2.82	20.0521	18.9786	18.1177	17.0703
4214	18 31 19.458	-32 16 02.53	0.78	4.62	3.58	2.80	20.2766	19.0153	18.0949	17.0876
4215	18 31 29.435	-32 16 24.32	0.33	4.13	3.28	2.95	19.7901	18.7438	18.2548	17.3873
4231	18 31 19.747	-32 20 06.75	0.96	4.21	3.87	2.91	19.8703	19.2904	18.2039	99.9999
4234	18 31 27.107	-32 20 44.94	0.71	4.50	3.50	2.79	20.1614	18.9412	18.0876	17.2272
4263	18 31 17.762	-32 20 46.33	0.62	4.18	3.48	2.86	19.8347	18.9269	18.1590	17.1821
4267	18 31 38.906	-32 18 59.65	0.17	4.17	3.48	3.31	19.8339	18.9549	18.6229	17.7858
4281	18 31 27.890	-32 22 13.25	0.66	84.34	3.54	2.88	99.9999	18.9808	18.1775	17.1136
4287	18 31 26.366	-32 21 03.86	1.15	84.34	3.90	2.75	99.9999	19.3090	18.0384	99.9999
4296	18 31 24.746	-32 21 35.02	0.89	4.41	3.70	2.81	20.0654	19.1281	18.1057	17.0544
4304	18 31 20.172	-32 20 15.95	0.65	84.34	3.60	2.94	99.9999	19.0385	18.2433	99.9999
4310	18 31 50.709	-32 24 45.24	0.51	3.88	3.36	2.85	19.5407	18.8106	18.1510	17.5067
4314	18 31 19.802	-32 21 07.98	0.58	4.19	3.49	2.91	19.8537	18.9336	18.2072	17.3089
4328	18 31 00.622	-32 24 50.65	1.08	84.34	4.04	2.97	99.9999	19.4581	18.2561	16.9682
4333	18 31 25.959	-32 20 59.67	0.65	84.34	3.61	2.96	99.9999	19.0525	18.2573	99.9999
4336	18 31 06.307	-32 17 24.83	85.07	84.81	90.28	5.21	99.9999	99.9999	18.5317	17.0012
4345	18 31 21.339	-32 20 06.37	0.67	4.19	3.57	2.90	19.8532	19.0088	18.1949	17.2358
4346	18 31 19.708	-32 22 21.73	0.37	84.34	3.46	3.09	99.9999	18.9202	18.3944	17.1063
4355	18 31 19.105	-32 21 12.21	1.07	84.34	3.90	2.83	99.9999	19.3186	18.1220	17.1461
4363	18 31 33.074	-32 21 09.97	0.49	3.92	3.35	2.86	19.5772	18.8071	18.1647	17.3908
4374	18 30 59.309	-32 23 00.10	0.34	4.09	3.44	3.09	19.7550	18.8987	18.3971	17.3896
4398	18 31 25.572	-32 20 57.05	0.43	4.31	3.26	2.84	19.9701	18.7216	18.1405	17.5774
4408	18 31 02.287	-32 21 14.96	0.34	3.92	3.37	3.03	19.5857	18.8331	18.3360	17.5677
4409	18 31 22.456	-32 20 00.44	0.89	4.47	3.79	2.89	20.1309	19.2147	18.1878	17.0744
4411	18 31 24.277	-32 21 27.99	0.72	4.30	3.66	2.94	19.9559	19.0947	18.2357	17.1145
4417	18 31 24.711	-32 21 56.32	0.67	4.28	3.68	3.01	19.9413	19.1247	18.3099	17.0439
4426	18 31 22.776	-32 21 47.59	0.53	4.60	3.36	2.83	20.2604	18.8158	18.1364	17.4435
4427	18 31 01.648	-32 21 42.93	84.35	4.25	90.23	5.89	19.4438	99.9999	19.2247	17.7188
4437	18 31 21.192	-32 21 15.50	0.61	84.34	3.58	2.97	99.9999	19.0247	18.2666	17.1839
4438	18 31 10.529	-32 20 19.35	0.57	4.18	3.49	2.92	19.8418	18.9395	18.2231	17.2206
4441	18 31 19.414	-32 20 47.68	0.91	4.31	3.77	2.86	19.9696	19.1915	18.1511	17.1220
4442	18 31 24.943	-32 20 25.36	1.11	4.88	3.76	2.65	20.5321	19.1761	17.9387	17.1471
4443	18 31 21.735	-32 20 25.92	0.81	4.43	3.50	2.69	20.0909	18.9366	17.9864	17.2433
4445	18 31 27.110	-32 22 17.49	0.82	84.34	3.55	2.73	99.9999	18.9810	18.0245	17.2095
4497	18 31 27.240	-32 20 25.63	0.63	4.31	3.61	2.99	19.9670	19.0586	18.2871	17.6073
4516	18 31 25.004	-32 19 56.15	0.27	4.27	3.51	3.24	19.9331	18.9819	18.5498	99.9999
4532	18 31 22.807	-32 20 10.07	0.49	4.15	3.57	3.08	19.8089	19.0194	18.3806	17.2792
4543	18 31 14.768	-32 15 12.36	0.92	5.22	3.86	2.94	20.8786	19.2858	18.2372	17.0781
4548	18 31 09.475	-32 26 25.90	0.30	3.91	3.37	3.07	19.5737	18.8359	18.3812	17.6235
4559	18 31 10.372	-32 19 01.85	0.66	4.53	3.56	2.90	20.1874	19.0025	18.1967	17.2113
4583	18 31 26.239	-32 21 00.00	1.06	84.34	3.81	2.75	99.9999	19.2292	18.0399	17.3002
4587	18 31 52.662	-32 17 51.54	0.56	4.21	3.49	2.93	19.8650	18.9393	18.2319	17.3683
4592	18 31 30.645	-32 25 26.01	0.71	4.37	3.61	2.90	20.0253	19.0513	18.1986	17.2123
4597	18 31 30.580	-32 21 06.60	0.39	4.04	3.41	3.01	19.7014	18.8657	18.3189	17.4287
4603	18 31 49.484	-32 24 22.36	84.48	84.80	90.24	5.76	99.9999	99.9999	19.0937	17.0211
4627	18 30 51.509	-32 17 17.55	84.86	84.80	90.27	5.41	99.9999	99.9999	18.7347	16.9002
4671	18 31 43.361	-32 18 58.26	0.64	4.13	3.55	2.92	19.7911	18.9976	18.2153	17.4369
4672	18 31 00.440	-32 16 52.59	0.44	3.93	3.45	3.01	19.5907	18.9029	18.3137	17.5703
4673	18 31 27.832	-32 20 59.67	0.59	4.21	3.68	3.09	19.8685	19.1239	18.3894	17.2459
4676	18 31 23.418	-32 21 53.13	0.96	4.76	3.88	2.91	20.4171	19.2978	18.2051	17.1376
4689	18 30 50.671	-32 17 06.66	-0.10	3.80	3.41	3.50	19.4673	18.8994	18.8182	17.8136
4695	18 31 24.523	-32 19 42.18	0.80	4.29	3.66	2.86	19.9535	19.0917	18.1542	17.4093
4703	18 31 28.040	-32 22 17.72	0.84	4.77	3.81	2.97	20.4298	19.2403	18.2649	17.1494
4719	18 31 24.666	-32 21 22.57	0.80	4.57	3.67	2.87	20.2299	19.1032	18.1711	17.3535
4722	18 31 17.898	-32 21 09.74	0.31	84.34	3.49	3.18	99.9999	18.9560	18.4844	99.9999
4726	18 31 23.825	-32 21 44.96	0.68	84.34	3.60	2.92	99.9999	19.0415	18.2237	17.3328
4741	18 31 22.544	-32 21 41.41	0.65	4.45	3.62	2.97	20.1082	19.0646	18.2705	17.2931
4746	18 31 18.579	-32 19 52.30	0.74	4.37	3.61	2.88	20.0267	19.0502	18.1740	17.2847
4752	18 31 24.836	-32 19 34.24	1.02	84.34	3.96	2.93	99.9999	19.3738	18.2251	17.2560
4757	18 31 18.884	-32 25 09.91	0.58	4.26	3.54	2.96	19.9184	18.9839	18.2612	17.3904
4765	18 31 20.691	-32 20 44.45	0.66	84.34	3.71	3.05	99.9999	19.1534	18.3465	17.1950
4774	18 31 07.265	-32 20 15.84	0.97	84.34	3.90	2.93	99.9999	19.3173	18.2182	99.9999
4797	18 31 22.568	-32 20 19.07	1.13	4.99	3.98	2.86	20.6509	19.3950	18.1450	99.9999
4802	18 31 17.028	-32 21 20.16	0.77	4.48	3.80	3.02	20.1427	19.2320	18.3197	99.9999
4803	18 31 25.784	-32 20 42.06	1.31	4.69	4.19	2.88	20.3421	19.5912	18.1652	99.9999
4811	18 31 23.109	-32 19 51.46	0.66	4.38	3.72	3.06	20.0402	19.1597	18.3557	17.2158
4815	18 31 27.229	-32 21 13.13	0.34	84.34	3.68	3.34	99.9999	19.1439	18.6488	99.9999
4821	18 31 18.734	-32 20 00.31	0.44	4.25	3.55	3.11	19.9127	19.0050	18.4167	18.0000
4828	18 31 27.314	-32 26 05.50	0.66	4.33	3.58	2.92	19.9862	19.0188	18.2157	17.3759
4830	18 31 26.140	-32 21 27.77	0.75	4.22	3.53	2.78	19.8747	18.9674	18.0822	17.4849
4847	18 31 28.691	-32 21 38.22	0.69	84.34	3.63	2.93	99.9999	19.0660	18.2310	17.3968
4865	18 31 19.366	-32 21 33.17	0.56	4.36	3.51	2.96	20.0225	18.9607	18.2578	17.4887
4867	18 31 19.399	-32 20 44.72	0.97	4.85	3.93	2.96	20.5109	19.3463	18.2472	99.9999
4873	18 31 29.367	-32 22 26.66	1.15	84.34	4.18	3.03	99.9999	19.5909	18.3194	18.4401
4880	18 31 27.807	-32 20 53.05	0.46	84.34	3.63	3.17	99.9999	19.0877	18.4769	99.9999
4893	18 31 53.016	-32 25 14.27	0.76	4.43	3.99	3.23	20.0892	19.4232	18.5244	17.1054
4895	18 31 36.259	-32 21 41.74	0.76	4.37	3.49	2.73	20.0240	18.9224	18.0254	17.4181
4928	18 30 50.835	-32 27 33.64	0.66	84.34	3.68	3.02	99.9999	19.1224	18.3155	17.3766
4932	18 31 40.570	-32 26 08.05	84.18	84.80	90.22	6.04	99.9999	99.9999	19.3797	17.0788
4940	18 31 10.359	-32 24 32.90	0.60	4.35	3.57	2.97	20.0061	19.0153	18.2745	17.4467
4943	18 30 58.074	-32 15 21.72	1.02	84.34	3.87	2.84	99.9999	19.2846	18.1332	17.3067
4951	18 31 15.014	-32 22 01.20	84.86	84.80	90.27	5.41	99.9999	99.9999	18.7317	17.1225
4952	18 31 15.661	-32 21 27.34	0.64	84.34	3.66	3.02	99.9999	19.0988	18.3190	17.3304
4963	18 31 20.348	-32 20 54.35	0.74	84.34	3.92	3.17	99.9999	19.3517	18.4689	17.1222
4971	18 31 24.326	-32 21 35.10	0.84	4.48	3.91	3.07	20.1400	19.3412	18.3639	17.1982
5001	18 31 26.759	-32 21 24.46	0.74	84.34	3.73	2.99	99.9999	19.1649	18.2839	17.3800
5007	18 31 14.793	-32 22 46.16	0.56	4.42	3.59	3.03	20.0837	19.0356	18.3308	17.4073
5026	18 31 27.888	-32 21 01.67	0.50	4.67	3.61	3.11	20.3322	19.0631	18.4089	99.9999
5030	18 31 16.614	-32 21 35.14	0.54	4.22	3.63	3.09	19.8811	19.0792	18.3925	17.6444
5039	18 31 23.109	-32 20 01.83	0.61	4.38	3.63	3.01	20.0436	19.0709	18.3138	17.4296
5046	18 31 27.842	-32 19 47.70	0.55	4.44	3.64	3.10	20.0999	19.0944	18.3987	17.3572
5064	18 31 20.046	-32 21 18.47	0.84	4.54	3.82	2.98	20.1977	19.2524	18.2779	17.3415
5069	18 31 03.410	-32 14 06.23	0.36	4.02	3.54	3.18	19.6833	19.0041	18.4844	17.6164
5077	18 31 22.423	-32 21 30.56	0.76	84.34	3.86	3.09	99.9999	19.2930	18.3915	99.9999
5079	18 31 24.993	-32 21 35.11	0.86	84.34	3.94	3.08	99.9999	19.3683	18.3703	99.9999
5086	18 31 21.501	-32 20 25.70	0.66	4.58	3.79	3.12	20.2443	19.2276	18.4227	99.9999
5098	18 31 26.943	-32 20 52.78	0.71	4.93	3.71	3.00	20.5907	19.1488	18.3015	17.3261
5101	18 31 34.303	-32 25 46.64	85.19	84.81	90.29	5.10	99.9999	99.9999	18.4137	17.1676
5104	18 31 29.001	-32 20 58.82	0.79	4.31	3.77	2.98	19.9695	19.2015	18.2730	17.5303
5109	18 31 01.410	-32 14 47.95	0.61	4.48	3.64	3.03	20.1405	19.0820	18.3268	17.4426
5110	18 31 27.330	-32 21 22.27	0.98	4.87	4.06	3.08	20.5296	19.4808	18.3763	17.2043
5112	18 31 19.616	-32 21 18.48	0.90	4.94	3.97	3.06	20.5989	19.3910	18.3560	17.0269
5116	18 31 20.673	-32 20 07.52	0.76	84.34	3.80	3.04	99.9999	19.2390	18.3375	17.3670
5117	18 31 20.616	-32 20 09.14	0.85	84.34	3.92	3.06	99.9999	19.3481	18.3591	99.9999
5127	18 31 33.933	-32 22 07.42	0.59	4.44	3.65	3.06	20.0967	19.1016	18.3644	17.4649
5130	18 31 25.120	-32 21 36.30	0.78	4.52	3.73	2.95	20.1738	19.1599	18.2467	17.4758
5132	18 31 02.093	-32 14 49.42	0.43	4.14	3.57	3.14	19.8021	19.0276	18.4465	17.5262
5140	18 31 25.910	-32 20 40.48	0.83	4.64	3.89	3.06	20.3017	19.3242	18.3587	17.2473
5155	18 31 22.023	-32 22 01.56	0.80	4.65	3.85	3.06	20.3069	19.2852	18.3531	17.2768
5158	18 31 25.749	-32 20 08.36	0.66	84.34	3.84	3.18	99.9999	19.2792	18.4804	17.2523
5161	18 31 33.839	-32 17 30.14	0.83	4.92	3.87	3.04	20.5747	19.3022	18.3367	17.2824
5162	18 31 24.343	-32 21 24.86	0.46	84.34	3.67	3.21	99.9999	19.1288	18.5189	17.3680
5203	18 31 36.009	-32 17 12.20	0.52	4.36	3.65	3.14	20.0221	19.1041	18.4391	17.4434
5219	18 31 21.369	-32 21 29.34	0.72	4.74	3.79	3.07	20.3951	19.2316	18.3707	17.3508
5224	18 31 01.139	-32 16 28.08	0.63	4.61	3.67	3.03	20.2713	19.1093	18.3351	17.4969
5231	18 31 25.677	-32 20 00.51	85.14	84.81	90.29	5.15	99.9999	99.9999	18.4687	17.2412
5242	18 31 33.125	-32 21 49.38	0.56	4.33	3.67	3.10	19.9924	19.1179	18.4060	17.4085
5263	18 31 23.882	-32 19 56.47	0.57	4.62	3.66	3.09	20.2830	19.1103	18.3911	17.4299
5266	18 31 23.229	-32 24 04.75	1.09	5.64	4.24	3.15	21.3002	19.6559	18.4393	17.1936
5272	18 31 22.828	-32 18 11.91	0.66	4.71	3.72	3.07	20.3707	19.1672	18.3686	17.4423
5281	18 31 26.081	-32 21 03.55	0.44	4.45	3.76	3.33	20.1087	19.2210	18.6327	99.9999
5282	18 31 26.349	-32 21 21.30	0.70	84.34	3.80	3.10	99.9999	19.2378	18.4011	17.3661
5300	18 31 19.867	-32 20 16.45	0.95	84.34	4.09	3.15	99.9999	19.5172	18.4398	17.2860
5301	18 31 22.216	-32 19 58.42	0.72	5.00	3.88	3.16	20.6628	19.3198	18.4617	17.2283
5328	18 30 54.924	-32 14 58.25	0.71	84.34	3.88	3.16	99.9999	19.3152	18.4604	99.9999
5330	18 31 30.448	-32 19 15.87	0.64	4.41	3.87	3.24	20.0689	19.3158	18.5352	99.9999
5333	18 31 25.999	-32 20 49.18	0.37	84.34	3.61	3.24	99.9999	19.0714	18.5473	17.3714
5335	18 31 21.945	-32 19 59.09	0.92	4.46	3.96	3.03	20.1141	19.3794	18.3263	17.5764
5347	18 31 42.086	-32 19 35.82	0.61	4.38	3.77	3.16	20.0395	19.2130	18.4568	17.4664
5350	18 31 17.735	-32 20 54.50	0.63	4.15	3.66	3.03	19.8136	19.1070	18.3292	17.7201
5358	18 31 34.219	-32 25 46.62	0.17	4.24	3.40	3.23	19.9021	18.8726	18.5370	17.8189
5382	18 31 22.585	-32 19 48.22	0.76	4.59	3.82	3.05	20.2525	19.2510	18.3495	17.4932
5385	18 31 12.358	-32 18 42.90	0.61	4.35	3.72	3.10	20.0089	19.1646	18.4049	17.5088
5391	18 31 29.727	-32 18 58.10	0.67	4.45	3.70	3.04	20.1099	19.1461	18.3358	17.5156
5392	18 31 20.292	-32 21 35.16	1.14	84.34	4.04	2.90	99.9999	19.4538	18.1922	17.7169
5395	18 31 28.661	-32 26 51.07	0.74	84.34	3.65	2.91	99.9999	19.0830	18.2029	17.3846
5402	18 31 28.936	-32 21 59.25	0.75	4.27	3.73	2.97	19.9315	19.1608	18.2683	17.6847
5405	18 31 23.462	-32 21 46.21	0.87	4.84	3.95	3.08	20.5019	19.3780	18.3764	17.3686
5408	18 31 27.038	-32 20 56.02	0.94	4.66	3.95	3.01	20.3163	19.3699	18.2996	17.4392
5421	18 31 25.743	-32 20 58.20	0.77	84.34	3.94	3.16	99.9999	19.3703	18.4616	99.9999
5422	18 31 32.291	-32 17 45.64	0.56	4.61	3.80	3.24	20.2724	19.2499	18.5380	17.4096
5423	18 31 38.584	-32 17 35.04	0.72	4.49	3.85	3.13	20.1523	19.2894	18.4268	17.4009
5444	18 31 16.760	-32 24 54.77	0.56	4.54	3.65	3.09	20.2030	19.0962	18.3879	17.4721
5451	18 31 29.840	-32 21 35.56	0.67	4.47	3.67	3.00	20.1341	19.1089	18.2968	17.5336
5458	18 31 22.885	-32 20 14.32	0.81	4.58	3.91	3.10	20.2426	19.3388	18.3914	18.0104
5459	18 31 42.278	-32 20 01.03	84.18	84.80	90.22	6.04	99.9999	99.9999	19.3807	17.2323
5464	18 31 22.301	-32 21 33.53	0.34	84.34	3.68	3.35	99.9999	19.1462	18.6537	99.9999
5473	18 31 27.531	-32 24 34.65	0.48	4.37	3.61	3.13	20.0343	19.0650	18.4325	17.7119
5477	18 31 15.762	-32 14 31.48	0.69	84.34	3.85	3.17	99.9999	19.2937	18.4669	17.3692
5480	18 31 21.023	-32 21 30.15	0.65	84.34	3.92	3.28	99.9999	19.3660	18.5762	17.2588
5506	18 31 19.634	-32 22 07.66	-0.17	4.03	3.64	3.81	19.6982	19.1414	19.1280	17.8501
5510	18 31 24.653	-32 22 10.60	0.51	4.48	3.76	3.25	20.1451	19.2162	18.5521	17.4433
5513	18 31 30.663	-32 22 26.71	0.76	4.43	3.80	3.04	20.0851	19.2383	18.3404	17.6258
5515	18 31 21.150	-32 20 04.61	1.03	4.77	4.04	3.01	20.4279	19.4584	18.3052	99.9999
5520	18 31 22.526	-32 21 36.66	0.75	84.34	3.88	3.13	99.9999	19.3136	18.4289	17.4394
5526	18 31 30.570	-32 17 56.31	0.55	4.30	3.69	3.14	19.9630	19.1432	18.4457	17.6885
5540	18 31 13.385	-32 23 34.84	0.62	4.54	3.79	3.16	20.2038	19.2338	18.4650	17.4862
5547	18 30 57.519	-32 20 43.78	0.29	4.31	3.68	3.39	19.9675	19.1471	18.6951	17.6139
5554	18 31 24.397	-32 21 30.12	0.55	84.34	3.78	3.23	99.9999	19.2253	18.5305	99.9999
5557	18 31 19.367	-32 20 15.83	0.86	4.55	3.88	3.02	20.2045	19.3090	18.3191	17.5143
5561	18 31 21.131	-32 21 37.28	0.76	4.51	3.71	2.95	20.1643	19.1491	18.2495	17.6165
5564	18 31 23.955	-32 21 59.03	0.81	4.98	4.00	3.19	20.6389	19.4326	18.4824	17.3172
5574	18 31 26.053	-32 21 50.63	0.73	84.34	3.77	3.04	99.9999	19.2098	18.3387	17.8246
5576	18 31 22.020	-32 19 39.47	0.67	4.49	3.79	3.12	20.1458	19.2332	18.4238	17.5731
5602	18 31 27.985	-32 20 14.86	0.42	84.34	3.69	3.27	99.9999	19.1510	18.5772	17.6474
5611	18 31 24.667	-32 21 29.63	0.60	84.34	3.90	3.31	99.9999	19.3512	18.6093	99.9999
5616	18 31 29.693	-32 21 42.49	0.47	84.34	3.79	3.32	99.9999	19.2435	18.6192	17.3509
5619	18 31 21.803	-32 20 10.15	0.62	4.51	3.76	3.15	20.1680	19.2085	18.4479	17.5036
5626	18 31 25.431	-32 22 17.63	0.59	4.67	3.74	3.14	20.3289	19.1835	18.4445	17.5665
5640	18 31 33.534	-32 16 15.46	0.69	4.63	3.85	3.16	20.2915	19.2908	18.4553	17.4585
5644	18 31 17.315	-32 21 02.94	0.60	84.34	3.80	3.20	99.9999	19.2419	18.4974	17.8439
5654	18 31 31.522	-32 20 20.90	0.72	4.55	3.96	3.24	20.2112	19.3985	18.5368	17.4027
5656	18 31 48.241	-32 15 48.15	0.47	4.27	3.70	3.23	19.9270	19.1534	18.5362	17.6477
5668	18 31 20.506	-32 17 34.69	0.88	84.34	4.07	3.18	99.9999	19.4947	18.4786	17.3841
5677	18 31 21.840	-32 17 49.55	0.73	4.50	3.82	3.10	20.1627	19.2621	18.3958	17.6592
5682	18 31 20.088	-32 21 47.31	0.56	4.35	3.69	3.13	20.0110	19.1393	18.4319	17.7857
5689	18 31 23.502	-32 20 03.58	0.80	4.75	3.83	3.03	20.4100	19.2601	18.3271	17.5932
5691	18 31 27.015	-32 21 12.30	0.65	84.34	3.80	3.15	99.9999	19.2463	18.4493	17.5381
5700	18 31 26.209	-32 19 53.48	0.94	84.34	4.04	3.09	99.9999	19.4587	18.3867	17.5154
5733	18 31 19.241	-32 19 32.06	0.42	4.32	3.65	3.23	19.9848	19.1119	18.5345	17.5591
5741	18 31 27.252	-32 15 26.99	0.58	4.53	3.80	3.21	20.1871	19.2442	18.5133	17.5056
5750	18 31 19.844	-32 20 44.52	0.60	84.34	3.91	3.32	99.9999	19.3601	18.6173	17.3529
5757	18 31 19.106	-32 22 17.93	0.52	84.34	3.79	3.26	99.9999	19.2392	18.5661	17.8952
5767	18 31 10.227	-32 21 30.71	0.44	4.92	3.80	3.36	20.5799	19.2577	18.6667	17.5150
5770	18 31 22.102	-32 21 37.40	0.64	4.53	3.86	3.22	20.1845	19.3032	18.5164	17.4762
5777	18 31 18.703	-32 18 52.77	0.72	4.82	4.08	3.36	20.4805	19.5183	18.6538	17.3121
5779	18 31 23.375	-32 19 19.79	0.58	84.34	3.78	3.20	99.9999	19.2246	18.4990	17.6717
5785	18 31 25.331	-32 22 51.21	0.74	4.61	3.86	3.13	20.2657	19.3012	18.4250	17.5898
5794	18 31 28.680	-32 19 57.77	0.56	4.57	3.81	3.25	20.2315	19.2577	18.5548	17.4837
5795	18 31 26.021	-32 20 04.46	0.24	4.75	3.97	3.73	20.4141	19.4447	19.0432	17.3804
5798	18 31 18.673	-32 20 57.68	0.59	4.48	3.93	3.34	20.1410	19.3794	18.6395	99.9999
5808	18 31 22.220	-32 21 43.53	0.66	4.74	3.92	3.26	20.3994	19.3625	18.5567	17.4247
5826	18 31 25.334	-32 20 11.55	0.70	5.09	3.93	3.23	20.7527	19.3686	18.5303	99.9999
5833	18 31 26.318	-32 21 19.37	0.75	4.47	4.02	3.27	20.1300	19.4572	18.5692	17.5597
5835	18 31 20.571	-32 20 13.19	0.78	4.67	3.98	3.20	20.3282	19.4116	18.4948	17.4798
5837	18 31 27.047	-32 20 42.61	0.95	84.34	4.06	3.11	99.9999	19.4849	18.4038	17.5826
5838	18 31 14.877	-32 20 07.26	0.70	4.72	3.97	3.27	20.3788	19.4065	18.5673	99.9999
5865	18 31 20.876	-32 21 50.45	0.84	4.99	3.97	3.13	20.6478	19.3973	18.4219	17.5740
5873	18 31 27.512	-32 20 21.17	0.90	84.34	4.14	3.24	99.9999	19.5665	18.5369	17.3712
5889	18 31 24.685	-32 20 09.04	0.64	4.46	4.02	3.38	20.1223	19.4594	18.6753	17.4807
5897	18 31 39.808	-32 15 33.76	0.61	4.59	3.82	3.21	20.2469	19.2696	18.5099	17.6050
5925	18 31 18.754	-32 22 12.62	0.45	4.64	3.91	3.46	20.3047	19.3668	18.7659	18.1010
5939	18 31 25.173	-32 21 45.05	0.41	4.55	3.77	3.36	20.2077	19.2282	18.6652	17.4914
5944	18 31 17.853	-32 21 10.34	84.84	84.80	90.27	5.42	99.9999	99.9999	18.7487	17.3727
5956	18 31 02.503	-32 17 02.92	0.95	84.34	4.58	3.64	99.9999	20.0071	18.9278	17.2693
5963	18 31 49.643	-32 17 32.51	0.69	4.85	3.95	3.26	20.5126	19.3896	18.5621	17.4838
5965	18 31 20.091	-32 21 21.73	0.53	84.34	4.00	3.47	99.9999	19.4478	18.7692	99.9999
5969	18 31 09.275	-32 20 32.40	84.13	84.80	90.22	6.09	99.9999	99.9999	19.4347	17.3847
5972	18 31 40.488	-32 19 01.73	0.47	4.59	3.78	3.31	20.2537	19.2397	18.6144	17.6568
5979	18 31 26.096	-32 20 15.15	0.61	4.60	3.91	3.29	20.2639	19.3516	18.5919	17.6132
5987	18 31 24.034	-32 19 52.48	0.59	84.34	3.93	3.34	99.9999	19.3760	18.6432	99.9999
6003	18 31 20.842	-32 16 49.29	0.62	4.51	3.86	3.25	20.1700	19.3095	18.5489	17.7561
6006	18 31 14.489	-32 15 21.50	0.48	4.24	3.86	3.37	19.9045	19.3128	18.6785	17.5644
6010	18 31 30.756	-32 21 15.66	84.70	84.80	90.26	5.56	99.9999	99.9999	18.8877	17.4143
6012	18 31 24.183	-32 18 45.17	0.65	4.85	3.89	3.24	20.5076	19.3322	18.5346	17.6063
6026	18 31 21.942	-32 19 46.48	0.63	4.17	3.87	3.24	19.8247	19.3149	18.5362	17.6634
6032	18 31 37.993	-32 20 35.56	1.38	84.34	5.06	3.69	99.9999	20.4585	18.9704	17.3566
6043	18 31 41.009	-32 20 17.96	84.23	84.80	90.22	6.00	99.9999	99.9999	19.3367	17.3241
6048	18 31 21.679	-32 18 40.55	0.60	84.34	3.85	3.25	99.9999	19.2969	18.5524	17.6460
6051	18 31 18.275	-32 20 18.23	0.23	4.49	3.82	3.59	20.1523	19.2889	18.9009	17.9251
6052	18 31 22.883	-32 19 47.61	0.74	4.79	3.96	3.22	20.4490	19.3960	18.5171	17.7359
6053	18 31 44.758	-32 14 43.96	0.47	4.22	3.84	3.37	19.8817	19.2947	18.6694	17.6754
6055	18 31 48.843	-32 25 01.16	85.30	5.49	90.30	4.99	20.6788	99.9999	18.3097	17.4148
6061	18 31 01.466	-32 25 15.00	0.30	4.39	3.73	3.43	20.0490	19.1974	18.7373	17.7887
6062	18 30 55.317	-32 21 27.75	0.51	4.44	3.75	3.24	20.1001	19.2032	18.5391	17.6369
6075	18 31 26.568	-32 21 28.22	0.82	84.34	4.07	3.25	99.9999	19.5057	18.5456	17.5052
6080	18 31 21.361	-32 20 02.54	0.90	84.34	4.17	3.27	99.9999	19.5963	18.5639	99.9999
6084	18 31 16.782	-32 25 46.02	83.91	84.80	90.20	6.29	99.9999	99.9999	19.6397	17.3467
6095	18 31 27.347	-32 20 56.11	0.89	84.34	4.06	3.16	99.9999	19.4830	18.4588	17.5707
6101	18 31 19.908	-32 15 17.08	0.89	4.90	4.21	3.31	20.5609	19.6347	18.6078	17.4019
6120	18 31 14.431	-32 19 03.40	0.82	84.34	4.06	3.24	99.9999	19.4890	18.5325	17.5286
6131	18 31 25.431	-32 21 47.72	0.47	4.57	3.86	3.39	20.2273	19.3171	18.6963	17.5853
6165	18 31 21.627	-32 20 08.72	0.90	5.12	4.15	3.25	20.7751	19.5756	18.5469	99.9999
6167	18 31 00.780	-32 17 48.43	0.53	4.45	4.02	3.48	20.1057	19.4685	18.7854	17.6812
6172	18 31 21.691	-32 20 02.17	0.47	84.34	3.88	3.41	99.9999	19.3352	18.7180	99.9999
6176	18 31 20.690	-32 21 40.47	0.63	4.66	3.98	3.34	20.3197	19.4209	18.6422	18.0577
6185	18 31 20.583	-32 25 20.41	0.46	4.54	3.87	3.41	20.1962	19.3263	18.7190	17.8799
6200	18 31 22.795	-32 22 04.88	0.64	84.34	4.00	3.36	99.9999	19.4453	18.6591	99.9999
6213	18 31 41.891	-32 17 40.26	0.46	4.41	3.72	3.26	20.0682	19.1733	18.5660	17.7003
6216	18 31 47.747	-32 20 11.32	85.18	84.81	90.29	5.11	99.9999	99.9999	18.4257	17.5721
6222	18 31 21.925	-32 19 53.51	1.01	84.34	4.26	3.25	99.9999	19.6741	18.5398	99.9999
6224	18 31 19.512	-32 20 46.36	0.99	84.34	4.18	3.19	99.9999	19.5990	18.4854	99.9999
6237	18 31 20.608	-32 20 49.38	1.05	4.82	4.29	3.24	20.4748	19.7085	18.5316	17.5099
6244	18 31 48.867	-32 24 19.53	85.02	84.81	90.28	5.25	99.9999	99.9999	18.5767	17.6336
6252	18 31 14.349	-32 20 52.38	0.56	4.84	3.94	3.37	20.5004	19.3849	18.6730	18.0395
6254	18 31 26.041	-32 21 56.38	0.94	5.12	4.20	3.27	20.7750	19.6270	18.5586	17.4690
6260	18 31 36.091	-32 19 19.68	0.87	84.34	4.11	3.25	99.9999	19.5412	18.5413	17.6143
6263	18 31 32.276	-32 19 40.50	0.78	84.34	4.11	3.33	99.9999	19.5455	18.6278	99.9999
6293	18 31 21.257	-32 21 32.70	0.66	84.34	4.28	3.62	99.9999	19.7205	18.9145	17.2849
6295	18 31 22.710	-32 20 03.57	0.83	4.75	4.05	3.21	20.4041	19.4789	18.5098	17.9631
6321	18 31 23.771	-32 19 40.01	0.74	4.74	3.99	3.26	20.4006	19.4303	18.5550	17.6244
6341	18 31 18.753	-32 20 31.88	0.85	5.07	4.03	3.17	20.7304	19.4561	18.4671	17.6692
6346	18 31 13.045	-32 17 00.85	84.06	84.80	90.21	6.15	99.9999	99.9999	19.4967	17.3670
6355	18 30 55.300	-32 25 52.53	0.47	4.49	3.75	3.28	20.1483	19.2041	18.5833	17.8255
6364	18 31 48.040	-32 17 41.79	0.44	4.56	3.82	3.38	20.2249	19.2777	18.6867	17.6619
6368	18 31 25.485	-32 21 28.77	0.56	4.60	3.80	3.24	20.2627	19.2476	18.5428	17.8347
6373	18 31 17.234	-32 20 37.75	0.62	4.95	3.89	3.27	20.6096	19.3370	18.5700	17.6177
6376	18 31 31.467	-32 19 46.69	0.78	4.63	4.02	3.25	20.2889	19.4568	18.5427	17.6291
6443	18 31 10.355	-32 26 37.45	84.26	84.80	90.23	5.97	99.9999	99.9999	19.3067	17.4260
6476	18 31 27.915	-32 19 02.45	0.63	4.97	3.95	3.32	20.6249	19.3957	18.6251	17.7141
6478	18 31 27.134	-32 21 18.48	0.75	84.34	4.01	3.26	99.9999	19.4469	18.5541	17.6746
6479	18 31 23.312	-32 20 16.20	0.80	4.72	3.96	3.16	20.3790	19.3901	18.4571	17.9150
6486	18 31 19.706	-32 20 28.27	0.37	84.34	3.94	3.57	99.9999	19.3984	18.8743	17.4485
6507	18 31 19.474	-32 21 36.69	0.69	84.34	4.00	3.31	99.9999	19.4373	18.6060	18.0001
6527	18 31 26.814	-32 20 27.87	0.69	4.63	4.05	3.35	20.2935	19.4888	18.6533	17.6801
6531	18 31 34.782	-32 15 27.54	0.68	84.34	4.20	3.52	99.9999	19.6449	18.8208	17.4998
6545	18 31 28.271	-32 21 15.36	0.64	4.51	3.95	3.31	20.1650	19.3917	18.6103	17.9972
6565	18 30 57.193	-32 21 12.78	0.63	84.34	4.39	3.76	99.9999	19.8350	19.0570	17.3944
6577	18 31 22.409	-32 19 36.98	0.76	84.34	4.15	3.39	99.9999	19.5894	18.6912	99.9999
6591	18 31 20.149	-32 20 20.35	84.83	84.80	90.27	5.43	99.9999	99.9999	18.7597	17.5283
6596	18 31 04.468	-32 17 21.24	0.54	4.49	3.91	3.37	20.1469	19.3563	18.6715	18.0592
6604	18 31 26.901	-32 21 24.52	0.54	84.34	4.00	3.47	99.9999	19.4531	18.7673	17.5885
6633	18 31 26.876	-32 14 34.27	0.41	4.52	3.85	3.44	20.1794	19.3065	18.7461	17.7996
6634	18 31 00.686	-32 15 59.56	0.75	84.34	4.01	3.26	99.9999	19.4433	18.5550	17.9206
6636	18 31 26.083	-32 20 06.24	0.47	4.63	3.98	3.51	20.2895	19.4319	18.8093	17.6728
6639	18 31 23.656	-32 19 35.67	0.66	84.34	4.10	3.43	99.9999	19.5394	18.7325	99.9999
6646	18 31 30.394	-32 16 08.32	0.29	4.36	3.80	3.52	20.0230	19.2698	18.8250	18.0272
6654	18 31 32.962	-32 20 30.51	0.60	4.50	3.96	3.36	20.1645	19.4019	18.6566	17.8700
6657	18 31 28.903	-32 22 04.50	0.62	4.84	3.85	3.24	20.4970	19.2975	18.5369	17.7746
6677	18 31 23.629	-32 21 56.12	0.64	84.34	4.05	3.42	99.9999	19.4948	18.7150	17.7146
6688	18 31 25.417	-32 20 23.54	0.84	84.34	4.26	3.42	99.9999	19.6916	18.7188	17.5070
6701	18 31 16.475	-32 21 33.66	0.57	4.60	3.98	3.41	20.2610	19.4263	18.7071	17.9614
6703	18 31 18.232	-32 19 00.70	0.70	84.34	4.02	3.32	99.9999	19.4563	18.6142	17.6205
6711	18 31 25.677	-32 21 37.23	0.87	84.34	4.14	3.27	99.9999	19.5699	18.5674	17.6895
6714	18 31 17.901	-32 20 53.44	0.62	84.34	4.02	3.39	99.9999	19.4609	18.6928	18.0448
6731	18 31 17.653	-32 21 36.81	0.66	4.53	4.05	3.39	20.1854	19.4945	18.6887	17.7859
6737	18 31 27.219	-32 22 10.54	0.73	84.34	4.07	3.34	99.9999	19.5101	18.6426	17.7439
6745	18 31 00.756	-32 23 50.39	84.65	84.80	90.25	5.60	99.9999	99.9999	18.9327	17.4967
6760	18 31 25.570	-32 21 39.16	0.50	84.34	3.82	3.31	99.9999	19.2710	18.6177	17.8763
6788	18 30 55.706	-32 26 15.33	0.97	84.34	4.48	3.51	99.9999	19.9020	18.7992	17.4866
6801	18 31 20.795	-32 20 24.09	0.64	84.34	4.09	3.46	99.9999	19.5367	18.7560	99.9999
6807	18 31 17.927	-32 21 33.24	0.76	4.72	4.14	3.38	20.3831	19.5743	18.6764	17.8143
6808	18 31 11.795	-32 24 24.47	0.45	4.63	3.91	3.46	20.2918	19.3667	18.7639	17.8068
6814	18 31 25.307	-32 21 37.11	0.72	4.62	4.22	3.50	20.2791	19.6596	18.7987	18.2629
6828	18 31 29.072	-32 20 18.19	0.48	4.61	3.94	3.46	20.2673	19.3951	18.7635	17.8717
6829	18 31 20.528	-32 21 44.02	0.74	4.69	4.14	3.40	20.3501	19.5799	18.7001	17.7290
6838	18 31 24.357	-32 22 57.87	0.79	4.57	4.04	3.25	20.2293	19.4717	18.5450	17.8594
6844	18 31 27.060	-32 22 10.84	0.53	84.34	3.96	3.42	99.9999	19.4075	18.7262	17.7807
6881	18 31 19.500	-32 23 54.47	0.41	4.77	3.82	3.40	20.4269	19.2760	18.7102	17.8227
6890	18 31 23.821	-32 20 08.22	0.84	84.34	4.06	3.22	99.9999	19.4932	18.5159	17.8874
6914	18 31 03.024	-32 27 26.91	84.97	84.81	90.27	5.31	99.9999	99.9999	18.6327	17.7270
6921	18 31 16.370	-32 22 41.92	0.52	4.53	3.98	3.46	20.1916	19.4296	18.7592	18.2121
6933	18 31 21.443	-32 19 08.42	0.74	5.36	4.13	3.39	21.0160	19.5620	18.6831	17.6510
6940	18 31 15.897	-32 21 00.74	0.41	4.74	3.71	3.30	20.4039	19.1709	18.6043	17.8967
6951	18 31 48.807	-32 16 59.63	0.46	4.52	3.97	3.51	20.1783	19.4222	18.8140	17.7801
6960	18 31 13.861	-32 17 21.47	0.72	84.34	4.13	3.41	99.9999	19.5648	18.7055	17.8541
6961	18 31 47.118	-32 14 30.59	0.55	4.43	3.98	3.43	20.0938	19.4304	18.7356	17.9195
6965	18 31 19.655	-32 22 20.68	0.74	84.34	4.06	3.31	99.9999	19.4920	18.6119	17.7385
6974	18 31 19.443	-32 19 29.04	0.62	84.34	4.00	3.38	99.9999	19.4405	18.6797	17.7524
6977	18 31 27.867	-32 20 28.63	0.47	5.00	3.89	3.42	20.6623	19.3491	18.7283	17.8692
6982	18 31 26.067	-32 21 45.09	0.78	5.20	4.12	3.34	20.8571	19.5497	18.6338	17.6768
6986	18 30 59.614	-32 23 59.82	0.74	84.34	4.14	3.39	99.9999	19.5747	18.6909	17.7230
6993	18 31 28.816	-32 21 07.16	0.82	84.34	4.27	3.44	99.9999	19.6977	18.7376	99.9999
7026	18 31 16.481	-32 20 54.24	0.41	84.34	3.86	3.44	99.9999	19.3175	18.7491	17.7092
7032	18 31 12.095	-32 18 49.31	84.60	84.80	90.25	5.65	99.9999	99.9999	18.9867	17.5585
7040	18 30 57.249	-32 18 30.92	0.91	84.34	4.34	3.43	99.9999	19.7606	18.7211	17.6280
7049	18 31 27.501	-32 20 48.16	0.67	84.34	4.17	3.50	99.9999	19.6132	18.8036	99.9999
7063	18 31 27.708	-32 21 46.95	0.20	84.34	3.90	3.69	99.9999	19.3712	19.0044	17.9819
7074	18 31 40.775	-32 18 48.57	0.50	4.44	4.05	3.55	20.1028	19.5025	18.8528	18.1123
7086	18 31 19.851	-32 21 31.86	0.72	84.34	4.19	3.47	99.9999	19.6287	18.7675	17.6446
7090	18 31 26.757	-32 23 49.76	0.78	84.34	4.20	3.42	99.9999	19.6326	18.7158	17.8257
7091	18 31 27.776	-32 20 39.02	0.74	4.94	4.15	3.42	20.6007	19.5912	18.7150	18.3294
7105	18 31 29.326	-32 20 42.91	0.51	84.34	4.01	3.50	99.9999	19.4605	18.8018	17.7130
7108	18 31 29.387	-32 21 09.34	0.63	4.67	4.09	3.46	20.3308	19.5297	18.7600	17.8845
7111	18 31 12.613	-32 18 53.02	0.68	4.68	4.04	3.36	20.3434	19.4847	18.6591	17.8602
7136	18 31 28.048	-32 21 26.05	0.83	84.34	4.26	3.43	99.9999	19.6864	18.7227	17.7009
7150	18 31 00.912	-32 15 22.05	0.58	84.34	4.08	3.51	99.9999	19.5326	18.8070	17.7170
7170	18 31 17.454	-32 20 14.71	0.53	84.34	4.06	3.52	99.9999	19.5094	18.8262	17.7636
7173	18 31 25.405	-32 21 43.77	0.38	84.34	4.01	3.64	99.9999	19.4758	18.9454	17.7409
7180	18 31 32.111	-32 22 10.07	0.76	4.91	4.22	3.46	20.5676	19.6559	18.7535	17.6846
7182	18 31 23.692	-32 19 31.28	0.67	84.34	4.20	3.53	99.9999	19.6393	18.8306	99.9999
7186	18 31 27.046	-32 20 24.18	0.39	84.34	4.00	3.61	99.9999	19.4606	18.9167	99.9999
7192	18 31 45.505	-32 21 37.81	0.60	4.78	4.03	3.43	20.4369	19.4795	18.7297	17.8653
7201	18 31 36.319	-32 20 01.58	0.64	4.72	3.97	3.33	20.3775	19.4162	18.6294	17.9207
7206	18 31 25.494	-32 19 28.83	0.55	4.72	3.98	3.42	20.3815	19.4258	18.7238	17.8229
7214	18 31 25.655	-32 20 17.26	0.72	4.85	4.09	3.37	20.5051	19.5316	18.6707	17.8102
7216	18 31 35.119	-32 18 31.71	84.32	84.80	90.23	5.91	99.9999	99.9999	19.2477	17.4270
7221	18 31 13.986	-32 20 58.39	84.68	84.80	90.26	5.57	99.9999	99.9999	18.9017	17.3496
7225	18 31 27.738	-32 22 01.68	0.48	4.57	4.05	3.57	20.2273	19.5070	18.8745	17.9690
7227	18 31 28.638	-32 21 19.53	0.55	4.63	4.02	3.48	20.2886	19.4716	18.7786	17.9497
7230	18 31 13.492	-32 19 26.83	0.77	84.34	4.27	3.50	99.9999	19.7006	18.7946	99.9999
7234	18 31 29.727	-32 19 25.70	0.43	4.69	4.00	3.57	20.3531	19.4556	18.8745	17.9572
7240	18 31 25.145	-32 21 29.61	0.36	4.69	4.16	3.80	20.3543	19.6211	19.1014	99.9999
7265	18 31 16.214	-32 18 27.21	0.75	84.34	4.42	3.67	99.9999	19.8513	18.9630	17.5749
7269	18 31 40.246	-32 19 25.71	0.59	4.52	4.06	3.47	20.1826	19.5078	18.7724	18.0214
7276	18 31 18.885	-32 20 01.66	0.61	4.89	4.01	3.41	20.5502	19.4593	18.7067	18.0076
7283	18 31 12.045	-32 20 29.73	0.55	4.45	3.99	3.44	20.1080	19.4383	18.7417	18.2423
7285	18 31 15.912	-32 20 28.11	0.68	5.08	4.12	3.44	20.7401	19.5601	18.7380	17.7503
7286	18 31 19.818	-32 21 26.54	0.71	5.07	4.09	3.38	20.7322	19.5324	18.6806	18.0013
7291	18 31 19.900	-32 21 04.95	0.48	5.25	4.10	3.62	20.9138	19.5546	18.9284	17.6334
7292	18 31 24.984	-32 21 33.06	0.80	84.34	4.26	3.46	99.9999	19.6891	18.7561	17.9169
7302	18 31 28.176	-32 22 48.51	0.31	4.82	3.99	3.68	20.4789	19.4594	18.9875	17.8016
7329	18 31 27.936	-32 20 58.81	0.55	4.91	4.00	3.46	20.5688	19.4544	18.7596	17.9878
7333	18 31 21.024	-32 22 02.83	0.43	4.66	4.03	3.60	20.3252	19.4894	18.9066	17.8819
7362	18 31 47.947	-32 22 50.37	0.37	4.47	3.92	3.55	20.1329	19.3844	18.8575	17.9559
7363	18 31 22.406	-32 14 59.18	84.55	84.80	90.25	5.70	99.9999	99.9999	19.0337	17.6439
7390	18 31 18.695	-32 21 46.51	1.05	5.53	4.46	3.41	21.1862	19.8752	18.6956	17.7959
7408	18 31 42.823	-32 24 54.67	0.73	4.95	4.16	3.43	20.6092	19.5957	18.7249	17.9006
7410	18 31 26.917	-32 21 10.86	0.89	84.34	4.39	3.50	99.9999	19.8131	18.7898	99.9999
7424	18 30 53.026	-32 18 16.72	84.47	84.80	90.24	5.77	99.9999	99.9999	19.1057	17.6067
7430	18 31 30.446	-32 21 19.36	0.86	84.34	4.25	3.39	99.9999	19.6826	18.6872	18.0693
7431	18 31 27.782	-32 16 32.55	0.54	4.62	4.02	3.48	20.2824	19.4748	18.7846	17.8868
7444	18 31 09.061	-32 26 45.98	0.52	4.89	4.00	3.48	20.5531	19.4521	18.7871	17.9312
7463	18 31 52.818	-32 19 16.60	0.53	4.84	4.09	3.57	20.4999	19.5433	18.8693	17.8715
7470	18 31 14.677	-32 19 25.29	84.05	84.80	90.21	6.17	99.9999	99.9999	19.5107	17.6142
7474	18 31 23.351	-32 20 11.86	1.35	84.34	4.56	3.20	99.9999	19.9535	18.4880	18.0414
7492	18 31 46.173	-32 21 01.60	0.60	4.69	4.13	3.53	20.3514	19.5770	18.8326	17.8709
7493	18 31 28.223	-32 22 22.75	0.69	4.80	4.08	3.39	20.4601	19.5222	18.6902	18.0732
7501	18 31 03.786	-32 15 32.19	84.86	84.80	90.27	5.41	99.9999	99.9999	18.7327	17.7807
7512	18 31 53.286	-32 22 51.04	0.48	4.70	4.08	3.60	20.3566	19.5358	18.9005	17.9350
7521	18 31 04.143	-32 24 57.11	84.37	84.80	90.23	5.86	99.9999	99.9999	19.1987	17.6180
7530	18 31 53.406	-32 17 48.82	0.81	84.34	4.44	3.63	99.9999	19.8741	18.9293	17.6481
7536	18 31 27.410	-32 19 57.80	0.31	4.68	3.96	3.65	20.3425	19.4278	18.9604	18.0077
7550	18 30 51.702	-32 16 55.03	0.71	84.34	4.28	3.56	99.9999	19.7162	18.8614	99.9999
7555	18 31 24.668	-32 21 31.66	0.61	5.24	4.28	3.67	20.9032	19.7233	18.9707	17.5947
7566	18 31 27.624	-32 21 57.50	0.53	4.77	4.08	3.55	20.4297	19.5306	18.8484	18.0571
7585	18 31 27.266	-32 20 23.46	0.48	84.34	4.03	3.55	99.9999	19.4819	18.8503	17.9784
7587	18 31 26.820	-32 19 45.95	0.86	4.76	4.27	3.40	20.4205	19.6973	18.6993	18.1836
7598	18 31 27.351	-32 20 54.55	0.48	84.34	4.07	3.59	99.9999	19.5288	18.8963	17.8473
7600	18 31 24.045	-32 23 11.11	0.58	84.34	4.09	3.50	99.9999	19.5361	18.8051	17.8685
7603	18 31 34.177	-32 19 03.52	0.47	84.34	4.06	3.59	99.9999	19.5160	18.8971	17.9054
7658	18 31 27.218	-32 18 22.20	0.76	4.65	4.16	3.40	20.3101	19.5933	18.6954	17.8480
7662	18 31 02.480	-32 20 08.76	0.53	4.87	4.18	3.65	20.5251	19.6311	18.9553	17.7282
7687	18 31 17.499	-32 19 49.19	0.65	4.90	4.17	3.52	20.5641	19.6157	18.8235	17.8117
7689	18 31 18.824	-32 20 04.73	0.94	84.34	4.50	3.56	99.9999	19.9199	18.8506	17.7226
7699	18 31 30.800	-32 21 14.44	0.66	84.34	4.28	3.62	99.9999	19.7226	18.9175	99.9999
7700	18 31 02.038	-32 26 28.94	0.47	4.88	3.95	3.48	20.5454	19.4060	18.7843	17.9291
7701	18 31 28.903	-32 20 33.36	0.53	84.34	4.01	3.48	99.9999	19.4591	18.7841	18.1220
7716	18 31 31.382	-32 19 20.10	0.57	84.34	4.00	3.42	99.9999	19.4441	18.7239	18.1712
7720	18 31 25.426	-32 20 16.71	0.97	4.87	4.45	3.48	20.5272	19.8700	18.7682	17.8148
7724	18 31 52.545	-32 21 28.85	1.07	84.34	4.57	3.50	99.9999	19.9886	18.7930	17.8368
7734	18 31 27.706	-32 20 19.49	0.66	4.92	4.18	3.53	20.5837	19.6252	18.8266	17.8393
7747	18 31 08.209	-32 27 27.08	0.60	84.34	4.11	3.51	99.9999	19.5543	18.8133	17.9847
7758	18 31 23.592	-32 19 27.36	0.55	4.71	4.14	3.59	20.3662	19.5880	18.8887	17.9564
7774	18 31 38.470	-32 23 40.88	0.56	4.70	4.22	3.66	20.3621	19.6661	18.9569	17.8581
7778	18 31 29.094	-32 21 43.99	0.80	4.99	4.18	3.38	20.6494	19.6108	18.6742	17.9579
7802	18 31 21.253	-32 14 41.67	0.75	4.82	4.31	3.56	20.4823	19.7449	18.8543	17.8732
7806	18 31 18.625	-32 21 16.88	0.67	84.34	4.16	3.48	99.9999	19.5968	18.7827	17.9508
7821	18 31 27.112	-32 20 49.84	84.21	84.80	90.22	6.01	99.9999	99.9999	19.3507	17.6254
7822	18 31 17.087	-32 21 09.12	0.69	84.34	4.21	3.52	99.9999	19.6475	18.8189	17.8569
7823	18 31 25.242	-32 20 28.31	0.51	84.34	4.10	3.58	99.9999	19.5492	18.8869	17.8787
7856	18 31 25.221	-32 21 56.21	0.91	84.34	4.48	3.56	99.9999	19.9030	18.8572	99.9999
7860	18 31 23.688	-32 22 14.35	0.67	5.00	4.24	3.57	20.6609	19.6821	18.8718	18.2237
7870	18 31 12.934	-32 19 26.61	0.77	84.34	4.30	3.53	99.9999	19.7306	18.8246	17.8058
7881	18 31 17.664	-32 20 36.34	0.75	4.99	4.24	3.49	20.6439	19.6712	18.7842	17.9016
7890	18 31 19.724	-32 20 23.81	0.76	5.57	4.26	3.50	21.2323	19.6971	18.7975	17.8851
7905	18 31 17.935	-32 20 18.55	1.26	84.34	4.85	3.59	99.9999	20.2477	18.8733	17.7574
7908	18 31 25.353	-32 23 43.09	0.42	4.77	4.02	3.60	20.4272	19.4757	18.9063	18.0630
7919	18 31 42.337	-32 26 37.04	84.58	84.80	90.25	5.67	99.9999	99.9999	19.0047	17.7340
7923	18 31 20.203	-32 20 11.66	0.62	84.34	4.23	3.61	99.9999	19.6761	18.9108	17.8368
7930	18 31 25.997	-32 19 57.42	0.74	5.08	4.35	3.61	20.7381	19.7889	18.9091	99.9999
7942	18 31 09.294	-32 23 34.07	84.69	84.80	90.26	5.56	99.9999	99.9999	18.8937	17.7715
7948	18 31 17.350	-32 20 00.52	0.65	5.05	4.15	3.50	20.7048	19.5940	18.8044	17.9619
7951	18 31 02.488	-32 19 08.33	0.56	4.96	4.17	3.61	20.6246	19.6146	18.9108	17.8603
7952	18 31 27.272	-32 21 19.73	0.64	4.69	4.33	3.69	20.3505	19.7752	18.9884	17.9128
7967	18 31 18.538	-32 19 45.31	0.64	4.91	4.13	3.49	20.5709	19.5698	18.7892	18.0168
7985	18 31 25.281	-32 21 32.38	0.82	84.34	4.30	3.48	99.9999	19.7305	18.7794	17.9763
8002	18 31 21.578	-32 20 11.84	1.05	84.34	4.62	3.57	99.9999	20.0352	18.8567	99.9999
8006	18 31 25.765	-32 21 54.21	0.75	5.00	4.25	3.50	20.6576	19.6867	18.7933	17.9677
8041	18 31 06.657	-32 27 24.90	0.48	84.34	4.04	3.56	99.9999	19.4924	18.8662	18.0672
8057	18 31 28.074	-32 21 33.24	0.25	4.86	4.17	3.93	20.5245	19.6422	19.2353	17.8784
8059	18 31 23.271	-32 18 52.99	0.65	4.85	4.27	3.62	20.5086	19.7132	18.9156	17.9421
8063	18 31 17.493	-32 21 39.18	0.55	5.11	4.26	3.71	20.7735	19.7118	19.0098	99.9999
8075	18 31 31.734	-32 20 03.27	84.24	84.80	90.23	5.99	99.9999	99.9999	19.3267	17.6378
8078	18 31 18.650	-32 20 51.26	0.37	5.10	4.04	3.67	20.7600	19.5033	18.9746	18.0109
8084	18 31 30.535	-32 20 27.93	0.62	4.86	4.24	3.63	20.5220	19.6875	18.9269	18.4411
8091	18 31 10.837	-32 18 09.16	0.67	4.85	4.29	3.63	20.5137	19.7343	18.9258	17.8665
8110	18 31 21.288	-32 19 59.83	0.80	84.34	4.46	3.66	99.9999	19.8925	18.9522	17.7725
8124	18 31 18.504	-32 20 38.99	0.56	84.34	4.31	3.75	99.9999	19.7579	19.0468	99.9999
8132	18 31 18.119	-32 21 21.75	0.52	4.87	4.22	3.70	20.5323	19.6719	19.0051	18.0193
8147	18 31 19.940	-32 19 43.60	0.69	4.94	4.26	3.57	20.5972	19.7031	18.8702	17.9364
8152	18 31 28.671	-32 18 13.72	0.52	4.55	4.17	3.66	20.2061	19.6261	18.9611	18.0776
8153	18 31 15.572	-32 20 59.25	0.60	4.98	4.22	3.63	20.6363	19.6711	18.9276	18.0033
8157	18 31 40.669	-32 23 24.31	0.61	84.34	4.17	3.56	99.9999	19.6181	18.8645	18.1499
8177	18 31 27.576	-32 16 26.98	0.53	5.05	4.07	3.54	20.7146	19.5207	18.8394	17.9920
8201	18 31 18.634	-32 19 40.24	0.70	84.34	4.27	3.56	99.9999	19.7071	18.8622	17.9226
8231	18 31 19.841	-32 19 47.50	0.67	84.34	4.36	3.69	99.9999	19.8002	18.9906	17.8164
8234	18 31 16.890	-32 21 35.27	0.35	5.05	4.08	3.73	20.7102	19.5425	19.0381	18.1359
8247	18 31 22.080	-32 22 21.63	0.77	5.37	4.49	3.73	21.0337	19.9268	19.0235	17.7008
8262	18 31 18.706	-32 20 19.48	0.72	84.34	4.29	3.57	99.9999	19.7267	18.8655	17.9325
8280	18 31 21.489	-32 19 40.14	0.54	4.72	4.17	3.63	20.3801	19.6222	18.9355	17.9995
8295	18 31 23.210	-32 15 57.04	0.42	4.62	4.21	3.79	20.2784	19.6674	19.0954	18.1024
8296	18 31 29.528	-32 20 27.98	0.50	4.69	4.18	3.68	20.3458	19.6365	18.9868	18.1744
8298	18 31 41.473	-32 20 13.49	0.16	84.34	4.03	3.88	99.9999	19.5111	19.1876	17.8107
8311	18 31 20.977	-32 18 59.18	0.61	4.84	4.17	3.56	20.5032	19.6143	18.8617	18.1291
8332	18 31 29.234	-32 15 09.18	0.59	84.34	4.22	3.63	99.9999	19.6705	18.9323	17.9827
8339	18 31 28.823	-32 20 45.11	0.66	84.34	4.37	3.71	99.9999	19.8097	19.0055	99.9999
8351	18 31 25.632	-32 14 32.44	0.67	5.17	4.32	3.65	20.8317	19.7593	18.9508	17.9131
8367	18 31 29.096	-32 20 02.98	0.82	84.34	4.39	3.57	99.9999	19.8202	18.8655	18.0682
8416	18 31 25.379	-32 21 34.00	0.65	4.72	4.26	3.60	20.3773	19.6986	18.9045	18.1574
8429	18 31 43.946	-32 14 12.88	0.55	84.34	4.27	3.72	99.9999	19.7191	19.0215	17.9084
8444	18 31 15.180	-32 14 47.08	0.33	4.63	4.17	3.84	20.2892	19.6367	19.1458	18.2665
8464	18 31 21.067	-32 19 49.52	0.69	4.93	4.28	3.59	20.5849	19.7203	18.8902	18.0381
8471	18 30 57.594	-32 16 35.67	0.64	84.34	4.25	3.61	99.9999	19.6909	18.9120	17.9952
8478	18 31 33.591	-32 25 36.84	0.83	84.34	4.37	3.54	99.9999	19.8001	18.8337	18.0057
8501	18 31 10.815	-32 21 16.88	0.82	84.34	4.47	3.64	99.9999	19.8997	18.9396	17.9071
8506	18 31 27.711	-32 21 49.70	0.47	84.34	4.15	3.68	99.9999	19.6066	18.9832	18.0613
8507	18 31 04.981	-32 21 00.23	0.94	84.34	4.59	3.66	99.9999	20.0181	18.9506	17.8679
8533	18 31 27.802	-32 21 44.00	0.86	84.34	4.41	3.55	99.9999	19.8398	18.8472	18.0974
8537	18 31 33.473	-32 19 44.56	0.42	4.96	4.10	3.68	20.6228	19.5599	18.9825	18.2373
8540	18 31 29.323	-32 20 32.74	0.63	84.34	4.01	3.38	99.9999	19.4515	18.6799	18.1164
8551	18 31 19.919	-32 20 22.42	0.56	84.34	4.11	3.55	99.9999	19.5630	18.8537	18.1891
8562	18 31 03.739	-32 22 21.07	84.76	84.80	90.26	5.50	99.9999	99.9999	18.8327	17.8984
8576	18 31 49.674	-32 27 20.19	0.49	84.34	4.17	3.68	99.9999	19.6203	18.9814	18.0583
8595	18 31 06.357	-32 15 07.82	0.31	4.62	4.10	3.80	20.2845	19.5709	19.1044	18.2019
8600	18 31 18.696	-32 20 46.42	0.44	5.03	4.24	3.80	20.6909	19.6937	19.1027	17.8998
8615	18 31 06.582	-32 23 31.94	0.35	5.19	4.22	3.87	20.8527	19.6849	19.1742	17.9522
8640	18 31 48.846	-32 18 19.52	0.55	84.34	4.26	3.71	99.9999	19.7092	19.0135	17.9998
8644	18 31 50.181	-32 15 42.23	0.65	84.34	4.37	3.72	99.9999	19.8147	19.0223	17.8986
8671	18 31 17.543	-32 15 24.59	1.05	84.34	4.75	3.70	99.9999	20.1685	18.9936	99.9999
8684	18 31 51.550	-32 21 47.52	84.42	84.80	90.24	5.82	99.9999	99.9999	19.1527	17.8229
8689	18 30 59.870	-32 20 02.11	84.29	84.80	90.23	5.94	99.9999	99.9999	19.2757	17.7462
8707	18 31 22.470	-32 21 33.24	1.07	5.03	4.78	3.72	20.6879	20.1981	19.0059	99.9999
8716	18 31 33.986	-32 19 03.27	0.58	84.34	4.36	3.78	99.9999	19.8081	19.0771	17.9172
8718	18 31 28.904	-32 21 11.35	0.56	4.89	4.29	3.73	20.5494	19.7409	19.0290	18.1200
8740	18 31 11.645	-32 22 11.67	0.37	84.34	4.07	3.70	99.9999	19.5275	19.0043	18.0586
8743	18 31 29.744	-32 21 35.01	0.69	4.86	4.46	3.76	20.5164	19.8959	19.0613	18.0684
8744	18 31 22.927	-32 19 40.51	0.30	5.01	4.08	3.78	20.6739	19.5476	19.0892	18.3070
8771	18 31 22.874	-32 19 54.63	0.21	4.89	4.19	3.98	20.5532	19.6644	19.2936	18.0269
8772	18 30 55.811	-32 19 25.96	0.48	84.34	4.10	3.62	99.9999	19.5501	18.9213	18.1045
8780	18 31 28.976	-32 21 26.49	0.63	5.03	4.32	3.69	20.6879	19.7657	18.9951	17.9896
8783	18 31 23.364	-32 19 26.29	0.36	4.85	4.20	3.84	20.5061	19.6653	19.1483	18.2213
8800	18 30 53.928	-32 25 01.66	0.88	84.34	4.44	3.55	99.9999	19.8628	18.8476	18.0512
8807	18 30 57.677	-32 20 03.17	84.67	5.38	90.25	5.59	20.5748	99.9999	18.9197	18.1133
8810	18 31 25.463	-32 20 05.98	0.73	84.34	4.43	3.70	99.9999	19.8639	18.9947	17.9532
8812	18 31 16.801	-32 22 06.42	0.56	84.34	4.23	3.66	99.9999	19.6760	18.9657	18.2607
8813	18 31 28.229	-32 20 31.40	0.80	5.08	4.47	3.67	20.7387	19.9026	18.9632	18.0147
8819	18 31 29.506	-32 21 36.74	0.53	5.14	4.36	3.83	20.7955	19.8117	19.1314	99.9999
8820	18 31 41.583	-32 26 43.08	0.48	4.48	4.34	3.86	20.1403	19.7930	19.1605	18.4626
8848	18 31 30.198	-32 21 09.88	0.46	4.77	4.17	3.71	20.4293	19.6242	19.0160	18.2084
8890	18 31 02.394	-32 25 47.82	0.62	4.74	4.39	3.77	20.4017	19.8339	19.0660	18.1511
8897	18 31 25.710	-32 19 40.26	0.28	84.34	4.19	3.91	99.9999	19.6549	19.2158	18.0994
8906	18 31 20.975	-32 22 23.32	0.25	84.34	4.03	3.79	99.9999	19.5027	19.0952	18.1762
8923	18 31 29.355	-32 19 47.99	0.63	4.83	4.28	3.64	20.4916	19.7200	18.9422	18.2101
8930	18 31 28.604	-32 21 03.32	0.70	5.38	4.27	3.57	21.0361	19.7103	18.8684	18.4136
8933	18 31 29.857	-32 20 23.35	0.93	84.34	4.45	3.52	99.9999	19.8699	18.8114	18.3231
8961	18 31 03.644	-32 20 06.12	0.63	84.34	4.31	3.67	99.9999	19.7520	18.9740	18.1713
8974	18 31 20.097	-32 20 06.59	84.44	84.80	90.24	5.80	99.9999	99.9999	19.1337	17.8866
8975	18 31 33.060	-32 21 18.35	0.50	84.34	4.22	3.73	99.9999	19.6757	19.0306	18.2519
8984	18 31 21.385	-32 21 54.48	0.68	84.34	4.36	3.68	99.9999	19.7980	18.9748	18.4025
8991	18 31 26.799	-32 23 31.11	1.03	84.34	4.44	3.41	99.9999	19.8541	18.6973	18.0586
8999	18 31 26.391	-32 24 30.58	0.87	84.34	4.66	3.79	99.9999	20.0857	19.0804	17.8936
9028	18 31 07.857	-32 21 36.12	0.70	84.34	4.38	3.67	99.9999	19.8143	18.9712	18.1398
9060	18 31 26.824	-32 20 13.01	0.75	84.34	4.45	3.70	99.9999	19.8891	18.9990	18.0055
9066	18 31 20.355	-32 20 04.23	0.93	84.34	4.59	3.66	99.9999	20.0118	18.9524	18.0066
9068	18 31 28.959	-32 21 31.56	0.57	5.16	4.25	3.68	20.8169	19.7014	18.9841	18.3653
9069	18 31 17.142	-32 19 58.19	0.66	84.34	4.41	3.75	99.9999	19.8498	19.0474	18.0111
9086	18 31 18.518	-32 21 04.85	0.65	5.22	4.33	3.68	20.8822	19.7756	18.9815	18.1261
9090	18 31 16.054	-32 19 58.85	0.75	5.70	4.45	3.69	21.3555	19.8828	18.9903	17.9935
9104	18 31 21.527	-32 22 22.57	0.52	84.34	4.66	4.14	99.9999	20.1085	19.4390	17.8325
9106	18 31 14.548	-32 17 40.93	0.71	84.34	4.46	3.75	99.9999	19.8949	19.0483	18.2739
9116	18 30 58.499	-32 16 29.38	83.38	84.80	90.17	6.78	99.9999	99.9999	20.1457	17.8596
9133	18 31 18.101	-32 20 17.05	0.93	84.34	4.50	3.57	99.9999	19.9268	18.8665	18.1154
9158	18 31 25.702	-32 22 16.50	0.41	84.34	4.21	3.80	99.9999	19.6718	19.1071	18.2541
9161	18 31 16.734	-32 20 00.73	0.57	84.34	4.26	3.69	99.9999	19.7067	18.9938	18.1490
9184	18 31 28.246	-32 21 04.96	0.64	5.39	4.25	3.61	21.0463	19.6924	18.9083	18.2519
9199	18 31 15.661	-32 19 29.95	84.62	84.80	90.25	5.63	99.9999	99.9999	18.9637	18.0383
9226	18 31 25.860	-32 22 43.74	0.42	84.34	4.17	3.76	99.9999	19.6322	19.0602	18.2012
9232	18 31 26.338	-32 21 28.24	0.68	4.95	4.40	3.72	20.6051	19.8441	19.0220	18.4741
9246	18 31 28.541	-32 20 53.53	0.25	84.34	4.15	3.89	99.9999	19.6180	19.2033	18.1691
9270	18 30 50.771	-32 23 04.20	84.66	84.80	90.25	5.60	99.9999	99.9999	18.9267	18.1784
9297	18 31 46.824	-32 19 19.06	0.44	84.34	4.29	3.85	99.9999	19.7444	19.1526	18.0433
9298	18 31 20.144	-32 24 02.03	0.76	84.34	4.50	3.74	99.9999	19.9373	19.0382	18.0691
9312	18 31 27.504	-32 20 52.49	0.88	84.34	4.67	3.79	99.9999	20.0991	19.0875	99.9999
9317	18 31 22.735	-32 19 38.43	84.59	84.80	90.25	5.66	99.9999	99.9999	18.9907	18.0092
9325	18 31 28.231	-32 20 59.47	0.58	84.34	4.46	3.88	99.9999	19.9035	19.1770	99.9999
9365	18 31 24.792	-32 19 49.95	0.64	84.34	4.49	3.85	99.9999	19.9323	19.1461	99.9999
9374	18 31 18.457	-32 22 14.50	0.77	4.99	4.48	3.71	20.6442	19.9184	19.0106	18.1502
9377	18 31 41.030	-32 20 36.82	1.03	84.34	4.54	3.51	99.9999	19.9544	18.8002	18.1114
9395	18 31 13.453	-32 19 16.58	0.66	84.34	4.37	3.71	99.9999	19.8078	19.0045	18.1325
9438	18 31 08.124	-32 18 40.63	0.75	84.34	4.49	3.74	99.9999	19.9260	19.0341	18.0985
9450	18 31 30.942	-32 22 08.34	0.40	5.17	4.25	3.85	20.8302	19.7137	19.1561	18.1093
9470	18 31 30.545	-32 19 40.86	1.23	84.34	4.78	3.55	99.9999	20.1811	18.8338	17.9900
9473	18 30 57.536	-32 23 40.08	84.61	84.80	90.25	5.64	99.9999	99.9999	18.9697	17.9981
9481	18 31 18.903	-32 22 13.14	0.31	84.34	4.40	4.09	99.9999	19.8651	19.3943	99.9999
9490	18 31 27.598	-32 21 38.33	0.86	5.29	4.57	3.71	20.9471	20.0006	19.0062	18.1974
9491	18 31 28.175	-32 22 02.67	0.43	84.34	4.30	3.88	99.9999	19.7605	19.1813	18.1264
9502	18 31 23.493	-32 19 33.08	0.50	5.00	4.43	3.93	20.6635	19.8808	19.2347	18.1962
9517	18 31 26.905	-32 20 17.64	0.71	84.34	4.45	3.75	99.9999	19.8939	19.0463	18.1351
9527	18 31 19.611	-32 20 40.21	0.92	84.34	4.72	3.80	99.9999	20.1492	19.0944	99.9999
9529	18 31 29.031	-32 21 23.56	0.60	5.17	4.38	3.78	20.8284	19.8270	19.0826	18.1356
9541	18 31 23.212	-32 18 48.45	0.64	84.34	4.33	3.68	99.9999	19.7712	18.9842	18.1803
9545	18 31 19.944	-32 21 52.08	0.76	5.00	4.39	3.63	20.6623	19.8271	18.9275	18.3614
9549	18 31 29.586	-32 19 53.58	0.35	5.03	4.30	3.95	20.6894	19.7662	19.2592	18.2093
9551	18 31 50.955	-32 23 41.71	84.61	84.80	90.25	5.64	99.9999	99.9999	18.9757	18.2254
9582	18 31 00.571	-32 16 24.73	84.69	84.80	90.26	5.57	99.9999	99.9999	18.9007	18.2537
9583	18 31 28.651	-32 21 06.72	0.83	84.34	4.65	3.82	99.9999	20.0792	19.1137	99.9999
9613	18 31 22.782	-32 25 37.51	0.49	84.34	4.30	3.82	99.9999	19.7555	19.1194	18.2652
9617	18 31 12.445	-32 18 35.76	0.57	84.34	4.34	3.77	99.9999	19.7912	19.0719	18.2132
9625	18 31 12.785	-32 18 47.81	84.55	84.80	90.25	5.70	99.9999	99.9999	19.0337	18.1919
9636	18 31 26.085	-32 21 32.92	0.81	84.34	4.57	3.76	99.9999	20.0068	19.0594	18.7954
9646	18 31 11.160	-32 21 52.74	0.63	84.34	4.53	3.90	99.9999	19.9764	19.2029	17.9832
9647	18 31 29.827	-32 21 52.18	0.79	5.44	4.52	3.72	21.0967	19.9494	19.0190	18.1395
9650	18 30 57.337	-32 19 46.56	0.54	84.34	4.31	3.78	99.9999	19.7642	19.0793	18.3865
9657	18 31 27.810	-32 20 56.11	0.72	84.34	4.51	3.80	99.9999	19.9530	19.0955	18.0601
9677	18 31 28.552	-32 21 26.18	0.49	4.87	4.35	3.86	20.5273	19.8070	19.1627	18.3042
9690	18 31 23.204	-32 20 03.39	0.65	5.51	4.39	3.74	21.1690	19.8348	19.0434	18.2856
9692	18 31 28.084	-32 21 04.09	0.48	5.27	4.31	3.83	20.9340	19.7603	19.1314	18.3539
9718	18 30 58.718	-32 21 23.24	0.38	84.34	4.33	3.95	99.9999	19.7924	19.2575	18.1178
9741	18 31 17.045	-32 19 45.08	0.65	5.19	4.45	3.80	20.8512	19.8956	19.1025	18.3170
9744	18 31 17.060	-32 21 31.07	0.48	84.34	4.26	3.78	99.9999	19.7161	19.0873	18.2686
9751	18 31 12.993	-32 23 01.27	0.43	84.34	4.17	3.74	99.9999	19.6303	19.0484	18.1587
9779	18 31 17.217	-32 22 08.86	0.76	5.23	4.53	3.77	20.8892	19.9622	19.0634	18.2170
9790	18 31 27.286	-32 19 20.77	0.48	84.34	4.29	3.82	99.9999	19.7473	19.1202	18.3567
9801	18 31 12.709	-32 19 08.33	1.06	84.34	4.91	3.85	99.9999	20.3238	19.1407	18.0097
9804	18 31 16.704	-32 21 33.66	0.60	84.34	4.35	3.75	99.9999	19.7949	19.0494	18.3683
9805	18 31 18.870	-32 20 10.84	84.31	84.80	90.23	5.92	99.9999	99.9999	19.2567	18.0224
9810	18 31 23.370	-32 23 13.58	0.73	4.94	4.53	3.80	20.6029	19.9659	19.0979	18.2953
9814	18 31 00.268	-32 16 54.48	0.37	4.87	4.21	3.84	20.5297	19.6697	19.1455	18.3767
9870	18 31 22.219	-32 21 57.50	0.64	5.21	4.47	3.83	20.8732	19.9095	19.1263	18.3085
9880	18 31 15.329	-32 19 39.09	84.42	84.80	90.24	5.81	99.9999	99.9999	19.1497	18.0511
9884	18 31 09.163	-32 17 48.28	0.65	5.08	4.51	3.86	20.7345	19.9533	19.1565	18.1309
9892	18 31 19.908	-32 20 03.89	0.79	84.34	4.64	3.85	99.9999	20.0689	19.1449	18.0698
9897	18 31 17.668	-32 16 02.03	84.40	84.80	90.24	5.83	99.9999	99.9999	19.1707	18.0239
9899	18 31 16.618	-32 20 11.83	0.44	5.40	4.36	3.92	21.0583	19.8182	19.2218	18.1517
9909	18 31 12.633	-32 18 43.17	0.51	84.34	4.35	3.85	99.9999	19.8047	19.1488	18.2568
9930	18 31 02.342	-32 21 39.47	0.66	5.06	4.65	3.99	20.7161	20.0958	19.2936	18.1666
9936	18 31 17.511	-32 21 22.95	0.61	5.17	4.50	3.89	20.8247	19.9458	19.1878	18.1442
9946	18 31 29.362	-32 15 43.01	0.35	84.34	4.29	3.94	99.9999	19.7576	19.2471	18.3351
9999	18 31 23.492	-32 22 01.86	0.60	84.34	4.46	3.86	99.9999	19.9086	19.1604	18.1546
10003	18 31 54.699	-32 21 26.63	84.16	84.80	90.22	6.06	99.9999	99.9999	19.4067	17.9284
10034	18 31 19.719	-32 22 33.40	0.42	84.34	4.34	3.92	99.9999	19.8011	19.2282	18.2325
10037	18 31 19.034	-32 20 43.23	0.74	5.50	4.47	3.73	21.1559	19.9031	19.0251	18.4141
10043	18 31 26.068	-32 21 48.53	0.31	5.03	4.39	4.09	20.6953	19.8571	19.3933	18.3807
10057	18 31 08.374	-32 18 40.99	0.70	84.34	4.46	3.76	99.9999	19.8945	19.0541	18.3458
10085	18 31 31.578	-32 20 22.05	0.77	84.34	4.68	3.91	99.9999	20.1114	19.2036	99.9999
10089	18 31 55.199	-32 21 06.00	0.35	84.34	4.33	3.98	99.9999	19.7899	19.2830	18.2452
10096	18 31 27.816	-32 21 29.90	0.32	84.34	4.21	3.89	99.9999	19.6714	19.1935	18.4110
10121	18 31 32.959	-32 15 20.60	84.51	84.80	90.24	5.74	99.9999	99.9999	19.0707	18.1778
10126	18 31 23.253	-32 21 45.32	0.76	84.34	4.51	3.76	99.9999	19.9498	19.0561	18.3507
10139	18 31 15.861	-32 19 55.38	0.74	5.22	4.64	3.90	20.8827	20.0782	19.2020	18.1238
10186	18 31 18.659	-32 19 53.23	0.61	5.34	4.42	3.81	20.9951	19.8644	19.1127	18.3270
10212	18 31 29.166	-32 16 09.78	0.57	84.34	4.41	3.84	99.9999	19.8622	19.1439	18.4279
10215	18 31 30.880	-32 21 36.72	0.66	84.34	4.54	3.88	99.9999	19.9789	19.1774	18.5288
10250	18 30 57.460	-32 21 09.61	0.61	5.02	4.50	3.90	20.6780	19.9494	19.1987	18.3136
10262	18 31 27.436	-32 22 22.90	0.65	84.34	4.53	3.88	99.9999	19.9723	19.1753	18.1883
10291	18 31 17.407	-32 20 36.97	0.60	84.34	4.41	3.81	99.9999	19.8540	19.1104	18.3103
10308	18 31 18.632	-32 20 26.33	0.81	84.34	4.66	3.86	99.9999	20.0962	19.1523	18.1496
10311	18 31 55.223	-32 17 52.70	0.67	5.07	4.55	3.88	20.7284	19.9936	19.1779	18.3300
10319	18 31 28.702	-32 21 28.79	0.73	84.34	4.46	3.73	99.9999	19.9007	19.0287	18.5067
10386	18 31 02.211	-32 18 49.76	0.61	84.34	4.61	4.00	99.9999	20.0522	19.2995	18.1352
10393	18 31 27.320	-32 21 46.65	0.51	84.34	4.46	3.94	99.9999	19.9101	19.2469	18.2072
10405	18 31 30.167	-32 26 20.11	-0.08	4.84	4.42	4.50	20.5018	19.9102	19.8154	18.9946
10413	18 31 16.616	-32 21 14.67	0.72	5.10	4.59	3.87	20.7611	20.0256	19.1647	18.4380
10435	18 31 13.091	-32 21 08.17	84.44	84.80	90.24	5.80	99.9999	99.9999	19.1367	18.5675
10442	18 31 06.217	-32 25 05.43	0.60	84.34	4.56	3.96	99.9999	20.0048	19.2584	18.2379
10453	18 31 04.369	-32 24 23.12	83.68	84.80	90.19	6.51	99.9999	99.9999	19.8657	18.0096
10547	18 31 12.330	-32 18 29.16	84.01	84.80	90.21	6.20	99.9999	99.9999	19.5487	18.0251
10575	18 31 48.007	-32 15 49.69	0.47	84.34	4.46	3.99	99.9999	19.9178	19.2961	18.2542
10586	18 31 26.302	-32 19 57.21	0.59	5.46	4.47	3.88	21.1208	19.9166	19.1785	18.4776
10589	18 31 41.472	-32 19 00.88	84.10	84.80	90.22	6.11	99.9999	99.9999	19.4557	18.0620
10602	18 31 12.436	-32 19 07.84	0.44	84.34	4.45	4.01	99.9999	19.9111	19.3156	18.3401
10650	18 31 42.067	-32 25 02.42	84.29	84.80	90.23	5.93	99.9999	99.9999	19.2737	18.1466
10653	18 31 24.100	-32 21 44.01	84.37	84.80	90.23	5.87	99.9999	99.9999	19.2027	18.2045
10656	18 31 16.003	-32 19 28.98	0.52	84.34	4.47	3.95	99.9999	19.9246	19.2560	18.3323
10679	18 31 09.919	-32 18 22.14	84.37	84.80	90.23	5.86	99.9999	99.9999	19.1987	18.2123
10689	18 31 12.351	-32 19 14.25	0.64	84.34	4.56	3.92	99.9999	20.0028	19.2230	18.2599
10695	18 31 18.399	-32 20 27.94	0.39	84.34	4.40	4.01	99.9999	19.8636	19.3197	18.3323
10714	18 31 14.355	-32 18 36.00	0.47	5.05	4.52	4.04	20.7127	19.9707	19.3454	18.3632
10741	18 31 20.042	-32 19 48.81	0.40	84.34	4.49	4.09	99.9999	19.9536	19.3979	18.2450
10749	18 31 19.508	-32 20 22.80	0.40	84.34	4.34	3.93	99.9999	19.7955	19.2389	18.6429
10754	18 31 15.220	-32 21 33.46	84.43	84.80	90.24	5.80	99.9999	99.9999	19.1407	18.8312
10755	18 31 13.785	-32 23 07.43	0.83	84.34	4.73	3.91	99.9999	20.1646	19.2036	18.2330
10868	18 31 01.695	-32 16 29.83	0.69	84.34	4.53	3.83	99.9999	19.9660	19.1310	18.4641
10873	18 31 12.042	-32 19 26.87	0.28	5.06	4.44	4.15	20.7259	19.9049	19.4610	18.3700
10875	18 31 12.607	-32 18 48.19	84.26	84.80	90.23	5.96	99.9999	99.9999	19.3037	18.1776
10895	18 31 17.209	-32 20 15.49	0.69	84.34	4.56	3.88	99.9999	20.0034	19.1739	18.5671
10910	18 31 18.173	-32 22 17.89	0.42	84.34	4.40	3.97	99.9999	19.8557	19.2783	18.4114
10930	18 31 11.124	-32 21 10.39	0.46	4.99	4.51	4.06	20.6472	19.9693	19.3620	18.3812
10933	18 31 15.516	-32 24 09.50	0.50	84.34	4.49	3.99	99.9999	19.9411	19.2897	18.4607
10968	18 31 19.018	-32 20 15.54	0.93	5.51	4.85	3.92	21.1722	20.2766	19.2145	18.3001
10979	18 31 26.979	-32 21 39.52	0.46	84.34	4.48	4.03	99.9999	19.9407	19.3299	18.3955
10996	18 31 27.843	-32 24 17.60	0.64	84.34	4.61	3.97	99.9999	20.0497	19.2690	18.3187
11010	18 31 15.347	-32 22 14.82	84.32	84.80	90.23	5.91	99.9999	99.9999	19.2487	18.2210
11020	18 31 44.344	-32 23 40.14	0.30	5.15	4.38	4.09	20.8107	19.8479	19.3932	18.3778
11030	18 31 31.581	-32 21 23.19	0.72	84.34	4.63	3.92	99.9999	20.0731	19.2164	18.3996
11051	18 31 14.659	-32 15 55.50	0.50	5.02	4.53	4.04	20.6847	19.9876	19.3398	18.6662
11056	18 31 41.171	-32 27 27.88	84.11	84.80	90.22	6.11	99.9999	99.9999	19.4517	18.0904
11064	18 31 37.487	-32 16 43.03	0.51	4.93	4.67	4.16	20.5911	20.1242	19.4601	18.7803
11065	18 31 00.141	-32 21 10.43	0.42	5.05	4.53	4.11	20.7064	19.9904	19.4184	18.8140
11080	18 31 29.314	-32 20 54.86	0.53	84.34	4.66	4.14	99.9999	20.1152	19.4411	18.1838
11088	18 31 14.295	-32 18 46.40	0.38	84.34	4.37	3.99	99.9999	19.8350	19.2956	18.3802
11102	18 31 21.382	-32 23 22.67	0.62	5.15	4.61	3.99	20.8061	20.0545	19.2929	18.5424
11132	18 31 20.424	-32 19 48.37	84.37	84.80	90.23	5.87	99.9999	99.9999	19.2047	18.3167
11141	18 31 20.191	-32 18 26.16	0.18	5.63	4.28	4.10	21.2955	19.7499	19.4071	18.5846
11161	18 31 26.093	-32 21 53.38	0.08	84.34	4.47	4.39	99.9999	19.9494	19.6983	18.3463
11162	18 31 09.904	-32 18 36.40	0.51	84.34	4.63	4.12	99.9999	20.0795	19.4208	18.2690
11172	18 31 26.952	-32 20 57.68	0.67	5.32	4.91	4.24	20.9743	20.3497	19.5349	18.1754
11208	18 31 15.773	-32 20 06.55	0.38	84.34	4.42	4.04	99.9999	19.8794	19.3445	18.4410
11218	18 31 29.736	-32 21 22.72	0.77	5.49	4.76	3.99	21.1512	20.1914	19.2836	18.3514
11223	18 31 15.643	-32 20 32.01	0.56	84.34	4.61	4.05	99.9999	20.0624	19.3567	18.3113
11235	18 31 15.375	-32 22 43.73	0.50	5.09	4.76	4.26	20.7498	20.2105	19.5608	18.5625
11241	18 31 27.457	-32 22 11.60	0.67	84.34	4.47	3.80	99.9999	19.9100	19.0986	18.4911
11257	18 31 16.470	-32 19 27.92	84.36	84.80	90.23	5.87	99.9999	99.9999	19.2087	18.3502
11264	18 31 27.882	-32 21 50.28	0.50	84.34	4.57	4.07	99.9999	20.0234	19.3746	18.3529
11280	18 31 40.152	-32 24 19.95	84.16	84.80	90.22	6.06	99.9999	99.9999	19.4017	18.2077
11286	18 31 08.735	-32 18 22.78	0.73	84.34	4.75	4.02	99.9999	20.1849	19.3147	18.2919
11289	18 31 22.011	-32 17 53.02	0.63	84.34	4.70	4.06	99.9999	20.1411	19.3640	18.3311
11294	18 31 29.438	-32 21 44.92	84.22	5.60	90.22	6.01	20.7938	99.9999	19.3487	18.3633
11305	18 31 35.308	-32 16 54.41	84.13	84.80	90.22	6.08	99.9999	99.9999	19.4267	18.1845
11314	18 31 25.784	-32 21 32.05	0.54	84.34	4.64	4.10	99.9999	20.0897	19.3994	18.3199
11322	18 31 06.252	-32 16 12.62	0.51	84.34	4.61	4.11	99.9999	20.0666	19.4088	18.2816
11330	18 31 24.489	-32 19 53.62	0.64	84.34	4.75	4.11	99.9999	20.1914	19.4061	99.9999
11345	18 31 25.851	-32 22 07.55	0.39	84.34	4.47	4.07	99.9999	19.9264	19.3797	18.4445
11355	18 31 44.948	-32 20 44.50	0.36	84.34	4.30	3.94	99.9999	19.7669	19.2482	18.7208
11375	18 31 21.177	-32 22 37.40	0.66	84.34	4.77	4.11	99.9999	20.2165	19.4105	18.2738
11376	18 31 14.485	-32 19 07.55	0.58	84.34	4.61	4.03	99.9999	20.0605	19.3340	18.4634
11378	18 31 19.475	-32 21 51.11	0.45	5.12	4.59	4.14	20.7796	20.0480	19.4489	18.4682
11433	18 31 13.642	-32 19 15.94	0.65	84.34	4.63	3.97	99.9999	20.0722	19.2744	18.3985
11502	18 31 18.829	-32 20 46.20	0.83	6.35	4.82	3.99	22.0070	20.2530	19.2847	18.3288
11514	18 31 27.201	-32 20 47.60	0.62	84.34	4.42	3.80	99.9999	19.8616	19.1017	18.6191
11518	18 31 42.702	-32 18 29.19	84.28	84.80	90.23	5.95	99.9999	99.9999	19.2907	18.4361
11550	18 31 27.457	-32 20 46.11	0.57	84.34	4.74	4.18	99.9999	20.1898	19.4778	18.2955
11584	18 31 25.857	-32 20 16.47	83.88	84.80	90.20	6.32	99.9999	99.9999	19.6727	18.0852
11589	18 31 24.437	-32 19 43.63	0.26	84.34	4.40	4.14	99.9999	19.8648	19.4474	18.4879
11595	18 31 29.385	-32 20 27.96	0.41	5.12	4.51	4.10	20.7796	19.9683	19.4062	19.0746
11654	18 31 34.383	-32 26 22.67	84.38	84.80	90.23	5.86	99.9999	99.9999	19.1957	18.4100
11696	18 31 21.354	-32 25 27.33	84.39	84.80	90.24	5.84	99.9999	99.9999	19.1797	18.7088
11713	18 31 20.061	-32 20 10.97	84.43	84.80	90.24	5.81	99.9999	99.9999	19.1467	18.4712
11720	18 31 27.466	-32 21 04.26	0.21	84.34	4.48	4.27	99.9999	19.9530	19.5835	18.4851
11765	18 31 28.802	-32 21 57.21	0.71	84.34	4.71	4.00	99.9999	20.1534	19.3004	18.5072
11767	18 31 27.860	-32 21 34.39	0.67	84.34	4.72	4.04	99.9999	20.1586	19.3417	18.5078
11774	18 31 16.846	-32 19 59.30	0.66	84.34	4.65	4.00	99.9999	20.0951	19.2954	18.5445
11799	18 31 17.600	-32 19 53.62	0.70	84.34	4.75	4.05	99.9999	20.1847	19.3461	18.7057
11812	18 31 21.247	-32 21 48.69	0.58	5.86	4.71	4.13	21.5225	20.1548	19.4302	18.3853
11817	18 31 28.196	-32 21 56.66	0.63	5.29	4.78	4.15	20.9501	20.2275	19.4551	18.4634
11846	18 30 54.572	-32 27 13.89	84.23	84.80	90.22	5.99	99.9999	99.9999	19.3347	18.3434
11861	18 31 18.978	-32 20 10.02	84.32	84.80	90.23	5.91	99.9999	99.9999	19.2527	18.3726
11864	18 31 27.242	-32 20 32.75	1.15	84.34	5.28	4.13	99.9999	20.6910	19.4214	99.9999
11866	18 31 31.882	-32 22 02.91	0.45	84.34	4.72	4.27	99.9999	20.1801	19.5738	18.3414
11910	18 31 23.667	-32 21 41.61	83.94	84.80	90.21	6.26	99.9999	99.9999	19.6097	18.2671
11914	18 30 59.122	-32 18 39.64	83.95	84.80	90.21	6.25	99.9999	99.9999	19.6007	18.2680
11930	18 31 30.362	-32 21 05.82	0.56	84.34	4.81	4.25	99.9999	20.2620	19.5527	99.9999
11981	18 31 17.794	-32 14 07.59	84.13	84.80	90.22	6.09	99.9999	99.9999	19.4297	18.3813
11999	18 31 22.773	-32 23 08.89	0.32	84.34	4.53	4.21	99.9999	19.9971	19.5155	18.7359
12018	18 31 29.869	-32 19 50.75	83.72	84.80	90.19	6.47	99.9999	99.9999	19.8257	18.2037
12044	18 31 18.288	-32 20 01.26	0.47	5.32	4.76	4.28	20.9766	20.2127	19.5883	18.5354
12052	18 30 57.013	-32 15 32.88	83.88	84.80	90.20	6.32	99.9999	99.9999	19.6707	18.2809
12053	18 31 28.238	-32 20 47.33	0.31	5.56	4.77	4.46	21.2195	20.2379	19.7714	18.3553
12081	18 31 18.355	-32 20 25.65	0.17	84.34	4.54	4.38	99.9999	20.0203	19.6878	18.7259
12084	18 31 16.405	-32 19 46.61	84.05	84.80	90.21	6.16	99.9999	99.9999	19.5047	18.3461
12102	18 31 41.904	-32 26 59.78	83.46	84.80	90.17	6.71	99.9999	99.9999	20.0687	18.2431
12111	18 31 19.070	-32 19 52.09	0.33	84.34	4.55	4.22	99.9999	20.0172	19.5257	18.4901
12147	18 31 29.930	-32 21 08.47	84.06	84.80	90.21	6.15	99.9999	99.9999	19.4987	18.3677
12161	18 31 28.232	-32 21 28.60	0.39	84.34	4.56	4.17	99.9999	20.0157	19.4727	18.8474
12184	18 31 36.441	-32 21 02.05	0.57	84.34	4.80	4.23	99.9999	20.2436	19.5288	18.5020
12209	18 31 20.054	-32 19 55.44	84.06	84.80	90.21	6.15	99.9999	99.9999	19.4977	18.3814
12225	18 31 28.407	-32 21 51.90	0.44	84.34	4.66	4.22	99.9999	20.1211	19.5256	18.6308
12270	18 30 58.757	-32 21 45.54	84.15	84.80	90.22	6.07	99.9999	99.9999	19.4157	18.4667
12286	18 31 27.774	-32 21 31.71	83.99	84.80	90.21	6.22	99.9999	99.9999	19.5697	18.3727
12310	18 31 29.828	-32 20 06.14	0.40	5.53	4.61	4.21	21.1942	20.0738	19.5171	18.7241
12319	18 31 49.391	-32 21 06.43	0.52	84.34	4.76	4.24	99.9999	20.2118	19.5450	18.4826
12342	18 31 23.918	-32 19 21.86	0.69	84.34	4.85	4.16	99.9999	20.2854	19.4550	18.6179
12403	18 31 13.209	-32 15 25.51	0.27	84.34	4.58	4.31	99.9999	20.0486	19.6176	18.6923
12423	18 31 28.837	-32 19 48.76	84.08	84.80	90.21	6.13	99.9999	99.9999	19.4747	18.5158
12429	18 31 18.050	-32 20 20.66	84.08	84.80	90.21	6.14	99.9999	99.9999	19.4837	18.4766
12442	18 31 15.463	-32 27 34.74	0.43	84.34	4.70	4.27	99.9999	20.1600	19.5754	18.7103
12460	18 31 24.180	-32 14 11.32	84.03	84.80	90.21	6.18	99.9999	99.9999	19.5287	18.4331
12469	18 31 28.024	-32 20 04.85	0.31	84.34	4.70	4.40	99.9999	20.1697	19.7062	18.5285
12478	18 31 43.524	-32 17 52.17	0.56	84.34	4.81	4.24	99.9999	20.2541	19.5457	18.5672
12484	18 31 26.445	-32 21 24.23	83.95	5.76	90.21	6.25	20.9648	99.9999	19.5997	18.5375
12506	18 31 14.986	-32 16 41.22	84.04	84.80	90.21	6.17	99.9999	99.9999	19.5177	18.4585
12529	18 31 28.337	-32 22 01.70	83.97	84.80	90.21	6.23	99.9999	99.9999	19.5817	18.4251
12611	18 31 09.596	-32 26 08.09	84.14	84.80	90.22	6.08	99.9999	99.9999	19.4227	18.5888
12637	18 31 24.277	-32 19 47.18	0.85	84.34	4.99	4.14	99.9999	20.4215	19.4361	18.6963
12666	18 31 34.461	-32 21 37.73	84.02	84.80	90.21	6.19	99.9999	99.9999	19.5357	18.4745
12763	18 31 28.650	-32 20 22.61	0.78	84.34	5.18	4.40	99.9999	20.6127	19.6968	18.4476
12770	18 31 26.697	-32 20 00.05	0.81	6.03	4.95	4.14	21.6840	20.3793	19.4373	18.8409
12920	18 31 12.727	-32 19 32.47	83.91	5.67	90.20	6.29	20.8668	99.9999	19.6407	18.6327
12984	18 31 16.781	-32 19 12.23	83.91	84.80	90.20	6.29	99.9999	99.9999	19.6367	18.5126
12988	18 31 28.559	-32 19 34.80	83.74	84.80	90.19	6.45	99.9999	99.9999	19.8017	18.4463
13037	18 31 18.880	-32 20 18.98	83.92	6.11	90.20	6.28	21.3078	99.9999	19.6317	18.5440
13089	18 31 28.501	-32 20 13.87	0.84	84.34	5.25	4.41	99.9999	20.6765	19.7028	18.5028
13090	18 31 27.442	-32 21 45.34	84.02	84.80	90.21	6.19	99.9999	99.9999	19.5387	18.6940
13099	18 31 28.859	-32 19 52.41	84.13	84.80	90.22	6.09	99.9999	99.9999	19.4317	18.9392
13156	18 31 17.431	-32 20 18.55	84.05	5.99	90.21	6.17	21.1888	99.9999	19.5117	18.7270
13203	18 31 29.270	-32 21 52.84	84.12	84.80	90.22	6.10	99.9999	99.9999	19.4387	18.8439
13239	18 31 27.940	-32 20 00.70	84.03	84.80	90.21	6.19	99.9999	99.9999	19.5307	18.7499
13258	18 31 31.940	-32 15 06.23	83.90	84.80	90.20	6.30	99.9999	99.9999	19.6537	18.6230
13331	18 31 12.963	-32 19 20.19	0.40	5.41	4.64	4.24	21.0678	20.0992	19.5470	18.9922
13333	18 31 26.184	-32 22 05.32	83.81	6.03	90.20	6.39	21.2308	99.9999	19.7397	18.6224
13395	18 31 03.240	-32 17 50.92	83.31	84.80	90.16	6.85	99.9999	99.9999	20.2127	18.5169
13408	18 31 19.052	-32 21 44.29	0.77	84.34	5.05	4.28	99.9999	20.4860	19.5737	18.7644
13438	18 31 19.557	-32 19 39.22	83.82	84.80	90.20	6.37	99.9999	99.9999	19.7247	18.6035
13465	18 31 29.333	-32 21 37.42	0.56	84.34	5.07	4.51	99.9999	20.5152	19.8077	99.9999
13485	18 31 18.359	-32 20 08.92	83.84	84.80	90.20	6.36	99.9999	99.9999	19.7067	18.6278
13533	18 31 30.369	-32 19 35.37	83.87	84.80	90.20	6.33	99.9999	99.9999	19.6827	18.6727
13541	18 31 20.025	-32 21 45.57	83.84	84.80	90.20	6.36	99.9999	99.9999	19.7127	18.6505
13567	18 31 20.717	-32 19 45.22	1.01	84.34	5.25	4.24	99.9999	20.6710	19.5349	19.0215
13594	18 31 28.805	-32 21 27.64	83.82	84.80	90.20	6.38	99.9999	99.9999	19.7307	18.6567
13606	18 31 28.521	-32 19 36.77	83.82	84.80	90.20	6.38	99.9999	99.9999	19.7317	18.6853
13625	18 31 17.388	-32 19 10.66	0.52	84.34	4.96	4.44	99.9999	20.4128	19.7459	18.7957
13642	18 31 26.679	-32 22 15.44	0.13	84.34	4.94	4.81	99.9999	20.4164	20.1192	99.9999
13654	18 31 32.816	-32 20 21.90	83.70	84.80	90.19	6.49	99.9999	99.9999	19.8457	18.5986
13665	18 31 16.313	-32 23 04.40	83.93	84.80	90.20	6.28	99.9999	99.9999	19.6237	18.8223
13679	18 31 19.422	-32 22 27.13	83.75	5.89	90.19	6.45	21.0938	99.9999	19.7977	18.9244
13683	18 31 31.237	-32 21 15.30	0.43	84.34	4.90	4.46	99.9999	20.3568	19.7695	19.0431
13689	18 31 12.943	-32 18 54.73	83.88	84.80	90.20	6.33	99.9999	99.9999	19.6747	18.7552
13706	18 31 27.923	-32 21 02.83	83.81	84.80	90.20	6.39	99.9999	99.9999	19.7377	18.6726
13741	18 31 30.498	-32 21 12.54	83.86	84.80	90.20	6.34	99.9999	99.9999	19.6857	18.7327
13758	18 31 11.681	-32 19 30.88	83.89	84.80	90.20	6.31	99.9999	99.9999	19.6627	18.7570
13759	18 31 14.681	-32 19 36.12	83.75	84.80	90.19	6.44	99.9999	99.9999	19.7927	18.6794
13820	18 31 28.031	-32 21 59.36	0.38	84.34	5.07	4.70	99.9999	20.5347	20.0025	99.9999
13823	18 31 19.929	-32 19 59.77	83.94	84.80	90.20	6.27	99.9999	99.9999	19.6147	18.8871
13840	18 31 16.868	-32 19 28.33	83.84	84.80	90.20	6.35	99.9999	99.9999	19.7047	18.8354
13878	18 31 13.886	-32 20 20.10	-0.11	84.34	4.79	4.90	99.9999	20.2884	20.2190	18.7532
13894	18 31 28.565	-32 20 51.99	83.91	84.80	90.20	6.29	99.9999	99.9999	19.6367	18.9120
13905	18 31 25.104	-32 20 05.13	83.41	84.80	90.17	6.76	99.9999	99.9999	20.1217	18.6453
13991	18 31 18.255	-32 19 49.18	83.82	84.80	90.20	6.38	99.9999	99.9999	19.7317	18.8506
14010	18 31 27.358	-32 20 07.53	83.79	84.80	90.19	6.41	99.9999	99.9999	19.7577	18.7880
14037	18 31 28.338	-32 21 25.67	83.91	84.80	90.20	6.29	99.9999	99.9999	19.6417	18.9022
14049	18 31 27.472	-32 20 43.71	83.52	84.80	90.18	6.66	99.9999	99.9999	20.0137	18.7223
14064	18 31 11.138	-32 19 01.95	83.60	84.80	90.18	6.58	99.9999	99.9999	19.9387	18.6906
14074	18 31 20.115	-32 21 38.94	83.83	84.80	90.20	6.37	99.9999	99.9999	19.7217	18.9754
14078	18 31 13.208	-32 18 57.36	83.70	84.80	90.19	6.49	99.9999	99.9999	19.8387	18.7982
14116	18 31 17.821	-32 19 50.14	83.88	84.80	90.20	6.32	99.9999	99.9999	19.6697	18.9844
14148	18 31 32.917	-32 19 07.29	83.62	84.80	90.18	6.57	99.9999	99.9999	19.9207	18.7838
14184	18 31 27.069	-32 22 07.32	83.61	84.80	90.18	6.57	99.9999	99.9999	19.9287	18.7987
14193	18 31 16.276	-32 19 19.32	83.70	84.80	90.19	6.49	99.9999	99.9999	19.8407	18.8877
14249	18 31 09.285	-32 18 54.05	83.69	84.80	90.19	6.50	99.9999	99.9999	19.8517	18.9696
14261	18 31 29.301	-32 22 17.86	83.71	84.80	90.19	6.48	99.9999	99.9999	19.8327	19.0421
14270	18 31 28.611	-32 17 53.05	83.40	84.80	90.17	6.77	99.9999	99.9999	20.1277	18.7674
14280	18 31 35.642	-32 16 36.50	83.55	84.80	90.18	6.63	99.9999	99.9999	19.9897	18.8252
14313	18 31 20.055	-32 19 26.82	83.53	84.80	90.18	6.65	99.9999	99.9999	20.0047	18.8353
14314	18 31 19.311	-32 21 51.97	83.71	84.80	90.19	6.48	99.9999	99.9999	19.8327	19.0145
14338	18 31 25.720	-32 22 07.34	83.68	84.80	90.19	6.51	99.9999	99.9999	19.8597	18.9481
14366	18 30 52.794	-32 21 41.03	82.36	84.79	90.10	7.74	99.9999	99.9999	21.1207	18.8435
14379	18 31 21.803	-32 19 36.94	83.68	84.80	90.19	6.50	99.9999	99.9999	19.8587	19.1025
14386	18 31 16.284	-32 19 26.26	83.65	84.80	90.19	6.53	99.9999	99.9999	19.8877	19.0302
14387	18 31 12.818	-32 17 51.18	83.19	84.80	90.15	6.96	99.9999	99.9999	20.3247	18.7913
14390	18 31 33.288	-32 19 01.67	83.70	84.80	90.19	6.49	99.9999	99.9999	19.8467	19.1289
14417	18 31 19.653	-32 21 46.34	83.52	84.80	90.18	6.66	99.9999	99.9999	20.0137	18.9279
14422	18 31 16.901	-32 21 49.93	83.49	84.80	90.17	6.69	99.9999	99.9999	20.0447	18.9156
14423	18 31 34.539	-32 19 29.80	83.52	84.80	90.18	6.66	99.9999	99.9999	20.0177	18.9329
14424	18 31 09.358	-32 18 56.88	83.60	84.80	90.18	6.58	99.9999	99.9999	19.9357	18.9857
14427	18 31 11.308	-32 18 56.20	83.39	84.80	90.17	6.78	99.9999	99.9999	20.1397	18.8808
14430	18 31 16.305	-32 19 34.04	83.52	84.80	90.18	6.66	99.9999	99.9999	20.0127	18.9368
14514	18 31 17.128	-32 20 53.12	83.52	84.80	90.18	6.66	99.9999	99.9999	20.0147	19.0686
14525	18 31 14.019	-32 22 33.80	83.57	84.80	90.18	6.61	99.9999	99.9999	19.9697	19.0807
14534	18 31 26.710	-32 25 33.77	83.47	84.80	90.17	6.70	99.9999	99.9999	20.0627	19.0832
14550	18 31 54.172	-32 21 21.56	83.29	84.80	90.16	6.87	99.9999	99.9999	20.2327	18.9206
14558	18 31 15.378	-32 20 01.67	83.65	84.80	90.19	6.54	99.9999	99.9999	19.8897	19.3254
14564	18 31 34.290	-32 21 19.70	83.47	84.80	90.17	6.70	99.9999	99.9999	20.0577	19.1293
14566	18 31 16.404	-32 20 44.27	83.63	84.80	90.18	6.55	99.9999	99.9999	19.9047	19.2567
14585	18 31 16.768	-32 20 21.19	83.53	84.80	90.18	6.65	99.9999	99.9999	20.0057	19.4512
14594	18 31 18.907	-32 19 33.61	83.77	84.80	90.19	6.42	99.9999	99.9999	19.7727	19.1582
14602	18 31 21.122	-32 22 10.72	83.48	84.80	90.17	6.69	99.9999	99.9999	20.0507	19.2758
14610	18 31 42.949	-32 14 15.99	83.20	84.80	90.16	6.95	99.9999	99.9999	20.3167	19.0883
14625	18 31 21.245	-32 19 31.03	83.26	84.80	90.16	6.90	99.9999	99.9999	20.2657	19.1662
14628	18 31 16.314	-32 20 06.64	83.25	84.80	90.16	6.91	99.9999	99.9999	20.2767	19.1634
14632	18 31 15.983	-32 20 05.52	83.33	84.80	90.16	6.84	99.9999	99.9999	20.1987	19.2330
14636	18 31 28.811	-32 21 00.29	83.42	84.80	90.17	6.75	99.9999	99.9999	20.1067	19.6378
14637	18 31 17.545	-32 21 43.12	83.33	84.80	90.16	6.83	99.9999	99.9999	20.1967	19.3264
14642	18 31 18.723	-32 22 11.89	83.70	84.80	90.19	6.49	99.9999	99.9999	19.8457	19.2706
14643	18 31 28.553	-32 19 24.04	83.29	84.80	90.16	6.87	99.9999	99.9999	20.2337	19.3831
14646	18 31 18.625	-32 19 58.56	83.24	84.80	90.16	6.91	99.9999	99.9999	20.2777	19.3730
14650	18 31 12.354	-32 18 57.18	83.26	84.80	90.16	6.90	99.9999	99.9999	20.2597	19.4278
14652	18 31 12.973	-32 21 00.13	83.38	84.80	90.17	6.79	99.9999	99.9999	20.1477	19.5460
14667	18 31 36.204	-32 15 01.07	82.93	84.79	90.14	7.20	99.9999	99.9999	20.5747	19.5332
14669	18 31 26.131	-32 22 27.80	83.02	84.79	90.14	7.13	99.9999	99.9999	20.4957	19.6067
14672	18 31 26.902	-32 19 23.40	82.94	84.79	90.14	7.19	99.9999	99.9999	20.5657	19.7387
