# M79 E(B-V)=0.01, m-M = 15.55
# 	RA		Dec		(B-V)_0	M_u	M_B	M_V	u	B	V	I
2	05 24 39.047	-24 36 11.44	1.32	84.40	4.58	3.26	99.9999	20.1145	18.8269	17.1421
14	05 24 37.890	-24 35 45.62	0.91	0.78	-0.24	-1.15	16.3840	15.3133	14.4199	13.6037
18	05 24 37.373	-24 35 04.98	0.75	-1.04	-2.01	-2.75	14.5647	13.5561	12.8237	12.0838
19	05 24 37.324	-24 36 25.38	0.88	3.78	2.87	2.00	19.3841	18.4308	17.5732	16.7082
21	05 24 37.097	-24 35 31.73	81.43	84.67	88.10	6.67	99.9999	99.9999	21.0810	18.1052
25	05 24 36.869	-24 29 48.77	0.53	-2.76	-3.54	-4.07	12.8454	12.0314	11.5055	10.9053
33	05 24 35.656	-24 31 17.71	1.16	84.40	3.60	2.43	99.9999	19.1394	18.0028	16.7089
34	05 24 35.719	-24 28 01.85	0.81	2.93	2.40	1.59	18.5328	17.9609	17.1650	16.4238
40	05 24 35.028	-24 27 34.20	82.80	84.68	88.16	5.36	99.9999	99.9999	19.7560	18.2937
42	05 24 34.660	-24 27 47.35	82.56	84.68	88.15	5.59	99.9999	99.9999	19.9820	17.6413
57	05 24 32.526	-24 33 15.60	1.12	84.40	4.38	3.26	99.9999	19.9205	18.8260	17.3944
64	05 24 32.105	-24 32 06.84	0.78	2.42	1.22	0.45	18.0225	16.7842	16.0223	15.0840
67	05 24 31.791	-24 37 22.34	1.54	4.99	3.00	1.46	20.5881	18.5256	17.0222	14.8267
69	05 24 31.609	-24 35 46.13	83.22	84.68	88.18	4.96	99.9999	99.9999	19.3470	17.2546
80	05 24 30.992	-24 31 41.59	0.73	3.30	2.42	1.69	18.9028	17.9781	17.2653	16.4457
88	05 24 30.379	-24 32 42.86	83.18	84.68	88.18	5.00	99.9999	99.9999	19.3850	17.1056
89	05 24 30.028	-24 35 59.08	1.47	84.40	4.05	2.57	99.9999	19.5758	18.1389	16.1059
102	05 24 29.328	-24 30 51.01	82.96	84.68	88.17	5.21	99.9999	99.9999	19.6030	17.7618
119	05 24 28.639	-24 28 41.88	1.12	1.66	-0.11	-1.23	17.2620	15.4324	14.3350	13.0369
126	05 24 28.222	-24 33 44.62	82.59	84.68	88.15	5.56	99.9999	99.9999	19.9540	18.4462
135	05 24 28.040	-24 25 40.17	82.78	84.68	88.16	5.38	99.9999	99.9999	19.7720	17.6153
197	05 24 25.857	-24 27 48.71	82.61	84.68	88.15	5.54	99.9999	99.9999	19.9380	17.6784
212	05 24 25.487	-24 30 44.35	1.08	4.15	2.43	1.35	19.7467	17.9776	16.9222	15.6932
256	05 24 23.873	-24 34 54.81	1.22	84.40	4.03	2.81	99.9999	19.5682	18.3789	17.0344
261	05 24 23.842	-24 28 54.19	1.18	84.40	3.44	2.26	99.9999	18.9867	17.8332	16.7990
273	05 24 23.707	-24 26 41.48	0.53	0.63	-0.08	-0.62	16.2355	15.4873	14.9596	14.2792
345	05 24 22.143	-24 36 11.29	82.85	84.68	88.16	5.31	99.9999	99.9999	19.7070	17.2743
349	05 24 22.185	-24 31 51.17	0.35	5.03	4.25	3.90	20.6306	19.8273	19.4829	18.9694
370	05 24 21.965	-24 30 28.07	81.81	84.68	88.12	6.30	99.9999	99.9999	20.7120	18.5691
385	05 24 21.596	-24 33 58.45	1.33	84.40	4.96	3.64	99.9999	20.4978	19.2030	17.4954
389	05 24 21.632	-24 29 56.68	0.60	84.40	4.50	3.90	99.9999	20.0679	19.4757	18.1898
428	05 24 21.184	-24 26 34.19	0.99	4.26	2.59	1.60	19.8650	18.1415	17.1685	15.9807
527	05 24 19.890	-24 35 21.79	81.79	84.68	88.11	6.33	99.9999	99.9999	20.7370	18.6990
553	05 24 19.865	-24 27 13.15	82.62	84.68	88.15	5.53	99.9999	99.9999	19.9250	17.0837
626	05 24 19.171	-24 30 46.03	0.51	2.81	2.02	1.52	18.4116	17.5969	17.0960	16.4409
651	05 24 18.974	-24 32 03.08	0.38	0.59	-0.16	-0.54	16.1894	15.4152	15.0395	14.5798
700	05 24 18.591	-24 30 14.09	0.19	84.40	4.16	3.97	99.9999	19.7459	19.5567	99.9999
702	05 24 18.549	-24 31 34.72	0.20	84.40	4.60	4.40	99.9999	20.1834	19.9790	18.8135
759	05 24 18.148	-24 33 09.34	0.61	84.40	4.79	4.18	99.9999	20.3561	19.7548	19.0663
771	05 24 18.128	-24 31 07.59	0.42	4.48	3.79	3.37	20.0860	19.3711	18.9534	18.5383
841	05 24 17.722	-24 29 28.35	82.09	84.68	88.13	6.04	99.9999	99.9999	20.4440	19.4427
914	05 24 17.263	-24 31 59.84	0.13	84.40	4.51	4.38	99.9999	20.1003	19.9676	18.8974
929	05 24 17.200	-24 31 07.94	0.42	84.40	4.81	4.39	99.9999	20.3889	19.9722	19.5157
933	05 24 17.203	-24 30 11.41	81.38	84.67	88.10	6.72	99.9999	99.9999	21.1290	20.6094
963	05 24 17.021	-24 31 00.41	0.67	5.29	4.89	4.22	20.8928	20.4516	19.7952	19.2903
965	05 24 17.008	-24 31 21.50	0.51	84.40	4.57	4.06	99.9999	20.1435	19.6399	18.9078
973	05 24 16.974	-24 32 11.02	0.18	5.12	4.59	4.41	20.7296	20.1768	19.9975	19.0699
1004	05 24 16.836	-24 31 22.41	0.58	4.64	4.13	3.55	20.2430	19.6988	19.1255	18.5510
1016	05 24 16.810	-24 30 34.06	0.27	4.54	3.71	3.43	20.1426	19.2897	19.0164	18.4193
1034	05 24 16.720	-24 31 40.27	81.97	84.68	88.12	6.16	99.9999	99.9999	20.5620	20.3362
1062	05 24 16.573	-24 30 31.58	0.35	4.26	3.48	3.13	19.8687	19.0571	18.7109	17.8650
1093	05 24 16.416	-24 31 52.83	0.18	4.49	3.86	3.68	20.0978	19.4511	19.2646	18.4496
1104	05 24 16.400	-24 31 13.09	82.04	84.68	88.13	6.09	99.9999	99.9999	20.4920	19.9141
1107	05 24 16.372	-24 31 47.30	82.14	84.68	88.13	5.99	99.9999	99.9999	20.3950	19.8477
1137	05 24 16.286	-24 30 47.76	0.45	84.40	4.53	4.08	99.9999	20.1070	19.6608	18.7032
1182	05 24 16.103	-24 31 06.87	0.84	84.40	5.16	4.33	99.9999	20.7205	19.9005	19.2014
1226	05 24 15.962	-24 30 32.03	0.48	84.40	5.47	4.98	99.9999	21.0408	20.5614	99.9999
1252	05 24 15.829	-24 31 53.15	1.02	84.40	5.72	4.69	99.9999	21.2666	20.2651	20.2262
1270	05 24 15.780	-24 31 33.31	0.59	84.40	5.15	4.56	99.9999	20.7220	20.1405	19.7372
1274	05 24 15.773	-24 31 39.42	0.36	84.40	4.38	4.02	99.9999	19.9589	19.6040	19.1972
1277	05 24 15.775	-24 30 53.85	0.59	84.40	4.96	4.37	99.9999	20.5295	19.9435	19.4680
1286	05 24 15.745	-24 30 58.66	0.48	4.55	3.81	3.33	20.1578	19.3804	18.9045	18.2815
1287	05 24 15.733	-24 31 21.65	0.50	4.78	4.09	3.58	20.3874	19.6582	19.1600	18.6384
1301	05 24 15.662	-24 31 18.12	0.45	84.40	2.20	1.76	99.9999	17.7784	17.3357	16.3960
1312	05 24 15.626	-24 31 42.93	0.22	84.40	4.53	4.31	99.9999	20.1155	19.8914	19.3309
1332	05 24 15.547	-24 32 21.05	0.54	4.06	3.56	3.02	19.6607	19.1280	18.5976	17.9666
1340	05 24 15.577	-24 30 22.07	80.83	84.67	88.07	7.24	99.9999	99.9999	21.6660	19.7229
1343	05 24 15.557	-24 30 31.03	0.58	4.50	3.89	3.30	20.1061	19.4567	18.8825	18.3308
1347	05 24 15.504	-24 32 05.33	0.38	84.40	4.73	4.34	99.9999	20.3036	19.9254	19.1918
1352	05 24 15.490	-24 32 03.00	0.32	4.50	3.95	3.63	20.1002	19.5288	19.2094	18.3234
1382	05 24 15.384	-24 32 10.10	0.69	84.40	4.98	4.29	99.9999	20.5453	19.8634	19.3296
1385	05 24 15.394	-24 31 25.74	0.50	84.40	4.57	4.07	99.9999	20.1408	19.6507	19.1621
1391	05 24 15.385	-24 30 49.67	0.57	84.40	5.07	4.50	99.9999	20.6351	20.0760	19.4694
1410	05 24 15.311	-24 31 23.31	0.45	84.40	4.84	4.40	99.9999	20.4194	19.9767	18.9084
1420	05 24 15.273	-24 30 58.87	0.15	84.40	4.20	4.04	99.9999	19.7877	19.6281	18.5802
1456	05 24 15.146	-24 31 23.99	0.55	84.40	4.19	3.64	99.9999	19.7623	19.2158	99.9999
1458	05 24 15.140	-24 31 31.59	0.05	4.72	4.10	4.05	20.3254	19.6908	19.6351	18.1826
1465	05 24 15.104	-24 32 27.78	0.23	84.40	3.40	3.16	99.9999	18.9813	18.7446	99.9999
1470	05 24 15.114	-24 31 27.21	0.25	4.41	3.19	2.93	20.0128	18.7695	18.5140	17.8094
1480	05 24 15.065	-24 31 51.85	0.21	4.75	4.08	3.87	20.3508	19.6628	19.4521	18.6653
1484	05 24 15.040	-24 32 47.30	0.34	84.40	4.80	4.47	99.9999	20.3837	20.0476	18.9636
1488	05 24 15.067	-24 31 02.87	0.55	4.79	4.10	3.54	20.3929	19.6684	19.1220	18.4778
1506	05 24 15.006	-24 30 36.26	0.34	4.83	4.07	3.73	20.4352	19.6530	19.3157	18.5372
1507	05 24 14.947	-24 32 58.93	0.66	84.40	4.87	4.21	99.9999	20.4341	19.7819	18.8727
1508	05 24 14.973	-24 31 45.87	0.94	84.40	5.65	4.71	99.9999	21.2000	20.2834	19.5517
1513	05 24 14.984	-24 30 43.44	0.44	84.40	5.12	4.67	99.9999	20.6916	20.2507	99.9999
1527	05 24 14.890	-24 32 29.04	0.65	84.40	4.56	3.91	99.9999	20.1214	19.4826	18.9506
1529	05 24 14.925	-24 30 39.20	0.46	84.40	4.56	4.10	99.9999	20.1324	19.6799	99.9999
1537	05 24 14.901	-24 31 00.92	0.50	4.45	3.78	3.28	20.0534	19.3552	18.8570	18.1406
1542	05 24 14.950	-24 27 42.94	1.15	4.02	2.45	1.30	19.6240	17.9941	16.8735	15.4869
1554	05 24 14.870	-24 30 21.76	0.38	84.40	4.41	4.03	99.9999	19.9866	19.6084	18.9875
1568	05 24 14.825	-24 30 40.17	0.41	4.17	3.60	3.19	19.7723	19.1751	18.7681	18.1881
1569	05 24 14.799	-24 31 45.75	0.49	5.01	4.12	3.63	20.6152	19.6898	19.2086	18.5766
1604	05 24 14.677	-24 31 39.67	0.61	84.40	4.50	3.89	99.9999	20.0642	19.4648	99.9999
1620	05 24 14.578	-24 33 39.42	1.38	84.40	3.87	2.49	99.9999	19.4063	18.0561	16.5393
1639	05 24 14.524	-24 32 13.99	0.94	4.45	4.26	3.32	20.0547	19.8129	18.8954	18.2894
1647	05 24 14.503	-24 31 57.49	0.46	84.40	4.65	4.19	99.9999	20.2223	19.7689	18.9893
1656	05 24 14.488	-24 31 45.41	0.46	4.10	3.52	3.06	19.7075	19.0923	18.6361	99.9999
1660	05 24 14.510	-24 30 32.07	0.89	84.40	4.34	3.45	99.9999	19.8961	19.0216	99.9999
1664	05 24 14.463	-24 32 00.37	0.97	84.40	5.65	4.67	99.9999	21.1967	20.2461	19.7690
1675	05 24 14.438	-24 30 52.08	0.41	84.40	4.55	4.13	99.9999	20.1254	19.7141	19.0025
1678	05 24 14.444	-24 30 12.84	0.38	84.40	4.69	4.31	99.9999	20.2664	19.8865	19.3437
1679	05 24 14.417	-24 31 15.66	0.47	4.78	3.86	3.39	20.3802	19.4312	18.9644	17.9320
1688	05 24 14.374	-24 31 46.80	0.24	84.40	4.01	3.76	99.9999	19.5933	19.3468	18.4199
1697	05 24 14.351	-24 31 29.31	-0.04	84.39	3.49	3.53	99.9999	19.0899	19.1184	17.8664
1703	05 24 14.355	-24 30 36.05	0.61	5.23	4.79	4.18	20.8374	20.3568	19.7531	18.7794
1714	05 24 14.280	-24 32 45.98	82.69	84.68	88.16	5.47	99.9999	99.9999	19.8600	18.9121
1728	05 24 14.265	-24 31 45.08	0.23	3.69	3.13	2.89	19.2938	18.7106	18.4766	17.7012
1761	05 24 14.171	-24 31 56.85	0.50	84.40	4.11	3.62	99.9999	19.6857	19.1947	18.6438
1773	05 24 14.158	-24 30 51.01	0.37	84.40	4.47	4.10	99.9999	20.0507	19.6842	99.9999
1780	05 24 14.143	-24 30 27.46	0.63	84.40	4.52	3.90	99.9999	20.0896	19.4731	18.7220
1783	05 24 14.095	-24 32 11.29	0.62	84.40	4.89	4.28	99.9999	20.4615	19.8550	18.9684
1791	05 24 14.105	-24 31 03.97	0.25	4.40	3.62	3.37	19.9998	19.2065	18.9510	17.7093
1801	05 24 14.030	-24 33 00.34	0.44	84.40	4.62	4.18	99.9999	20.1949	19.7576	18.8615
1805	05 24 14.187	-24 25 48.61	0.78	2.54	1.48	0.70	18.1376	17.0410	16.2773	15.4577
1820	05 24 14.020	-24 30 26.40	-0.29	84.39	3.76	4.06	99.9999	19.3707	19.6455	99.9999
1832	05 24 13.996	-24 30 38.27	-0.70	4.67	4.09	4.79	20.2775	19.7192	20.3904	99.9999
1834	05 24 13.984	-24 31 00.55	0.23	84.40	3.87	3.64	99.9999	19.4597	19.2275	99.9999
1839	05 24 13.970	-24 30 59.68	83.36	84.68	88.19	4.82	99.9999	99.9999	19.2080	18.3679
1850	05 24 13.918	-24 31 58.84	0.41	3.80	3.19	2.78	19.4064	18.7650	18.3572	17.6168
1852	05 24 13.935	-24 30 57.42	0.27	84.40	4.01	3.74	99.9999	19.5912	19.3223	18.2495
1867	05 24 13.889	-24 31 30.65	0.19	84.40	3.02	2.83	99.9999	18.6061	18.4089	99.9999
1870	05 24 13.872	-24 31 57.28	0.36	84.40	4.32	3.95	99.9999	19.8953	19.5341	99.9999
1882	05 24 13.845	-24 31 00.11	0.08	84.39	3.86	3.78	99.9999	19.4500	19.3656	18.4122
1886	05 24 13.935	-24 26 57.58	1.42	84.40	4.30	2.88	99.9999	19.8327	18.4459	16.3071
1895	05 24 13.819	-24 30 51.84	0.32	84.40	4.42	4.10	99.9999	19.9994	19.6812	18.6550
1898	05 24 13.794	-24 31 16.19	82.98	84.68	88.17	5.19	99.9999	99.9999	19.5800	19.1198
1914	05 24 13.763	-24 31 11.76	0.69	5.20	4.13	3.43	20.8019	19.6893	19.0096	18.4073
1928	05 24 13.735	-24 30 57.31	0.50	4.56	3.85	3.35	20.1593	19.4253	18.9289	18.0167
1930	05 24 13.715	-24 31 46.69	0.45	3.79	3.17	2.72	19.3908	18.7473	18.3009	17.5539
1933	05 24 13.725	-24 31 09.62	83.39	84.68	88.19	4.79	99.9999	99.9999	19.1780	18.0886
1955	05 24 13.645	-24 31 26.65	0.67	4.62	3.80	3.13	20.2251	19.3653	18.7062	99.9999
1957	05 24 13.679	-24 29 46.28	0.17	4.34	3.74	3.58	19.9443	19.3315	19.1594	18.2210
1964	05 24 13.632	-24 31 03.89	0.38	84.40	3.92	3.54	99.9999	19.4948	19.1184	19.0456
1968	05 24 13.592	-24 32 27.25	81.48	84.67	88.10	6.62	99.9999	99.9999	21.0370	20.4996
1973	05 24 13.647	-24 29 40.62	0.44	84.40	5.01	4.57	99.9999	20.5857	20.1466	19.5127
1977	05 24 13.585	-24 31 59.95	83.57	84.68	88.20	4.63	99.9999	99.9999	19.0070	17.8969
1978	05 24 13.580	-24 32 13.40	0.26	84.40	4.31	4.05	99.9999	19.8932	19.6351	99.9999
1999	05 24 13.555	-24 31 32.90	0.38	84.40	2.50	2.12	99.9999	18.0770	17.7024	16.9134
2007	05 24 13.564	-24 30 42.21	0.62	84.40	4.97	4.35	99.9999	20.5378	19.9241	18.9860
2026	05 24 13.517	-24 31 15.60	0.65	3.18	2.59	1.95	18.7781	18.1606	17.5248	16.7917
2027	05 24 13.512	-24 31 13.39	0.34	4.08	3.42	3.08	19.6874	18.9986	18.6578	99.9999
2041	05 24 13.478	-24 30 15.24	0.73	84.40	4.25	3.52	99.9999	19.8156	19.0962	18.4162
2049	05 24 13.424	-24 31 25.36	0.66	84.40	3.94	3.28	99.9999	19.5046	18.8578	99.9999
2053	05 24 13.414	-24 31 20.56	0.45	84.40	3.20	2.76	99.9999	18.7802	18.3357	99.9999
2054	05 24 13.391	-24 32 19.51	-0.01	4.65	3.44	3.45	20.2580	19.0392	19.0390	18.2434
2058	05 24 13.415	-24 30 54.87	0.21	4.10	3.32	3.11	19.7090	18.9094	18.6942	99.9999
2063	05 24 13.367	-24 32 40.88	0.60	84.40	4.79	4.19	99.9999	20.3579	19.7657	19.0189
2067	05 24 13.355	-24 32 11.26	0.56	84.40	4.46	3.90	99.9999	20.0300	19.4798	99.9999
2071	05 24 13.363	-24 31 22.76	0.15	84.40	3.29	3.13	99.9999	18.8767	18.7171	99.9999
2091	05 24 13.337	-24 30 59.31	0.53	4.72	3.96	3.43	20.3262	19.5337	19.0105	18.4054
2094	05 24 13.311	-24 31 39.35	0.11	4.07	3.27	3.16	19.6733	18.8649	18.7483	17.5498
2096	05 24 13.308	-24 31 27.14	0.63	4.77	3.82	3.20	20.3766	19.3904	18.7724	99.9999
2101	05 24 13.292	-24 31 29.11	0.51	4.01	3.11	2.60	19.6168	18.6815	18.1771	99.9999
2104	05 24 13.274	-24 32 01.59	0.52	4.61	3.80	3.28	20.2124	19.3678	18.8563	18.3701
2115	05 24 13.273	-24 31 33.54	0.43	84.40	3.57	3.14	99.9999	19.1447	18.7154	99.9999
2117	05 24 13.252	-24 32 06.76	0.29	84.40	3.60	3.32	99.9999	19.1865	18.9006	99.9999
2124	05 24 13.218	-24 32 54.39	0.20	84.40	4.64	4.44	99.9999	20.2262	20.0191	99.9999
2133	05 24 13.211	-24 32 16.60	0.07	84.39	4.41	4.34	99.9999	20.0038	19.9275	18.7763
2136	05 24 13.215	-24 31 58.08	0.29	4.07	3.24	2.95	19.6730	18.8231	18.5279	17.6147
2138	05 24 13.233	-24 30 46.56	0.13	84.40	3.95	3.82	99.9999	19.5422	19.4076	18.2761
2148	05 24 13.163	-24 32 22.69	0.41	4.24	3.47	3.06	19.8392	19.0433	18.6381	17.9720
2151	05 24 13.201	-24 30 29.19	0.38	84.40	4.98	4.60	99.9999	20.5582	20.1755	19.6554
2159	05 24 13.155	-24 31 42.16	0.21	2.48	2.40	2.19	18.0888	17.9840	17.7751	99.9999
2161	05 24 13.152	-24 31 43.60	0.26	2.77	2.50	2.24	18.3723	18.0835	17.8182	17.4330
2162	05 24 13.165	-24 31 09.93	0.35	4.38	3.22	2.87	19.9817	18.7972	18.4519	17.8196
2169	05 24 13.133	-24 31 54.66	82.91	84.68	88.17	5.25	99.9999	99.9999	19.6460	18.2628
2171	05 24 13.134	-24 31 16.06	0.47	3.80	2.98	2.51	19.3993	18.5552	18.0874	17.5842
2172	05 24 13.117	-24 31 54.43	-0.06	4.45	3.67	3.72	20.0521	19.2645	19.3091	99.9999
2176	05 24 13.116	-24 31 40.41	0.24	84.40	2.63	2.39	99.9999	18.2175	17.9728	16.7659
2178	05 24 13.128	-24 31 01.42	0.48	3.88	3.19	2.71	19.4839	18.7673	18.2906	17.6764
2186	05 24 13.086	-24 32 12.99	0.32	4.48	3.88	3.56	20.0831	19.4620	19.1453	18.2505
2194	05 24 13.037	-24 33 06.42	0.36	3.08	2.43	2.07	18.6797	18.0134	17.6503	16.6408
2197	05 24 13.093	-24 30 30.65	0.43	4.55	3.90	3.47	20.1567	19.4810	19.0526	18.4305
2200	05 24 13.050	-24 31 56.46	-0.00	4.23	3.42	3.42	19.8392	19.0163	19.0071	18.0037
2214	05 24 13.036	-24 31 39.42	0.64	3.05	2.20	1.56	18.6526	17.7641	17.1336	16.4176
2218	05 24 13.040	-24 30 58.05	0.72	3.64	2.99	2.27	19.2466	18.5553	17.8453	17.0959
2239	05 24 12.959	-24 32 29.37	0.92	5.27	4.79	3.87	20.8676	20.3438	19.4451	18.8878
2246	05 24 12.968	-24 31 40.37	0.41	3.53	2.64	2.23	19.1386	18.2197	17.8082	16.8759
2248	05 24 12.947	-24 32 17.13	0.47	4.15	3.74	3.27	19.7512	19.3153	18.8493	17.9901
2249	05 24 12.956	-24 31 49.52	0.34	84.40	3.18	2.85	99.9999	18.7638	18.4286	17.4247
2265	05 24 12.920	-24 31 59.44	0.26	84.40	3.63	3.37	99.9999	19.2113	18.9540	18.2504
2266	05 24 12.910	-24 32 17.60	0.74	84.40	4.60	3.86	99.9999	20.1598	19.4314	99.9999
2289	05 24 12.827	-24 32 47.93	81.77	84.68	88.11	6.35	99.9999	99.9999	20.7550	19.8091
2292	05 24 12.807	-24 33 34.35	0.47	4.53	4.09	3.61	20.1363	19.6611	19.1924	18.5557
2296	05 24 12.866	-24 30 37.20	0.74	84.40	4.34	3.61	99.9999	19.9044	19.1822	18.5556
2298	05 24 12.886	-24 29 29.64	0.56	84.40	4.53	3.97	99.9999	20.1015	19.5459	19.1867
2312	05 24 12.805	-24 31 30.33	0.39	84.40	2.85	2.46	99.9999	18.4250	18.0406	16.9615
2317	05 24 12.818	-24 30 23.00	0.49	84.40	4.79	4.30	99.9999	20.3613	19.8765	19.3851
2322	05 24 12.766	-24 32 05.65	0.34	4.60	4.06	3.72	20.2035	19.6395	19.2969	18.4183
2324	05 24 12.759	-24 32 21.50	0.62	4.36	3.78	3.16	19.9679	19.3462	18.7362	17.9533
2331	05 24 12.746	-24 32 13.47	0.52	84.40	4.15	3.63	99.9999	19.7221	19.2042	99.9999
2349	05 24 12.738	-24 30 30.07	0.06	4.61	4.18	4.12	20.2148	19.7767	19.7093	18.5454
2352	05 24 12.692	-24 32 18.63	0.16	4.70	4.01	3.85	20.3051	19.5989	19.4303	18.5820
2377	05 24 12.647	-24 32 06.04	82.23	84.68	88.14	5.90	99.9999	99.9999	20.3040	19.1780
2388	05 24 12.629	-24 32 01.42	82.45	84.68	88.14	5.70	99.9999	99.9999	20.0950	18.5714
2390	05 24 12.643	-24 30 58.35	0.59	84.40	3.28	2.69	99.9999	18.8493	18.2714	99.9999
2392	05 24 12.614	-24 32 03.00	0.43	4.60	3.73	3.29	20.2087	19.3039	18.8746	17.9756
2399	05 24 12.587	-24 32 49.37	0.32	84.40	4.54	4.22	99.9999	20.1196	19.8032	19.1103
2408	05 24 12.632	-24 29 49.22	0.98	3.79	2.14	1.16	19.3898	17.6954	16.7323	15.6238
2431	05 24 12.520	-24 31 34.74	0.09	1.87	1.02	0.94	17.4705	16.6162	16.5238	15.3288
2442	05 24 12.474	-24 32 41.99	81.92	84.68	88.12	6.20	99.9999	99.9999	20.6060	20.0083
2448	05 24 12.485	-24 31 43.41	0.83	1.15	0.02	-0.81	16.7559	15.5808	14.7644	13.7686
2459	05 24 12.450	-24 32 15.83	0.28	4.34	3.55	3.27	19.9401	19.1369	18.8545	18.1376
2471	05 24 12.411	-24 31 59.93	0.14	84.40	3.50	3.36	99.9999	19.0939	18.9459	17.7775
2480	05 24 12.415	-24 30 49.13	0.46	84.40	3.62	3.16	99.9999	19.1949	18.7370	18.1610
2486	05 24 12.368	-24 32 01.75	0.18	84.40	3.72	3.54	99.9999	19.3080	19.1197	99.9999
2507	05 24 12.328	-24 31 35.09	0.05	84.39	1.89	1.84	99.9999	17.4826	17.4251	99.9999
2510	05 24 12.341	-24 30 54.38	0.51	84.40	4.20	3.69	99.9999	19.7712	19.2650	18.3982
2515	05 24 12.317	-24 30 51.65	0.64	4.26	3.76	3.12	19.8605	19.3273	18.6986	17.9687
2518	05 24 12.314	-24 30 48.93	0.78	84.40	4.73	3.95	99.9999	20.2859	19.5204	18.4633
2531	05 24 12.284	-24 31 02.46	0.03	2.08	0.53	0.50	17.6810	16.1282	16.0868	14.1795
2533	05 24 12.262	-24 31 56.12	0.24	84.40	3.74	3.50	99.9999	19.3226	19.0788	99.9999
2537	05 24 12.285	-24 30 37.03	0.49	4.07	3.60	3.11	19.6756	19.1713	18.6848	17.9310
2561	05 24 12.248	-24 30 29.67	0.32	84.40	4.49	4.17	99.9999	20.0733	19.7543	18.7062
2568	05 24 12.191	-24 32 20.99	0.31	84.40	4.00	3.69	99.9999	19.5816	19.2760	99.9999
2579	05 24 12.184	-24 31 50.96	0.43	1.40	0.68	0.25	17.0056	16.2532	15.8265	15.1640
2589	05 24 12.156	-24 32 36.78	0.41	4.50	3.86	3.45	20.1060	19.4336	19.0311	18.1830
2603	05 24 12.158	-24 30 37.65	1.25	84.40	4.93	3.68	99.9999	20.4697	19.2456	18.5741
2607	05 24 12.127	-24 31 35.47	-0.04	1.09	0.04	0.08	16.6965	15.6418	15.6694	15.4917
2612	05 24 12.137	-24 31 01.90	0.32	3.22	2.39	2.06	18.8283	17.9666	17.6454	99.9999
2614	05 24 12.108	-24 32 07.70	0.44	84.40	3.95	3.51	99.9999	19.5282	19.0936	99.9999
2638	05 24 12.051	-24 32 21.55	0.38	4.59	4.02	3.63	20.1966	19.5939	19.2146	18.5233
2639	05 24 12.017	-24 33 44.63	0.60	4.73	3.99	3.39	20.3311	19.5565	18.9698	18.1576
2657	05 24 12.060	-24 30 26.92	0.69	5.60	4.99	4.30	21.2029	20.5582	19.8777	19.0201
2660	05 24 12.076	-24 29 28.77	0.45	4.48	3.88	3.44	20.0875	19.4558	19.0148	18.5706
2665	05 24 12.047	-24 30 23.20	0.58	5.03	4.72	4.14	20.6289	20.2899	19.7175	18.8749
2667	05 24 12.007	-24 31 51.01	0.41	84.40	3.28	2.86	99.9999	18.8525	18.4421	99.9999
2668	05 24 12.031	-24 30 46.69	0.13	84.40	3.47	3.33	99.9999	19.0548	18.9167	17.5833
2669	05 24 12.027	-24 30 38.56	0.42	84.40	4.09	3.67	99.9999	19.6675	19.2463	18.6661
2676	05 24 11.965	-24 32 30.94	0.08	84.39	3.82	3.73	99.9999	19.4103	19.3188	18.3889
2685	05 24 11.972	-24 31 07.89	0.49	3.68	2.88	2.39	19.2848	18.4580	17.9688	99.9999
2688	05 24 11.976	-24 30 46.97	0.54	3.42	3.10	2.56	19.0221	18.6736	18.1387	99.9999
2692	05 24 11.973	-24 30 41.01	0.57	4.15	3.76	3.18	19.7532	19.3257	18.7623	18.0802
2696	05 24 11.924	-24 32 15.40	0.91	4.43	4.07	3.16	20.0306	19.6266	18.7369	18.1957
2699	05 24 11.956	-24 30 43.45	1.03	84.40	4.80	3.78	99.9999	20.3504	19.3462	18.6711
2710	05 24 11.923	-24 31 41.23	0.35	84.40	2.02	1.67	99.9999	17.5993	17.2489	99.9999
2723	05 24 11.928	-24 30 13.16	0.53	84.40	4.31	3.78	99.9999	19.8826	19.3593	18.5615
2733	05 24 11.905	-24 30 37.98	1.03	4.99	4.76	3.73	20.5890	20.3121	19.3052	18.8062
2743	05 24 11.867	-24 31 01.53	0.42	4.29	3.83	3.41	19.8938	19.4053	18.9903	99.9999
2753	05 24 11.845	-24 30 52.37	0.29	4.14	3.39	3.10	19.7438	18.9764	18.6838	17.7638
2756	05 24 11.819	-24 31 42.65	-0.21	1.44	0.54	0.74	17.0485	16.1407	16.3322	99.9999
2774	05 24 11.759	-24 31 56.93	0.29	3.76	3.14	2.85	19.3678	18.7214	18.4288	17.3950
2778	05 24 11.751	-24 31 52.53	0.25	84.40	2.85	2.60	99.9999	18.4316	18.1780	99.9999
2779	05 24 11.759	-24 31 23.92	0.44	1.77	0.92	0.47	17.3724	16.4929	16.0528	99.9999
2783	05 24 11.716	-24 32 25.38	0.71	4.58	4.01	3.30	20.1785	19.5765	18.8790	99.9999
2791	05 24 11.759	-24 30 09.90	0.28	84.40	4.18	3.90	99.9999	19.7584	19.4814	18.8200
2810	05 24 11.708	-24 30 51.80	0.30	4.07	3.22	2.92	19.6724	18.8032	18.4991	17.6935
2813	05 24 11.666	-24 32 26.73	0.73	84.40	4.98	4.25	99.9999	20.5448	19.8272	99.9999
2823	05 24 11.635	-24 32 34.43	0.97	84.40	5.62	4.65	99.9999	21.1709	20.2230	19.6223
2824	05 24 11.680	-24 30 34.64	0.64	84.40	5.07	4.42	99.9999	20.6320	19.9995	99.9999
2848	05 24 11.559	-24 33 53.80	0.39	84.40	3.91	3.53	99.9999	19.4910	19.1066	18.7833
2858	05 24 11.581	-24 32 11.14	0.32	4.97	4.24	3.92	20.5705	19.8213	19.4975	18.5273
2864	05 24 11.622	-24 29 57.46	0.36	4.35	3.65	3.28	19.9526	19.2246	18.8632	18.2692
2870	05 24 11.559	-24 32 15.87	0.06	84.39	4.27	4.21	99.9999	19.8657	19.7983	18.8204
2871	05 24 11.590	-24 30 53.25	0.41	84.40	3.44	3.03	99.9999	19.0139	18.6080	17.7353
2872	05 24 11.593	-24 30 39.43	0.15	3.93	3.08	2.93	19.5298	18.6727	18.5131	17.9202
2887	05 24 11.541	-24 31 57.39	84.01	4.08	88.22	4.20	19.3930	99.9999	18.5800	99.9999
2899	05 24 11.475	-24 33 53.60	0.52	84.40	3.87	3.35	99.9999	19.4442	18.9272	18.2225
2910	05 24 11.526	-24 30 32.09	0.67	4.92	4.38	3.71	20.5242	19.9482	19.2873	18.4845
2920	05 24 11.483	-24 31 57.90	0.71	84.40	2.64	1.92	99.9999	18.1993	17.4969	16.7183
2923	05 24 11.492	-24 31 06.69	0.20	84.40	1.90	1.70	99.9999	17.4817	17.2799	16.4310
2965	05 24 11.368	-24 32 29.03	83.49	84.68	88.19	4.70	99.9999	99.9999	19.0820	17.7156
2972	05 24 11.381	-24 31 26.07	0.42	0.57	-0.43	-0.85	16.1731	15.1479	14.7284	13.4527
2979	05 24 11.374	-24 31 20.06	0.03	1.17	0.46	0.43	16.7790	16.0563	16.0167	15.3194
2994	05 24 11.357	-24 30 51.34	0.37	84.40	4.09	3.72	99.9999	19.6702	19.2983	18.3521
2996	05 24 11.334	-24 31 31.31	0.44	-0.28	-1.16	-1.59	15.3270	14.4205	13.9867	12.9590
3022	05 24 11.268	-24 31 53.91	0.50	3.17	2.70	2.20	18.7774	18.2742	17.7760	16.6570
3042	05 24 11.253	-24 30 55.11	0.06	84.39	4.07	4.01	99.9999	19.6673	19.5964	18.1604
3046	05 24 11.243	-24 30 49.37	0.21	4.41	3.53	3.32	20.0178	19.1128	18.9021	17.8235
3053	05 24 11.239	-24 30 16.92	0.76	4.79	4.05	3.29	20.3906	19.6101	18.8679	99.9999
3061	05 24 11.158	-24 32 40.78	0.51	4.80	4.11	3.60	20.4048	19.6855	19.1811	99.9999
3082	05 24 11.101	-24 32 21.20	0.28	4.22	3.65	3.37	19.8289	19.2311	18.9515	17.9843
3085	05 24 11.107	-24 31 50.38	0.09	84.39	1.98	1.88	99.9999	17.5667	17.4689	16.3084
3090	05 24 11.122	-24 31 04.35	0.04	2.18	1.83	1.79	17.7884	17.4240	17.3710	99.9999
3100	05 24 11.135	-24 29 54.92	0.91	4.62	3.20	2.29	20.2177	18.7495	17.8589	16.6430
3123	05 24 11.019	-24 32 26.88	0.85	4.80	4.28	3.43	20.4061	19.8407	19.0028	18.2430
3140	05 24 10.987	-24 32 23.33	0.08	4.41	3.23	3.15	20.0164	18.8215	18.7317	99.9999
3156	05 24 10.983	-24 31 11.55	0.15	84.40	2.13	1.97	99.9999	17.7157	17.5561	99.9999
3167	05 24 10.941	-24 32 17.29	0.59	84.40	4.71	4.12	99.9999	20.2792	19.7004	99.9999
3178	05 24 10.912	-24 32 35.51	82.15	84.68	88.13	5.98	99.9999	99.9999	20.3800	19.2718
3187	05 24 10.912	-24 31 38.67	0.20	84.40	0.77	0.57	99.9999	16.3571	16.1491	99.9999
3188	05 24 10.931	-24 30 46.06	0.40	4.37	3.62	3.22	19.9737	19.1981	18.8010	18.0015
3189	05 24 10.896	-24 32 08.92	0.51	3.82	3.19	2.68	19.4261	18.7662	18.2582	17.4881
3205	05 24 10.868	-24 32 11.04	0.34	4.55	3.53	3.19	20.1585	19.1135	18.7709	18.0219
3215	05 24 10.842	-24 32 29.75	0.37	4.19	3.71	3.34	19.7970	19.2849	18.9164	18.1709
3221	05 24 10.867	-24 31 17.93	0.26	1.12	0.29	0.03	16.7260	15.8761	15.6171	14.9273
3250	05 24 10.836	-24 30 41.05	1.03	84.40	4.32	3.29	99.9999	19.8670	18.8592	99.9999
3257	05 24 10.830	-24 30 05.93	0.55	4.64	4.14	3.59	20.2430	19.7143	19.1670	18.9274
3261	05 24 10.807	-24 30 29.65	81.91	84.68	88.12	6.21	99.9999	99.9999	20.6120	19.3881
3283	05 24 10.762	-24 30 41.15	0.28	84.40	3.20	2.91	99.9999	18.7789	18.4965	99.9999
3295	05 24 10.737	-24 30 29.44	0.41	5.00	4.25	3.84	20.6084	19.8250	19.4172	99.9999
3298	05 24 10.689	-24 32 16.24	0.56	84.40	4.18	3.62	99.9999	19.7518	19.1999	18.5311
3313	05 24 10.691	-24 31 03.92	0.34	84.40	3.09	2.75	99.9999	18.6695	18.3316	99.9999
3321	05 24 10.658	-24 31 50.38	0.40	2.80	2.02	1.62	18.4057	17.6012	17.2049	16.2690
3332	05 24 10.601	-24 32 15.33	0.65	4.11	3.39	2.74	19.7148	18.9558	18.3119	17.8696
3340	05 24 10.636	-24 30 17.65	0.73	5.47	4.63	3.90	21.0726	20.1963	19.4755	18.5103
3364	05 24 10.589	-24 30 38.19	0.73	84.40	4.43	3.70	99.9999	19.9898	19.2722	18.7534
3370	05 24 10.529	-24 32 42.17	0.30	84.40	4.32	4.02	99.9999	19.9024	19.6048	19.2289
3395	05 24 10.522	-24 30 41.46	-0.05	84.39	4.39	4.44	99.9999	19.9896	20.0252	99.9999
3403	05 24 10.471	-24 32 35.61	0.29	84.40	4.27	3.98	99.9999	19.8504	19.5626	19.1819
3420	05 24 10.484	-24 30 48.25	-0.03	4.25	3.42	3.45	19.8546	19.0180	19.0366	17.9051
3423	05 24 10.438	-24 32 24.92	0.17	4.14	3.25	3.08	19.7454	18.8362	18.6604	17.2521
3436	05 24 10.404	-24 32 30.11	0.56	4.72	3.92	3.36	20.3203	19.4890	18.9380	18.4234
3452	05 24 10.389	-24 31 31.21	0.09	1.66	0.77	0.68	17.2697	16.3587	16.2609	15.6316
3461	05 24 10.374	-24 31 05.27	0.26	84.40	2.80	2.54	99.9999	18.3790	18.1191	99.9999
3463	05 24 10.404	-24 29 42.61	0.19	84.40	4.54	4.35	99.9999	20.1265	19.9338	19.4500
3479	05 24 10.370	-24 29 25.29	-0.54	84.39	3.92	4.46	99.9999	19.5398	20.0528	99.9999
3484	05 24 10.297	-24 32 12.61	0.69	84.40	4.25	3.56	99.9999	19.8124	19.1324	18.3919
3494	05 24 10.313	-24 30 42.45	1.01	5.70	5.22	4.22	21.3043	20.7714	19.7878	19.1507
3503	05 24 10.315	-24 29 42.80	81.77	84.68	88.11	6.34	99.9999	99.9999	20.7500	19.7902
3508	05 24 10.292	-24 30 18.73	0.26	3.98	3.15	2.89	19.5813	18.7384	18.4722	17.9782
3510	05 24 10.303	-24 29 35.77	0.32	84.40	4.34	4.01	99.9999	19.9170	19.5943	18.9913
3525	05 24 10.212	-24 31 54.56	-0.15	84.39	3.32	3.47	99.9999	18.9213	19.0573	99.9999
3555	05 24 10.167	-24 31 39.00	0.04	1.61	1.10	1.06	17.2194	16.6970	16.6440	99.9999
3560	05 24 10.178	-24 30 49.53	0.81	4.93	4.41	3.60	20.5331	19.9736	19.1750	18.3052
3568	05 24 10.174	-24 30 20.49	0.47	4.43	3.86	3.38	20.0382	19.4302	18.9634	18.2881
3574	05 24 10.151	-24 30 46.61	0.22	4.70	3.88	3.66	20.3082	19.4610	19.2423	18.5256
3592	05 24 10.105	-24 30 58.38	0.53	84.40	3.60	3.07	99.9999	19.1726	18.6493	17.8891
3596	05 24 10.072	-24 31 55.71	0.52	4.28	3.32	2.80	19.8814	18.8908	18.3783	17.5171
3609	05 24 10.061	-24 31 24.80	0.42	84.40	2.39	1.97	99.9999	17.9675	17.5473	99.9999
3622	05 24 10.012	-24 32 12.26	0.46	3.79	3.40	2.94	19.3906	18.9772	18.5202	17.7650
3627	05 24 10.034	-24 30 52.32	0.51	84.40	3.83	3.32	99.9999	19.3999	18.9008	18.3745
3638	05 24 10.014	-24 31 07.53	0.48	4.08	3.50	3.02	19.6878	19.0734	18.5985	17.9004
3640	05 24 10.012	-24 31 00.83	0.48	3.87	3.27	2.79	19.4696	18.8426	18.3695	17.3083
3641	05 24 10.016	-24 30 48.43	0.69	5.00	4.30	3.61	20.6078	19.8664	19.1876	18.7555
3663	05 24 09.957	-24 31 14.14	-0.06	2.01	1.71	1.77	17.6161	17.3117	17.3580	16.6683
3668	05 24 09.926	-24 32 02.78	0.34	84.40	3.85	3.51	99.9999	19.4303	19.0907	99.9999
3669	05 24 09.912	-24 31 51.76	0.10	2.92	2.04	1.93	18.5221	17.6294	17.5182	16.4830
3692	05 24 09.847	-24 32 10.78	0.68	84.40	4.85	4.17	99.9999	20.4108	19.7451	18.7823
3699	05 24 09.869	-24 30 47.89	0.64	5.57	4.46	3.83	21.1703	20.0315	19.4046	18.9774
3702	05 24 09.863	-24 30 43.68	0.51	5.39	4.40	3.89	20.9920	19.9723	19.4652	19.0285
3723	05 24 09.816	-24 30 28.86	0.15	5.39	4.14	3.99	20.9927	19.7311	19.5750	18.7507
3725	05 24 09.798	-24 31 13.85	0.27	3.47	2.88	2.61	19.0777	18.4637	18.1894	17.1580
3730	05 24 09.817	-24 30 12.03	81.24	84.67	88.09	6.85	99.9999	99.9999	21.2690	20.1381
3742	05 24 09.753	-24 32 01.37	0.23	3.92	3.15	2.92	19.5259	18.7335	18.4986	17.2217
3762	05 24 09.739	-24 30 18.35	0.50	84.40	4.13	3.63	99.9999	19.7016	19.2097	18.4639
3784	05 24 09.653	-24 31 08.51	0.14	3.61	2.99	2.85	19.2134	18.5837	18.4339	17.3110
3791	05 24 09.652	-24 30 44.46	0.18	84.40	4.85	4.67	99.9999	20.4368	20.2565	19.2428
3809	05 24 09.608	-24 30 48.59	0.42	84.40	4.46	4.03	99.9999	20.0345	19.6133	18.9045
3832	05 24 09.515	-24 32 00.61	0.31	4.42	3.52	3.21	20.0258	19.0986	18.7882	17.8282
3834	05 24 09.500	-24 32 16.42	82.44	84.68	88.14	5.70	99.9999	99.9999	20.1030	19.2501
3848	05 24 09.509	-24 30 54.93	0.42	84.40	4.12	3.69	99.9999	19.6925	19.2713	99.9999
3857	05 24 09.482	-24 30 56.79	0.40	84.40	4.58	4.18	99.9999	20.1570	19.7618	99.9999
3863	05 24 09.466	-24 31 09.94	0.30	84.40	3.27	2.97	99.9999	18.8551	18.5539	99.9999
3877	05 24 09.429	-24 31 29.10	0.78	2.22	1.55	0.78	17.8224	17.1133	16.3523	15.4822
3878	05 24 09.421	-24 31 49.12	0.08	84.39	2.68	2.61	99.9999	18.2751	18.1916	17.1659
3896	05 24 09.386	-24 30 58.17	0.28	5.13	4.29	4.01	20.7299	19.8732	19.5945	99.9999
3913	05 24 09.241	-24 35 14.75	0.64	0.60	-0.25	-0.89	16.2007	15.3211	14.6897	13.9933
3915	05 24 09.346	-24 30 38.98	0.73	4.78	3.98	3.25	20.3866	19.5433	18.8225	18.2154
3923	05 24 09.379	-24 28 51.29	0.55	84.40	4.98	4.43	99.9999	20.5522	20.0048	19.4597
3925	05 24 09.172	-24 37 21.52	0.70	3.70	2.95	2.26	19.3045	18.5186	17.8318	17.0592
3939	05 24 09.274	-24 31 05.92	0.49	2.48	1.33	0.83	18.0868	16.9030	16.4138	15.6066
3953	05 24 09.253	-24 31 22.91	0.15	4.76	3.71	3.56	20.3696	19.2942	19.1390	99.9999
3958	05 24 09.236	-24 31 41.62	0.44	1.36	0.37	-0.07	16.9670	15.9475	15.5137	14.9173
3962	05 24 09.250	-24 30 50.34	0.46	5.04	4.14	3.68	20.6453	19.7146	19.2621	18.5861
3963	05 24 09.251	-24 30 39.80	0.75	84.40	4.07	3.32	99.9999	19.6337	18.8946	99.9999
3965	05 24 09.218	-24 31 52.93	0.63	3.64	3.16	2.52	19.2410	18.7238	18.1005	17.1432
3975	05 24 09.185	-24 31 15.58	0.58	3.91	3.14	2.56	19.5180	18.7118	18.1385	99.9999
3979	05 24 09.199	-24 30 21.65	0.42	84.40	4.58	4.16	99.9999	20.1562	19.7431	19.2393
3981	05 24 09.161	-24 31 30.81	0.26	3.46	2.71	2.44	19.0622	18.2897	18.0262	17.2720
3983	05 24 09.159	-24 31 29.25	0.15	3.54	2.69	2.54	19.1438	18.2788	18.1201	17.1988
3984	05 24 09.155	-24 31 39.82	0.17	3.45	2.47	2.30	19.0564	18.0571	17.8804	17.0755
3985	05 24 09.151	-24 31 35.95	0.28	4.28	3.21	2.93	19.8881	18.7968	18.5136	17.4622
3992	05 24 09.027	-24 36 11.18	82.17	84.68	88.13	5.96	99.9999	99.9999	20.3650	18.1024
3997	05 24 09.158	-24 30 26.65	0.42	84.40	4.54	4.13	99.9999	20.1202	19.7061	18.5256
4016	05 24 09.079	-24 31 46.04	0.29	3.27	2.61	2.32	18.8744	18.1912	17.9017	16.6563
4019	05 24 09.077	-24 31 18.89	0.61	4.38	3.52	2.91	19.9784	19.0908	18.4871	99.9999
4023	05 24 09.052	-24 32 01.16	0.54	3.36	2.79	2.24	18.9612	18.3584	17.8218	17.0571
4033	05 24 09.024	-24 32 34.99	0.03	3.77	3.23	3.20	19.3780	18.8235	18.7857	99.9999
4038	05 24 08.980	-24 33 46.88	0.52	4.92	4.57	4.05	20.5214	20.1398	19.6283	19.0817
4061	05 24 08.978	-24 31 56.47	0.26	3.64	3.19	2.93	19.2473	18.7735	18.5082	17.3662
4081	05 24 08.965	-24 30 58.19	0.59	84.40	3.78	3.19	99.9999	19.3502	18.7714	17.7370
4096	05 24 08.931	-24 31 08.22	0.01	3.45	2.84	2.83	19.0594	18.4318	18.4172	99.9999
4110	05 24 08.894	-24 31 24.17	1.03	4.51	4.29	3.26	20.1090	19.8401	18.8332	17.8811
4114	05 24 08.897	-24 30 59.99	0.69	84.40	4.18	3.49	99.9999	19.7425	19.0634	99.9999
4128	05 24 08.843	-24 31 53.18	0.24	4.63	3.71	3.47	20.2390	19.2922	19.0547	17.9844
4132	05 24 08.829	-24 31 57.73	0.77	4.63	4.09	3.32	20.2363	19.6524	18.8923	18.2221
4149	05 24 08.775	-24 32 45.34	0.60	84.40	3.92	3.32	99.9999	19.4842	18.8946	18.4031
4150	05 24 08.825	-24 30 32.30	0.55	4.21	3.64	3.09	19.8148	19.2126	18.6679	18.0099
4162	05 24 08.746	-24 32 13.97	0.37	4.26	3.38	3.01	19.8619	18.9621	18.5953	17.9122
4176	05 24 08.716	-24 32 03.43	0.81	84.40	4.75	3.94	99.9999	20.3068	19.5100	18.8440
4187	05 24 08.689	-24 32 17.39	0.26	84.40	4.57	4.31	99.9999	20.1559	19.8941	99.9999
4196	05 24 08.699	-24 31 05.97	0.73	4.65	4.01	3.28	20.2505	19.5773	18.8574	18.2504
4201	05 24 08.693	-24 31 10.23	0.27	4.72	3.88	3.61	20.3236	19.4627	19.1894	17.9463
4206	05 24 08.665	-24 31 42.27	0.57	84.40	2.50	1.93	99.9999	18.0727	17.5091	16.8193
4207	05 24 08.673	-24 31 18.58	0.24	2.48	2.38	2.14	18.0801	17.9640	17.7247	17.0936
4229	05 24 08.601	-24 32 03.97	0.99	84.40	4.69	3.70	99.9999	20.2401	19.2734	18.5506
4235	05 24 08.615	-24 31 17.35	-0.24	84.39	2.98	3.23	99.9999	18.5881	18.8155	99.9999
4245	05 24 08.563	-24 32 28.25	-0.36	84.39	3.72	4.08	99.9999	19.3328	19.6703	18.4065
4249	05 24 08.576	-24 31 31.79	-0.04	84.39	2.62	2.65	99.9999	18.2147	18.2404	99.9999
4252	05 24 08.583	-24 31 03.89	0.18	4.25	3.52	3.34	19.8536	19.1037	18.9225	99.9999
4269	05 24 08.527	-24 31 14.07	0.80	84.40	3.59	2.78	99.9999	19.1467	18.3588	99.9999
4273	05 24 08.522	-24 31 01.15	0.75	4.09	3.32	2.56	19.6964	18.8793	18.1389	17.5007
4279	05 24 08.508	-24 31 04.47	82.76	84.68	88.16	5.40	99.9999	99.9999	19.7970	18.5761
4280	05 24 08.512	-24 30 50.59	0.52	84.40	4.60	4.07	99.9999	20.1711	19.6532	99.9999
4286	05 24 08.492	-24 31 07.05	0.30	84.40	3.95	3.66	99.9999	19.5362	19.2369	18.4375
4292	05 24 08.507	-24 29 51.99	0.57	84.40	4.72	4.15	99.9999	20.2938	19.7311	19.0542
4300	05 24 08.445	-24 31 59.70	0.58	5.04	3.98	3.40	20.6411	19.5487	18.9745	18.3694
4305	05 24 08.442	-24 31 14.83	0.91	84.40	4.34	3.42	99.9999	19.8901	18.9950	17.9126
4310	05 24 08.385	-24 31 57.62	0.07	4.69	3.92	3.85	20.2931	19.5144	19.4345	17.9440
4322	05 24 08.349	-24 32 17.93	0.58	4.04	3.33	2.76	19.6457	18.9031	18.3334	17.6650
4348	05 24 08.284	-24 32 13.90	0.88	5.74	4.92	4.04	21.3419	20.4801	19.6154	18.9757
4357	05 24 08.274	-24 31 45.75	0.69	4.58	3.71	3.02	20.1856	19.2766	18.5996	18.0151
4360	05 24 08.255	-24 32 01.62	0.33	4.34	3.43	3.10	19.9488	19.0147	18.6846	17.9359
4366	05 24 08.265	-24 31 13.81	0.53	84.40	3.90	3.37	99.9999	19.4700	18.9512	99.9999
4367	05 24 08.283	-24 30 26.57	0.49	5.23	4.49	4.00	20.8321	20.0599	19.5796	19.0030
4371	05 24 08.257	-24 31 17.47	0.69	4.51	4.19	3.51	20.1156	19.7577	19.0816	99.9999
4392	05 24 08.215	-24 30 58.57	1.09	84.40	5.18	4.09	99.9999	20.7246	19.6614	19.0000
4393	05 24 08.063	-24 37 10.24	82.13	84.68	88.13	6.00	99.9999	99.9999	20.4030	18.7359
4403	05 24 08.168	-24 31 35.26	0.54	4.51	4.01	3.47	20.1157	19.5811	19.0516	18.3880
4410	05 24 08.177	-24 30 09.39	0.37	4.58	3.93	3.56	20.1790	19.5069	19.1384	18.6570
4417	05 24 08.137	-24 30 56.62	0.63	4.97	4.35	3.72	20.5777	19.9212	19.3014	99.9999
4421	05 24 08.103	-24 31 30.09	0.64	4.33	3.66	3.03	19.9375	19.2313	18.6026	18.0468
4441	05 24 08.049	-24 31 39.74	83.41	5.15	88.19	4.78	20.4720	99.9999	19.1670	99.9999
4460	05 24 07.966	-24 32 57.55	0.47	5.10	4.75	4.28	20.7051	20.3224	19.8573	19.2088
4461	05 24 07.999	-24 31 31.18	0.45	3.90	3.20	2.75	19.5008	18.7713	18.3249	17.6650
4474	05 24 07.974	-24 31 36.17	0.45	3.87	3.42	2.97	19.4738	18.9944	18.5489	99.9999
4475	05 24 07.961	-24 32 01.28	0.50	4.30	3.24	2.75	19.9009	18.8178	18.3259	17.6996
4476	05 24 07.945	-24 32 38.59	0.51	4.72	4.13	3.62	20.3220	19.7043	19.1972	18.5468
4484	05 24 07.956	-24 30 54.15	0.90	84.40	5.41	4.50	99.9999	20.9601	20.0748	19.1538
4510	05 24 07.904	-24 30 28.81	0.28	4.14	3.46	3.19	19.7469	19.0463	18.7684	17.9883
4514	05 24 07.859	-24 31 57.38	0.42	4.13	3.71	3.29	19.7288	19.2834	18.8693	17.9943
4516	05 24 07.865	-24 31 23.61	0.27	84.40	4.07	3.80	99.9999	19.6502	19.3813	99.9999
4519	05 24 07.873	-24 30 30.76	0.35	84.40	4.46	4.11	99.9999	20.0375	19.6889	18.8272
4537	05 24 07.798	-24 31 21.59	0.32	4.59	3.74	3.43	20.1951	19.3231	19.0073	18.2263
4540	05 24 07.781	-24 31 56.30	0.57	84.40	4.79	4.22	99.9999	20.3558	19.7931	19.0360
4551	05 24 07.793	-24 31 02.06	-1.28	84.39	3.20	4.48	99.9999	18.8564	20.0891	99.9999
4552	05 24 07.777	-24 31 24.69	-0.30	4.07	3.69	3.99	19.6804	19.2991	19.5774	99.9999
4574	05 24 07.676	-24 32 47.27	0.69	84.40	4.53	3.83	99.9999	20.0895	19.4104	18.7846
4594	05 24 07.644	-24 32 00.86	1.04	84.40	5.65	4.61	99.9999	21.1964	20.1824	19.0738
4617	05 24 07.602	-24 31 17.35	0.38	84.40	4.24	3.86	99.9999	19.8156	19.4374	18.8324
4619	05 24 07.609	-24 30 52.00	0.57	84.40	4.34	3.76	99.9999	19.9055	19.3401	18.7334
4640	05 24 07.544	-24 31 23.79	0.78	5.02	4.50	3.71	20.6221	20.0556	19.2874	18.4311
4641	05 24 07.538	-24 31 38.61	0.29	4.66	3.84	3.55	20.2684	19.4243	19.1357	18.4829
4644	05 24 07.546	-24 31 01.46	0.45	4.88	3.99	3.54	20.4848	19.5693	19.1229	18.3967
4665	05 24 07.462	-24 31 58.78	81.77	84.68	88.11	6.34	99.9999	99.9999	20.7500	20.6746
4681	05 24 07.460	-24 30 49.41	0.51	3.57	3.09	2.57	19.1780	18.6594	18.1531	17.7304
4711	05 24 07.329	-24 32 03.56	-0.18	4.49	4.00	4.17	20.0986	19.5989	19.7617	18.4095
4713	05 24 07.354	-24 30 49.59	0.43	84.40	4.54	4.11	99.9999	20.1113	19.6883	99.9999
4720	05 24 07.311	-24 31 27.20	0.56	84.40	4.45	3.89	99.9999	20.0245	19.4689	18.7664
4737	05 24 07.254	-24 31 37.61	-0.43	84.39	4.26	4.68	99.9999	19.8721	20.2750	99.9999
4742	05 24 07.242	-24 31 24.19	0.90	4.64	4.45	3.55	20.2448	20.0083	19.1257	18.5055
4745	05 24 07.238	-24 31 18.27	83.46	84.68	88.19	4.73	99.9999	99.9999	19.1150	18.0781
4747	05 24 07.217	-24 32 04.02	0.07	84.39	4.49	4.42	99.9999	20.0827	20.0055	99.9999
4820	05 24 07.006	-24 32 00.19	0.84	84.40	4.86	4.02	99.9999	20.4218	19.5946	19.1506
4831	05 24 06.993	-24 30 52.62	0.04	84.39	4.84	4.80	99.9999	20.4353	20.3849	99.9999
4832	05 24 06.953	-24 31 58.96	0.37	84.40	4.48	4.11	99.9999	20.0596	19.6912	19.0062
4863	05 24 06.812	-24 33 37.76	0.85	84.40	3.99	3.14	99.9999	19.5503	18.7177	17.6682
4864	05 24 06.828	-24 32 57.41	0.53	84.40	4.81	4.28	99.9999	20.3847	19.8623	19.3474
4902	05 24 06.756	-24 31 25.91	0.57	4.67	4.34	3.77	20.2772	19.9108	19.3483	99.9999
4910	05 24 06.706	-24 31 41.53	0.33	4.59	4.12	3.79	20.1970	19.7014	19.3687	18.6417
4913	05 24 06.681	-24 32 13.53	82.02	84.68	88.13	6.11	99.9999	99.9999	20.5140	19.8866
4940	05 24 06.608	-24 30 48.45	0.22	84.40	4.24	4.02	99.9999	19.8239	19.6033	18.8984
4941	05 24 06.592	-24 31 25.02	1.45	84.40	5.86	4.42	99.9999	21.3944	19.9843	99.9999
4944	05 24 06.574	-24 31 36.43	1.18	84.40	5.75	4.56	99.9999	21.2903	20.1333	19.5758
4966	05 24 06.500	-24 31 15.57	0.37	4.47	3.91	3.53	20.0752	19.4876	19.1154	18.1908
4981	05 24 06.451	-24 31 29.59	0.51	4.53	3.98	3.47	20.1305	19.5500	19.0500	18.3583
4987	05 24 06.392	-24 33 30.02	81.68	6.07	88.11	6.43	21.3920	99.9999	20.8400	99.9999
5006	05 24 06.346	-24 31 21.30	0.44	84.40	4.45	4.00	99.9999	20.0209	19.5836	18.9467
5010	05 24 06.347	-24 30 52.36	0.48	84.40	4.40	3.92	99.9999	19.9704	19.4973	18.7549
5031	05 24 06.283	-24 30 58.20	0.54	4.09	3.86	3.32	19.6969	19.4268	18.8947	18.3527
5040	05 24 06.227	-24 31 56.89	0.03	84.39	4.48	4.45	99.9999	20.0763	20.0358	18.8596
5049	05 24 06.190	-24 31 59.86	82.10	84.68	88.13	6.03	99.9999	99.9999	20.4350	19.2497
5053	05 24 06.180	-24 30 57.65	0.65	84.40	4.27	3.61	99.9999	19.8310	19.1877	18.6645
5102	05 24 05.970	-24 32 00.00	0.56	5.10	4.55	3.99	20.7023	20.1209	19.5691	18.9277
5111	05 24 05.946	-24 32 17.88	0.65	5.17	4.84	4.19	20.7770	20.4027	19.7677	18.9695
5122	05 24 05.820	-24 34 55.80	0.37	84.40	5.11	4.74	99.9999	20.6877	20.3202	19.8281
5134	05 24 05.823	-24 33 09.25	0.52	84.40	4.85	4.34	99.9999	20.4267	19.9151	19.1521
5151	05 24 05.847	-24 30 01.88	0.04	84.39	4.68	4.64	99.9999	20.2765	20.2279	99.9999
5159	05 24 05.763	-24 31 59.69	0.64	84.40	5.18	4.54	99.9999	20.7425	20.1144	19.4747
5162	05 24 05.829	-24 28 53.83	1.35	84.40	3.85	2.50	99.9999	19.3826	18.0655	16.5710
5179	05 24 05.703	-24 31 00.81	0.51	4.50	4.18	3.66	20.1029	19.7475	19.2421	18.6482
5188	05 24 05.651	-24 32 02.56	0.38	84.40	4.95	4.57	99.9999	20.5286	20.1504	99.9999
5195	05 24 05.780	-24 25 29.18	0.93	4.82	3.47	2.54	20.4218	19.0247	18.1153	17.0434
5213	05 24 05.524	-24 32 55.48	0.48	4.92	4.59	4.11	20.5197	20.1635	19.6895	19.0408
5221	05 24 05.548	-24 30 57.71	81.70	84.68	88.11	6.41	99.9999	99.9999	20.8160	20.7861
5255	05 24 05.412	-24 32 25.83	0.45	4.52	4.07	3.62	20.1205	19.6428	19.2018	18.5993
5323	05 24 05.118	-24 31 06.94	0.47	84.40	4.67	4.20	99.9999	20.2396	19.7781	18.9330
5335	05 24 05.142	-24 27 44.69	82.37	84.68	88.14	5.78	99.9999	99.9999	20.1750	17.5959
5376	05 24 04.831	-24 31 30.80	0.49	84.40	4.91	4.42	99.9999	20.4865	20.0035	19.3074
5433	05 24 04.464	-24 32 35.70	0.69	4.98	4.63	3.94	20.5837	20.1985	19.5206	18.8698
5452	05 24 04.346	-24 32 28.50	0.19	4.65	4.17	3.98	20.2501	19.7535	19.5608	18.6635
5454	05 24 04.354	-24 31 55.49	0.64	84.40	4.77	4.14	99.9999	20.3396	19.7133	19.2033
5478	05 24 04.186	-24 31 47.10	0.15	84.40	4.88	4.72	99.9999	20.4650	20.3081	19.5935
5526	05 24 04.015	-24 31 31.60	0.49	4.88	4.24	3.75	20.4792	19.8138	19.3326	18.7521
5568	05 24 03.655	-24 31 43.28	82.32	84.68	88.14	5.82	99.9999	99.9999	20.2190	18.8873
5574	05 24 03.628	-24 31 42.91	0.14	4.82	4.27	4.13	20.4242	19.8584	19.7158	99.9999
5602	05 24 03.570	-24 26 06.20	83.21	84.68	88.18	4.97	99.9999	99.9999	19.3550	17.9303
5620	05 24 03.164	-24 37 25.46	1.24	84.40	4.63	3.38	99.9999	20.1658	18.9524	17.3997
5633	05 24 03.122	-24 34 20.73	82.01	84.68	88.13	6.11	99.9999	99.9999	20.5180	18.7451
5671	05 24 02.875	-24 30 37.05	0.50	84.40	5.08	4.58	99.9999	20.6496	20.1577	19.4653
5731	05 24 02.251	-24 31 45.29	0.44	4.90	4.45	4.01	20.5072	20.0292	19.5927	19.0230
5741	05 24 02.298	-24 25 37.12	1.47	84.40	4.22	2.75	99.9999	19.7509	18.3149	16.1929
5751	05 24 02.088	-24 32 27.54	83.30	84.68	88.18	4.89	99.9999	99.9999	19.2720	17.2379
5761	05 24 01.981	-24 34 20.26	1.05	3.89	2.33	1.28	19.4914	17.8782	16.8516	15.6904
5784	05 24 01.931	-24 26 05.76	0.96	84.40	4.71	3.75	99.9999	20.2607	19.3209	18.2188
5803	05 24 01.433	-24 35 48.07	1.71	84.40	5.03	3.32	99.9999	20.5466	18.8834	16.2871
5817	05 24 01.365	-24 31 28.86	81.53	84.67	88.10	6.58	99.9999	99.9999	20.9890	20.1321
5840	05 24 01.155	-24 30 00.52	1.27	4.56	2.84	1.56	20.1650	18.3759	17.1310	15.4748
5864	05 24 00.873	-24 31 17.05	0.30	84.40	4.16	3.86	99.9999	19.7410	19.4389	18.9165
5870	05 24 00.943	-24 27 29.69	0.60	0.63	-0.24	-0.84	16.2321	15.3294	14.7418	14.0038
5871	05 24 00.690	-24 35 35.77	82.38	84.68	88.14	5.76	99.9999	99.9999	20.1630	17.9667
5881	05 24 00.709	-24 30 39.27	1.35	84.40	3.87	2.52	99.9999	19.4045	18.0865	16.3240
5898	05 24 00.405	-24 33 00.59	1.23	5.02	3.14	1.90	20.6245	18.6758	17.4702	16.0344
5899	05 24 00.399	-24 32 59.38	82.89	84.68	88.16	5.28	99.9999	99.9999	19.6690	17.5677
5923	05 24 00.120	-24 31 28.83	0.30	84.40	4.97	4.67	99.9999	20.5513	20.2529	19.5405
5935	05 23 59.961	-24 30 16.29	82.59	84.68	88.15	5.56	99.9999	99.9999	19.9550	18.1306
5988	05 23 59.131	-24 31 11.54	0.60	2.19	1.40	0.80	17.7957	16.9707	16.3759	15.6576
5995	05 23 59.128	-24 26 39.96	0.71	-0.51	-1.56	-2.28	15.0895	13.9985	13.3000	12.5203
6042	05 23 57.824	-24 26 02.77	0.54	1.51	0.85	0.32	17.1127	16.4231	15.8936	15.1835
6049	05 23 57.374	-24 32 40.92	0.40	4.47	3.86	3.46	20.0769	19.4417	19.0410	18.4215
6061	05 23 56.977	-24 35 53.42	0.42	2.96	2.37	1.95	18.5639	17.9493	17.5333	16.9719
6064	05 23 56.751	-24 33 57.27	0.84	4.28	3.10	2.26	19.8857	18.6601	17.8356	16.9168
6102	05 23 55.189	-24 33 28.04	0.47	3.72	3.19	2.72	19.3213	18.7691	18.3004	17.7102
6106	05 23 54.919	-24 37 59.59	82.68	84.68	88.16	5.48	99.9999	99.9999	19.8750	17.3077
6107	05 23 55.036	-24 29 39.04	0.72	2.17	1.24	0.51	17.7737	16.8012	16.0903	15.2865
6112	05 23 54.943	-24 30 23.08	1.28	84.40	4.88	3.61	99.9999	20.4195	19.1731	17.6761
6119	05 23 54.540	-24 29 17.66	0.61	2.28	1.52	0.90	17.8795	17.0867	16.4821	15.7685
6152	05 23 52.279	-24 31 34.91	82.81	84.68	88.16	5.35	99.9999	99.9999	19.7410	17.3548
6168	05 23 51.160	-24 34 32.76	1.40	84.40	4.21	2.81	99.9999	19.7390	18.3754	16.5170
6174	05 23 50.588	-24 36 38.84	82.45	84.68	88.15	5.69	99.9999	99.9999	20.0900	18.8087
6189	05 23 49.409	-24 32 40.93	0.77	-0.51	-1.58	-2.36	15.0881	13.9776	13.2192	12.4106
6192	05 23 49.253	-24 24 55.03	83.14	84.68	88.18	5.04	99.9999	99.9999	19.4290	17.4315
6194	05 23 48.857	-24 33 13.29	1.18	84.40	5.00	3.82	99.9999	20.5435	19.3882	17.9949
6197	05 23 48.703	-24 34 15.50	81.78	84.68	88.11	6.33	99.9999	99.9999	20.7380	18.7257
6204	05 23 47.791	-24 36 16.50	0.89	84.40	4.41	3.52	99.9999	19.9682	19.0945	17.9413
6206	05 23 47.964	-24 27 12.50	82.44	84.68	88.14	5.70	99.9999	99.9999	20.1020	17.7059
6210	05 23 47.551	-24 27 04.20	82.49	84.68	88.15	5.65	99.9999	99.9999	20.0510	17.5372
6213	05 23 47.429	-24 25 35.33	82.33	84.68	88.14	5.81	99.9999	99.9999	20.2070	19.2670
6219	05 23 46.981	-24 34 43.97	1.18	4.70	2.98	1.80	20.3005	18.5218	17.3672	16.1530
6220	05 23 46.794	-24 36 02.66	1.21	4.64	2.78	1.57	20.2419	18.3207	17.1338	15.7419
6236	05 23 45.620	-24 35 27.59	82.68	84.68	88.16	5.48	99.9999	99.9999	19.8700	17.7667
6237	05 23 45.569	-24 35 39.69	0.98	4.97	3.52	2.54	20.5760	19.0691	18.1132	16.9336
6239	05 23 45.471	-24 37 47.25	82.81	84.68	88.16	5.35	99.9999	99.9999	19.7460	17.2509
6252	05 23 44.326	-24 33 27.72	82.82	84.68	88.16	5.34	99.9999	99.9999	19.7360	17.4428
6258	05 23 43.780	-24 35 32.88	1.41	84.40	4.94	3.53	99.9999	20.4749	19.0996	17.2826
6287	05 23 42.023	-24 29 12.17	0.99	1.23	-0.39	-1.38	16.8355	15.1649	14.1965	13.3816
6292	05 23 41.643	-24 33 31.06	0.93	2.30	0.98	0.05	17.9042	16.5323	15.6193	14.6127
6300	05 23 40.327	-24 36 44.77	1.25	84.40	4.09	2.84	99.9999	19.6261	18.4055	17.0288
6302	05 23 39.890	-24 28 16.72	82.41	84.68	88.14	5.74	99.9999	99.9999	20.1340	17.6706
