# Siegel_Index    RA    Dec    (B-V)_0    M_u    M_B    M_V    u    B    V    I    E(B-V)=0.38, m-M = 14.72
3816	17 03 03.911	-26 21 47.640	-0.5905682480000003	3.487445815249157	3.9054133592491542	4.4959816072491545	20.1993	20.2872	20.4852	99.9999
6444	17 02 55.295	-26 09 26.789	-0.5320770680000004	83.28850715524915	3.0461781592491555	3.578255227249156	99.9999	19.4225	19.5655	18.3894
8025	17 02 50.779	-26 10 54.950	-0.17262217999999985	1.1409422992491554	0.6588618392491559	0.8314840192491557	17.8495	17.0016	16.8066	16.5812
8762	17 02 48.612	-26 23 43.429	-0.09339321800000322	1.2319672052491577	0.3391641592491541	0.4325573772491573	17.9399	16.6745	16.405	16.0599
9421	17 02 47.231	-26 26 28.531	-0.1384846004000002	0.5695115540491555	0.14685129524915563	0.28533589564915585	17.2778	16.4864	16.2593	15.9891
9618	17 02 47.602	-26 03 53.469	-0.38021269519999956	0.9783049616491575	1.468766767249156	1.8489794624491556	17.6885	17.8309	17.8311	17.8041
11751	17 02 44.658	-26 13 01.294	-0.06042546200000065	1.1500272332491577	0.17284431924915467	0.23326978124915532	17.8577	16.5051	16.2046	15.7975
13528	17 02 42.697	-26 22 35.244	-0.1988900371999991	1.2287351156491562	0.6240076472491567	0.8228976844491558	17.9375	16.9692	16.7989	16.5228
14233	17 02 42.357	-26 14 42.308	-0.18591563000000266	0.14003744924915718	0.1656198392491548	0.35153546924915746	16.8487	16.5096	16.3271	16.043
18583	17 02 39.239	-26 16 55.779	-0.502406087600002	1.1686411804491559	0.6539503032491556	1.1563563908491576	17.8798	17.0275	17.1426	16.3607
18766	17 02 39.169	-26 15 29.398	-0.15486213079999933	-2.598917621150843	-2.838778848750844	-2.6839167179508445	14.1095	13.5023	13.2906	12.9011
18993	17 02 39.109	-26 13 07.527	-0.4325357143999984	3.337492272049158	3.8037782552491564	4.236313969649155	20.0481	20.1708	20.2202	99.9999
19313	17 02 38.774	-26 17 03.753	-0.24079099159999973	1.3896046284491572	1.0917928632491551	1.3325838548491549	18.0987	17.4409	17.31	16.7964
20127	17 02 38.448	-26 11 06.291	-0.21345965839999903	1.1767202000491566	0.7213464152491578	0.9348060736491568	17.8856	17.0679	16.9113	16.655
20164	17 02 38.353	-26 13 21.738	-0.45072115400000134	3.0759488372491557	3.4779791992491544	3.928700353249156	19.7867	19.8467	19.9132	19.6396
20653	17 02 37.854	-26 19 18.515	-0.46848120320000186	2.4980087576491563	3.098019887249155	3.5665010904491568	19.2089	19.4684	19.5516	19.3159
20944	17 02 37.877	-26 12 47.797	-0.08084420119999836	1.2082661836491566	0.22303660724915786	0.3038808084491562	17.9161	16.5572	16.2759	15.9321
21116	17 02 37.692	-26 15 01.058	-0.19048857679999975	1.1639013808491547	0.5578925912491564	0.7483811680491561	17.8726	16.9023	16.7241	16.129
22520	17 02 36.714	-26 18 07.770	-0.21101366360000107	1.1196394924491544	0.5749749432491544	0.7859886068491555	17.8285	16.9213	16.7624	16.3964
23182	17 02 36.315	-26 16 18.891	-0.22451980879999978	83.29093296484915	0.8324130712491558	1.0569328800491555	99.9999	17.18	17.0338	16.4802
23369	17 02 36.124	-26 18 03.006	-0.20665341199999987	0.9774738832491554	0.7739823192491573	0.9806357312491571	17.6863	17.1199	16.9569	16.7084
23446	17 02 36.122	-26 16 20.525	-0.20314394120000023	1.355301563649156	0.3659102072491569	0.5690541484491571	18.0641	16.7115	16.5452	15.8407
23660	17 02 35.927	-26 18 13.597	-0.18570293479999944	0.9066391268491576	0.5411397112491574	0.7268426460491568	17.6153	16.8851	16.7024	16.4531
23978	17 02 35.714	-26 18 10.475	-0.09945503120000043	1.1071193936491572	0.26379780724915447	0.3632528384491549	17.8151	16.5997	16.3359	16.0243
24355	17 02 35.571	-26 14 56.778	-0.08243941520000231	0.6719536016491556	0.09118756724915533	0.17362698244915764	17.3798	16.4255	16.1457	15.6638
24626	17 02 35.310	-26 17 39.328	-0.28194751280000196	0.48198001284915803	0.7376476312491542	1.0195951440491562	17.1914	17.0906	16.9984	16.8083
24897	17 02 35.135	-26 17 10.254	-0.1263609740000018	1.1377071772491565	0.43328399924915506	0.5596449732491569	17.8459	16.7717	16.5332	16.1498
25921	17 02 34.492	-26 15 17.101	-0.10562319200000103	0.448670743249157	-0.02567848075084367	0.07994471124915736	17.1567	16.3108	16.0528	15.612
26022	17 02 34.322	-26 18 14.159	-0.13008314000000087	1.211077819249156	0.42993623924915503	0.5600193792491559	17.9193	16.7687	16.5337	16.2242
26296	17 02 34.168	-26 17 04.139	-0.1111532671999993	1.0415271256491572	0.16990484724915778	0.28105811444915707	17.7496	16.5069	16.2541	15.9407
27058	17 02 33.406	-26 23 42.774	-0.07201735040000012	0.936135804049155	-0.06213870475084371	0.009878645649156415	17.6439	16.2712	15.9816	15.5961
27398	17 02 33.602	-26 09 39.475	-0.44189430319999934	2.405418457649156	2.8408038872491566	3.282698190449156	19.1161	19.2087	19.2669	19.1733
27744	17 02 33.436	-26 05 09.705	-0.12263880799999916	0.9964365352491555	0.16453175924915708	0.28717056724915624	17.7046	16.5026	16.2606	15.9444
27861	17 02 33.206	-26 08 24.148	-0.24897975680000317	1.2904400408491572	0.963327791249154	1.2123075480491572	17.9996	17.3132	17.19	16.9647
30515	17 02 30.176	-26 18 36.309	-0.4071186380000009	1.6995927452491564	2.225152959249156	2.632271597249157	18.41	18.5898	18.6153	18.4917
31374	17 02 29.140	-26 17 33.356	-0.1292323591999991	1.113984529649155	0.3624157272491564	0.4916480864491555	17.8222	16.7011	16.4653	16.0859
31640	17 02 28.749	-26 17 52.287	-0.7066998271999982	2.342929845649158	2.908463247249158	3.615163074449156	19.0557	19.3011	19.6083	18.984
32177	17 02 28.250	-26 11 21.907	-0.44955133040000117	3.213658064049155	3.741488495249155	4.191039825649156	19.9244	20.1101	20.1755	99.9999
33197	17 02 26.226	-26 19 54.015	-0.42658024880000145	1.710939244849158	2.257034671249156	2.6836149200491572	18.4215	18.6235	18.6673	18.6087
33508	17 02 25.852	-26 16 56.653	-0.08148228680000069	0.9934611508491562	0.044076991249155206	0.1255592780491559	17.7013	16.3783	16.0976	15.7752
33764	17 02 25.230	-26 20 12.528	-0.8355931184000003	83.28611322004915	3.7385208152491565	4.574113933649157	99.9999	20.1432	20.5716	19.1659
34042	17 02 24.818	-26 16 57.225	-0.3355467032000019	1.6086572576491565	1.6878398872491556	2.0233865904491575	18.3185	18.0458	18.004	17.8748
34514	17 02 23.865	-26 18 35.988	-0.057447729199999964	1.0381507196491555	0.10262252724915566	0.16007025644915562	17.7458	16.4346	16.1313	15.7414
35167	17 02 22.696	-26 09 58.500	-0.11498178080000176	0.9761969288491568	0.015047151249155233	0.130028932049157	17.6843	16.3524	16.1032	15.7558
35219	17 02 22.321	-26 17 19.449	-0.16368898160000156	1.079712758449156	0.5642964632491543	0.7279854448491558	17.7882	16.9062	16.7028	16.4242
35329	17 02 22.023	-26 17 51.918	-0.21282157280000047	1.1333252328491545	0.9054060312491552	1.1182276040491557	17.8422	17.2519	17.0947	16.9148
35585	17 02 21.584	-26 15 18.678	-0.17092061840000006	0.994355720049156	0.2483208152491574	0.41924143364915745	17.7029	16.5909	16.3943	16.0929
36828	17 02 18.424	-26 13 57.992	-0.21101366360000107	1.230239492449156	0.791174943249155	1.0021886068491561	17.9391	17.1375	16.9786	16.7032
37050	17 02 17.720	-26 17 37.079	-0.21175809680000302	0.9326336208491568	0.8418053912491541	1.0535634880491571	17.6415	17.1882	17.03	99.9999
37075	17 02 17.907	-26 10 17.716	-0.2695048436000007	1.2795781524491574	1.1514101432491555	1.4209149868491562	17.9889	17.5032	17.3993	17.1218
37106	17 02 17.807	-26 10 33.676	-0.49272845600000226	2.9906175112491553	3.6476544792491548	4.140382935249157	19.7017	20.0203	20.1263	99.9999
37414	17 02 16.778	-26 16 14.260	-0.24227985800000007	1.2042928852491557	0.9788537592491551	1.2211336172491551	17.9134	17.3281	17.1986	17.0356
38025	17 02 14.929	-26 18 40.456	-0.09466938920000012	1.1471571396491564	0.18794492724915468	0.2826143164491548	17.8551	16.5234	16.2551	15.8839
39378	17 02 11.245	-26 16 48.889	-0.1141310000000002	1.1190036392491578	0.19992663924915455	0.31405763924915475	17.8271	16.5372	16.2872	15.9642
39384	17 02 11.304	-26 14 51.350	-0.25344635600000043	1.1036048112491557	1.0431104792491557	1.296556835249156	17.8128	17.3934	17.2744	17.1339
39552	17 02 11.063	-26 07 48.909	-0.0975407743999972	1.3258344920491556	0.3039766552491576	0.4015174296491548	18.0338	16.6397	16.3741	15.973
39645	17 02 10.487	-26 14 09.004	-0.11051518160000073	1.1410321584491563	0.22986446324915666	0.3403796448491574	17.8491	16.5668	16.3134	15.9951
39813	17 02 09.897	-26 14 24.159	-0.14390832799999864	1.1963687752491545	0.4342445592491564	0.578152887249155	17.9047	16.7743	16.5523	16.2852
40107	17 02 08.894	-26 17 11.805	-0.44444664560000113	3.016598326449156	3.662365423249156	4.106812068849157	19.7273	20.0305	20.0911	99.9999
40862	17 02 05.820	-26 26 47.922	-0.12508480279999712	0.8488172428491549	-0.031096768750841886	0.09398803404915523	17.557	16.3072	16.0675	15.8078
42044	17 02 01.020	-26 14 38.830	-0.16868731880000176	0.8172733348491565	0.0819294712491545	0.25061679004915627	17.5258	16.4243	16.2256	15.9466
42113	17 02 00.564	-26 18 08.707	-0.05117322079999931	0.3734002088491559	-0.5920912487508438	-0.5409180279508445	17.081	15.7393	15.4301	15.0323
42652	17 01 58.296	-26 14 37.306	-0.25748756479999857	0.937672936849155	0.39903291124915685	0.6565204760491554	17.6469	16.7497	16.6345	16.4184
43814	17 01 52.391	-26 18 20.611	-0.4591226144000009	2.7327825720491563	3.2657942552491566	3.7249168696491575	19.4436	19.6353	19.7097	19.5195
43868	17 01 52.042	-26 19 37.110	-0.09520112719999885	0.7925529456491551	-0.20360475275084222	-0.10840362555084337	17.5005	16.1319	15.8641	15.5095
44430	17 01 48.548	-26 18 00.658	-0.0531938251999986	0.8683842716491568	-0.11718003275084254	-0.06398620755084394	17.576	16.2144	15.9071	15.5181
