# M62 E(B-V)=0.47, m-M = 14.16
# BlueFlag Note: if (V-I)0 > 0.331 + 1.444 * (B-V)0 then BlueFlag = 0
# 	RA		Dec		(B-V)_0	M_u	M_B	M_V	u	B	V	I	BlueFlag
9330	17 01 13.506	-30 06 09.55	-0.21	-1.34	-1.02	-0.81	15.2812	15.1411	14.8962	14.5453	1
13146	17 01 09.162	-30 05 05.63	-0.13	-0.12	-0.39	-0.26	16.4997	15.7609	15.4429	15.0177	1
13232	17 01 09.182	-30 01 04.16	-0.47	2.80	3.16	3.63	19.4237	19.3486	19.3479	99.9999	1
13681	17 01 08.470	-30 04 16.99	-0.23	0.29	0.25	0.48	16.9093	16.4165	16.1889	15.8098	1
15572	17 01 05.487	-30 04 05.91	-0.10	0.71	0.16	0.27	17.3272	16.3160	15.9744	15.5379	1
16888	17 01 02.424	-30 02 54.50	-0.45	2.60	2.95	3.41	19.2182	19.1424	19.1263	18.0201	0
17317	17 01 01.000	-30 06 45.85	-0.24	-0.71	-0.45	-0.21	15.9105	15.7176	15.5045	15.2279	1
19984	17 00 45.812	-30 07 33.55	-0.06	0.50	-0.13	-0.07	17.1159	16.0187	15.6373	15.0752	1
20160	17 00 44.130	-30 06 30.58	-0.29	1.05	1.17	1.46	17.6704	17.3440	17.1726	16.8655	1
