# ngc2419 E(B-V)=0.08, m-M = 19.58
# BlueFlag Note: if (V-I)0 > 0.331 + 1.444 * (B-V)0 then BlueFlag = 0
# 	RA		Dec		(B-V)_0	M_u	M_B	M_V	u	B	V	I	BlueFlag
1671	07 38 01.955	+38 52 43.88	-0.17	2.17	0.73	0.90	22.1741	20.6605	20.7482	20.5671	1
3204	07 38 08.947	+38 52 13.26	-0.08	1.96	0.70	0.78	21.9642	20.6279	20.6295	20.3162	1
3611	07 38 10.488	+38 53 29.09	-0.14	2.35	0.86	1.00	22.3521	20.7890	20.8475	20.4871	0
3806	07 38 11.360	+38 53 10.87	-0.13	2.23	0.95	1.08	22.2307	20.8799	20.9288	99.9999	1
3812	07 38 11.398	+38 52 06.95	-0.07	1.74	0.61	0.67	21.7435	20.5372	20.5244	20.3962	1
3814	07 38 11.402	+38 52 14.80	-0.20	-0.36	-0.61	-0.42	19.6447	19.3222	19.4361	19.5019	1
3912	07 38 11.854	+38 53 04.46	-0.07	1.38	0.37	0.44	21.3815	20.2972	20.2873	99.9999	1
5893	07 38 45.290	+38 51 40.63	-0.08	2.34	0.75	0.83	22.3415	20.6806	20.6823	20.6982	1
