# Siegel_Index    RA    Dec    (B-V)_0    M_u    M_B    M_V    u    B    V    I    E(B-V)=0.08, m-M = 19.58
1438	07 37 59.864	+38 52 15.917	-0.20683333519999936	2.098974995798091	0.6934636913980907	0.9002970265980901	22.1029	20.6305	20.7527	20.4753
1963	07 38 03.757	+38 53 30.681	-0.1905380539999969	0.09134498639808769	-0.017645176601908952	0.17289287739808795	20.0952	19.9185	20.025	20.1348
2352	07 38 05.722	+38 53 09.224	-0.19593521719999912	0.17552180479809038	-0.3669403286019093	-0.17100511140191016	20.1794	19.5695	19.6812	19.7878
2370	07 38 05.788	+38 52 40.298	-0.39033688399999966	1.9973868213980879	0.592628523398089	0.9829654073980887	22.0021	20.5397	20.8387	99.9999
3164	07 38 08.789	+38 52 34.824	-0.05021181079999942	1.2509477079980902	-0.10207122460191115	-0.051859413801911725	21.2542	19.8264	19.7977	19.4872
3275	07 38 09.236	+38 53 12.681	-0.05374072520000217	-1.9944674492019099	-2.641564208601912	-2.58782348340191	18.0088	17.2871	17.2618	17.1119
3321	07 38 09.406	+38 52 38.848	-0.30429364760000094	79.9955563895981	0.369133927398088	0.6734275749980889	99.9999	20.3115	20.5276	20.2484
3344	07 38 09.476	+38 52 52.128	-0.23091298640000224	0.7779715701980894	-0.8832531406019114	-0.6523401542019092	20.782	19.0551	19.2005	18.6599
3813	07 38 11.402	+38 52 14.809	-0.19821863240000115	-0.35918800280191043	-0.6143652006019121	-0.416146568201911	19.6447	19.3222	19.4361	19.5019
