# ngc5897 E(B-V)=0.09, m-M = 15.48
# BlueFlag Note: if (V-I)0 > 0.331 + 1.444 * (B-V)0 then BlueFlag = 0
# 	RA		Dec		(B-V)_0	M_u	M_B	M_V	u	B	V	I	BlueFlag
3159	15 17 28.235	-20 59 51.46	-0.27	2.58	3.20	3.47	18.5411	19.0795	19.2542	19.5311	1
4805	15 17 24.470	-21 00 45.94	-0.32	4.31	3.50	3.82	20.2699	19.3853	19.6089	18.4696	0
5088	15 17 23.942	-21 03 05.68	-0.09	1.97	1.50	1.59	17.9262	17.3719	17.3759	17.3604	1
5973	15 17 21.999	-20 59 15.64	-0.29	3.84	4.32	4.62	19.7971	20.2063	20.4032	20.5854	1
6960	15 17 19.519	-21 01 34.10	-0.08	1.93	1.36	1.44	17.8853	17.2305	17.2197	17.1322	1
7339	15 17 18.401	-21 02 49.99	-0.05	1.98	1.17	1.23	17.9369	17.0437	17.0095	16.9228	1
9272	15 17 03.518	-21 00 22.84	-0.35	2.96	3.54	3.89	18.9157	19.4286	19.6757	19.9324	1
9357	15 17 00.803	-21 02 03.63	-0.07	1.96	1.24	1.31	17.9119	17.1122	17.0963	17.0625	1
