# ngc6522 E(B-V)=0.48, m-M = 14.43
# BlueFlag Note: if (V-I)0 > 0.331 + 1.444 * (B-V)0 then BlueFlag = 0
# 	RA		Dec		(B-V)_0	M_u	M_B	M_V	u	B	V	I	BlueFlag
2474	18 04 02.280	-30 00 38.84	-0.27	-4.35	-5.03	-4.75	12.5873	11.4560	11.2627	11.1006	1
6362	18 03 54.451	-30 07 23.90	-0.13	-2.83	-3.65	-3.52	14.1100	12.8200	12.4937	12.1362	1
12103	18 03 45.006	-30 05 27.98	-0.09	-3.31	-3.95	-3.86	13.6342	12.5083	12.1484	11.7745	1
13817	18 03 42.525	-30 05 41.67	-0.18	0.01	0.28	0.46	16.9500	16.7560	16.4756	15.9070	1
14541	18 03 41.741	-29 58 41.64	-0.42	2.41	2.82	3.24	19.3483	19.3201	19.2647	18.9789	1
26580	18 03 25.210	-29 59 09.25	-0.45	2.62	3.15	3.60	19.5584	19.6531	19.6232	99.9999	1
32006	18 03 16.646	-29 58 42.74	-0.07	-1.03	-1.87	-1.80	15.9057	14.5915	14.2089	13.8335	1
