# ngc6426 E(B-V)=0.36, m-M = 16.57
# BlueFlag Note: if (V-I)0 > 0.331 + 1.444 * (B-V)0 then BlueFlag = 0
# 	RA		Dec		(B-V)_0	M_u	M_B	M_V	u	B	V	I	BlueFlag
320	17 44 34.879	+03 20 13.30	-0.44	81.55	2.58	3.03	99.9999	20.7131	20.7912	18.9805	0
578	17 44 45.468	+03 19 08.30	-0.62	81.55	1.22	1.84	99.9999	19.3657	19.6107	17.3412	0
627	17 45 24.294	+03 19 11.86	-0.65	81.55	2.27	2.92	99.9999	20.4205	20.6923	19.4973	0
966	17 45 15.175	+03 17 40.34	-0.83	81.54	2.37	3.20	99.9999	20.5328	20.9740	19.7518	0
1046	17 45 37.689	+03 17 24.91	-0.18	-1.71	-2.27	-2.09	16.7378	15.8381	15.6718	14.6293	0
1118	17 44 20.646	+03 16 37.04	-0.46	81.55	1.81	2.27	99.9999	19.9455	20.0355	18.3301	0
1944	17 44 19.857	+03 12 53.78	-0.60	81.55	2.88	3.49	99.9999	21.0294	21.2556	19.5723	0
2864	17 44 55.673	+03 10 13.57	-0.46	1.15	0.29	0.74	19.6030	18.4176	18.5086	17.9789	0
4366	17 45 36.117	+03 05 01.61	-0.53	81.55	2.35	2.88	99.9999	20.4896	20.6506	19.3456	0
