# M19 E(B-V)=0.38, m-M = 14.72
# BlueFlag Note: if (V-I)0 > 0.331 + 1.444 * (B-V)0 then BlueFlag = 0
# 	RA		Dec		(B-V)_0	M_u	M_B	M_V	u	B	V	I	BlueFlag
1945	17 03 15.397	-26 15 44.93	-0.28	3.63	3.90	4.18	20.3399	20.2494	20.1558	99.9999	1
2145	17 03 13.332	-26 22 00.66	-0.22	2.62	3.01	3.23	19.3326	19.3597	19.2055	19.1182	1
2148	17 03 13.368	-26 19 09.28	-0.08	1.59	0.80	0.89	18.2937	17.1376	16.8573	16.4746	1
3454	17 03 05.233	-26 23 01.23	-0.07	1.66	0.67	0.75	18.3707	17.0083	16.7197	16.2225	1
3465	17 03 05.478	-26 13 05.26	-0.09	1.69	1.05	1.14	18.4006	17.3823	17.1116	16.7292	1
3817	17 03 03.911	-26 21 47.64	-0.59	3.49	3.91	4.50	20.1993	20.2872	20.4852	99.9999	1
3884	17 03 03.893	-26 13 03.75	-0.14	1.86	1.67	1.81	18.5710	18.0089	17.7817	17.4758	1
4667	17 03 01.040	-26 10 40.86	-0.24	1.53	1.41	1.65	18.2427	17.7593	17.6244	17.4895	1
5338	17 02 58.731	-26 12 52.94	-0.38	3.52	4.13	4.51	20.2302	20.4939	20.4943	99.9999	1
5513	17 02 58.357	-26 06 35.59	-0.34	2.80	3.27	3.61	19.5075	19.6317	19.5920	99.9999	1
5667	17 02 57.590	-26 13 54.24	-0.05	1.76	1.06	1.12	18.4695	17.3941	17.0867	16.6879	1
5938	17 02 56.545	-26 21 04.53	-0.19	1.43	1.01	1.20	18.1364	17.3562	17.1774	16.9238	1
6180	17 02 55.991	-26 15 15.35	-0.07	1.55	0.71	0.79	18.2596	17.0474	16.7567	16.3686	1
6445	17 02 55.295	-26 09 26.78	-0.53	83.29	3.05	3.58	99.9999	19.4225	19.5655	18.3894	0
6550	17 02 54.913	-26 12 31.25	-0.27	3.21	3.75	4.02	19.9167	20.0994	20.0003	99.9999	1
6569	17 02 54.544	-26 22 21.20	-0.09	1.38	0.42	0.51	18.0840	16.7597	16.4841	16.1217	1
7124	17 02 53.225	-26 12 14.15	-0.13	1.78	1.48	1.62	18.4927	17.8236	17.5888	17.3517	1
7781	17 02 51.207	-26 18 23.57	-0.38	83.29	4.06	4.44	99.9999	20.4218	20.4184	18.9411	0
8026	17 02 50.779	-26 10 54.95	-0.17	1.14	0.66	0.83	17.8495	17.0016	16.8066	16.5812	1
8028	17 02 50.473	-26 20 37.32	-0.21	1.91	1.96	2.17	18.6207	18.3059	18.1444	17.9263	1
8763	17 02 48.612	-26 23 43.42	-0.09	1.23	0.34	0.43	17.9399	16.6745	16.4050	16.0599	1
9082	17 02 48.217	-26 14 12.65	-0.32	2.61	3.04	3.36	19.3177	19.3995	19.3421	18.7815	0
9118	17 02 48.253	-26 11 01.90	-0.38	3.22	3.61	3.99	19.9346	19.9711	19.9677	19.8684	1
9188	17 02 47.889	-26 17 44.84	-0.06	1.76	1.22	1.28	18.4678	17.5487	17.2473	16.8536	1
9422	17 02 47.231	-26 26 28.53	-0.14	0.57	0.15	0.29	17.2778	16.4864	16.2593	15.9891	1
9619	17 02 47.602	-26 03 53.46	-0.38	0.98	1.47	1.85	17.6885	17.8309	17.8311	17.8041	1
9694	17 02 47.233	-26 11 54.63	-0.29	3.29	3.71	4.01	19.9979	20.0681	19.9864	99.9999	1
9972	17 02 46.786	-26 13 41.26	-0.08	1.28	0.60	0.68	17.9844	16.9341	16.6565	16.2825	1
10003	17 02 46.535	-26 20 30.38	-0.16	2.02	1.75	1.91	18.7241	18.0908	17.8809	17.4931	1
10320	17 02 46.355	-26 13 55.71	-0.15	1.42	1.12	1.27	18.1279	17.4614	17.2472	16.8669	1
11517	17 02 44.856	-26 14 42.62	-0.05	1.66	0.90	0.95	18.3635	17.2283	16.9222	16.4605	1
11569	17 02 44.585	-26 21 42.41	-0.28	1.70	1.75	2.02	18.4106	18.0977	18.0007	17.7947	1
11752	17 02 44.658	-26 13 01.29	-0.06	1.15	0.17	0.23	17.8577	16.5051	16.2046	15.7975	1
11764	17 02 44.491	-26 18 05.22	-0.37	83.29	3.89	4.26	99.9999	20.2549	20.2413	18.9508	0
11888	17 02 44.359	-26 18 26.90	-0.09	1.73	1.14	1.23	18.4400	17.4778	17.2023	16.8084	1
12051	17 02 44.312	-26 14 46.18	-0.06	1.52	0.81	0.87	18.2270	17.1432	16.8427	16.4539	1
12144	17 02 44.298	-26 12 49.76	-0.30	2.99	3.27	3.57	19.6999	19.6259	19.5506	19.2323	1
12528	17 02 43.763	-26 17 16.03	-0.08	1.75	1.40	1.48	18.4627	17.7378	17.4529	17.0330	1
12563	17 02 43.844	-26 13 44.91	-0.11	1.69	1.24	1.35	18.4001	17.5790	17.3270	17.0041	1
12966	17 02 43.530	-26 12 07.62	-0.28	2.14	2.22	2.50	18.8482	18.5691	18.4779	18.3122	1
12996	17 02 43.315	-26 17 57.17	-0.13	2.09	2.01	2.14	18.7935	18.3485	18.1150	17.6854	1
13529	17 02 42.697	-26 22 35.24	-0.20	1.23	0.62	0.82	17.9375	16.9692	16.7989	16.5228	1
13856	17 02 42.671	-26 14 56.64	-0.08	1.82	1.23	1.31	18.5263	17.5642	17.2810	16.9232	1
14234	17 02 42.357	-26 14 42.30	-0.19	0.14	0.17	0.35	16.8487	16.5096	16.3271	16.0430	1
14319	17 02 42.166	-26 18 19.51	-0.28	3.06	3.21	3.49	19.7644	19.5657	19.4680	19.0923	1
14440	17 02 42.156	-26 15 22.62	-0.06	1.74	1.16	1.22	18.4460	17.4926	17.1950	16.7095	1
14636	17 02 42.061	-26 13 35.86	-0.09	1.47	0.72	0.81	18.1819	17.0584	16.7816	16.3687	1
14816	17 02 41.730	-26 19 47.55	-0.14	2.01	1.89	2.03	18.7230	18.2280	18.0012	17.6340	1
14817	17 02 41.806	-26 17 26.34	-0.12	1.79	1.53	1.65	18.4950	17.8647	17.6217	17.2382	1
14894	17 02 41.751	-26 17 16.54	-0.11	1.86	1.28	1.39	18.5635	17.6207	17.3652	16.7921	1
15207	17 02 41.661	-26 13 25.98	-0.15	2.09	2.04	2.19	18.7969	18.3812	18.1685	17.7729	1
15647	17 02 41.211	-26 17 25.75	-0.07	1.61	1.10	1.17	18.3203	17.4307	17.1411	16.7406	1
15889	17 02 41.009	-26 17 58.37	-0.20	1.79	1.62	1.82	18.5034	17.9651	17.7991	17.5364	1
16004	17 02 40.966	-26 17 09.01	-0.11	1.95	1.84	1.95	18.6616	18.1797	17.9215	17.4910	1
16021	17 02 40.908	-26 18 35.10	-0.09	1.46	1.11	1.20	18.1681	17.4483	17.1756	16.8390	1
16238	17 02 40.616	-26 22 35.94	-0.29	2.11	2.23	2.52	18.8223	18.5863	18.4971	18.3655	1
16287	17 02 40.842	-26 14 20.93	-0.07	1.54	0.71	0.78	18.2469	17.0469	16.7539	16.3366	1
16429	17 02 40.753	-26 14 13.32	-0.08	1.50	0.71	0.79	18.2118	17.0458	16.7649	16.3645	1
16443	17 02 40.773	-26 13 20.23	-0.21	1.44	1.47	1.67	18.1505	17.8120	17.6491	17.4150	1
16595	17 02 40.626	-26 14 28.13	-0.06	1.66	1.26	1.33	18.3707	17.5945	17.2973	16.8512	1
17123	17 02 40.278	-26 14 10.24	-0.21	1.83	1.94	2.15	18.5352	18.2829	18.1270	17.8911	1
17131	17 02 40.196	-26 16 29.91	-0.10	1.86	1.25	1.35	18.5704	17.5845	17.3234	16.6625	1
17221	17 02 40.216	-26 14 36.07	-0.07	1.65	0.86	0.93	18.3577	17.1946	16.9013	16.4806	1
17249	17 02 40.158	-26 15 41.82	-0.14	1.80	1.05	1.19	18.5045	17.3914	17.1651	16.4337	0
17465	17 02 40.044	-26 15 01.76	-0.13	1.64	1.27	1.40	18.3488	17.6104	17.3720	16.7367	1
17594	17 02 39.988	-26 13 57.66	-0.07	1.36	0.55	0.62	18.0696	16.8868	16.5932	16.1874	1
17682	17 02 40.101	-26 08 44.74	-0.24	1.33	1.34	1.58	18.0420	17.6871	17.5572	17.3748	1
17797	17 02 39.750	-26 17 07.47	-0.15	1.10	0.61	0.76	17.8134	16.9495	16.7376	16.3788	1
17927	17 02 39.766	-26 13 48.76	-0.31	3.23	3.61	3.92	19.9382	19.9671	19.9028	20.0146	1
18152	17 02 39.513	-26 17 15.92	-0.11	1.36	0.58	0.69	18.0639	16.9169	16.6658	16.3504	1
18180	17 02 39.464	-26 18 09.34	-0.42	83.29	4.24	4.65	99.9999	20.6011	20.6356	19.1589	0
18183	17 02 39.626	-26 13 05.44	-0.18	1.47	1.30	1.48	18.1737	17.6473	17.4603	17.2605	1
18231	17 02 39.446	-26 17 40.68	-0.14	1.59	1.52	1.66	18.3008	17.8624	17.6323	17.1612	1
18308	17 02 39.499	-26 14 38.65	-0.11	1.82	1.40	1.51	18.5307	17.7364	17.4781	17.0714	1
18568	17 02 39.172	-26 19 19.67	-0.20	1.76	1.79	1.99	18.4646	18.1379	17.9689	17.6572	1
18584	17 02 39.239	-26 16 55.77	-0.50	1.17	0.65	1.16	17.8798	17.0275	17.1426	16.3607	0
18639	17 02 39.107	-26 20 00.75	-0.10	1.89	1.78	1.89	18.5936	18.1209	17.8612	17.5707	1
18733	17 02 39.214	-26 14 50.84	-0.06	1.81	1.43	1.49	18.5146	17.7606	17.4630	17.0557	1
18767	17 02 39.169	-26 15 29.39	-0.15	-2.60	-2.84	-2.68	14.1095	13.5023	13.2906	12.9011	1
18994	17 02 39.109	-26 13 07.52	-0.43	3.34	3.80	4.24	20.0481	20.1708	20.2202	99.9999	1
19248	17 02 38.797	-26 17 39.04	-0.22	1.47	1.24	1.46	18.1752	17.5886	17.4372	17.2574	1
19314	17 02 38.774	-26 17 03.75	-0.24	1.39	1.09	1.33	18.0987	17.4409	17.3100	16.7964	0
19424	17 02 38.766	-26 15 19.78	-0.24	83.29	2.22	2.45	99.9999	18.5653	18.4320	17.5654	0
19907	17 02 38.478	-26 14 46.06	-0.11	1.96	1.85	1.95	18.6662	18.1857	17.9274	17.5877	1
20128	17 02 38.448	-26 11 06.29	-0.21	1.18	0.72	0.93	17.8856	17.0679	16.9113	16.6550	1
20165	17 02 38.353	-26 13 21.73	-0.45	3.08	3.48	3.93	19.7867	19.8467	19.9132	19.6396	0
20272	17 02 38.240	-26 14 40.16	-0.15	1.50	1.09	1.23	18.2099	17.4261	17.2083	16.8793	1
20458	17 02 38.147	-26 13 58.03	-0.16	1.37	1.02	1.18	18.0827	17.3630	17.1523	16.7866	1
20654	17 02 37.854	-26 19 18.51	-0.47	2.50	3.10	3.57	19.2089	19.4684	19.5516	19.3159	0
20945	17 02 37.877	-26 12 47.79	-0.08	1.21	0.22	0.30	17.9161	16.5572	16.2759	15.9321	1
21055	17 02 37.663	-26 17 11.85	-0.12	1.40	0.60	0.72	18.1061	16.9395	16.6919	16.3373	1
21117	17 02 37.692	-26 15 01.05	-0.19	1.16	0.56	0.75	17.8726	16.9023	16.7241	16.1290	0
21348	17 02 37.479	-26 17 23.64	-0.16	1.31	1.08	1.23	18.0211	17.4172	17.2096	16.8194	1
21493	17 02 37.567	-26 12 06.77	-0.11	1.29	0.43	0.54	18.0030	16.7692	16.5110	16.1756	1
21536	17 02 37.390	-26 16 39.08	-0.22	1.47	1.44	1.66	18.1802	17.7880	17.6392	16.5897	0
21567	17 02 37.350	-26 17 20.53	-0.21	1.12	0.97	1.19	17.8263	17.3194	17.1634	16.8861	1
21868	17 02 37.194	-26 16 26.90	-0.14	1.66	1.28	1.43	18.3654	17.6246	17.4003	16.7189	0
22145	17 02 37.007	-26 16 50.89	-0.30	83.29	2.11	2.41	99.9999	18.4617	18.3858	17.7866	0
22152	17 02 37.069	-26 14 49.41	-0.12	1.79	1.05	1.17	18.5010	17.3887	17.1469	16.8260	1
22173	17 02 37.076	-26 14 01.78	-0.11	1.43	0.58	0.69	18.1404	16.9151	16.6638	16.3125	1
22433	17 02 36.896	-26 14 24.99	-0.26	2.78	3.04	3.30	19.4872	19.3948	19.2792	19.1942	1
22504	17 02 36.782	-26 16 25.14	-0.16	1.60	0.86	1.03	18.3083	17.2059	17.0026	16.4429	1
22518	17 02 36.743	-26 17 16.76	-0.10	1.36	0.64	0.73	18.0637	16.9708	16.7044	16.4044	1
22521	17 02 36.714	-26 18 07.77	-0.21	1.12	0.57	0.79	17.8285	16.9213	16.7624	16.3964	1
22576	17 02 36.680	-26 17 59.09	-0.39	3.81	3.32	3.71	20.5212	19.6786	19.6881	18.0899	0
22921	17 02 36.589	-26 13 27.24	-0.20	1.30	0.89	1.09	18.0106	17.2375	17.0642	16.7759	1
23057	17 02 36.362	-26 17 32.06	-0.21	1.36	1.18	1.39	18.0724	17.5264	17.3675	17.0518	1
23121	17 02 36.329	-26 17 04.28	-0.16	1.26	0.97	1.12	17.9729	17.3077	17.0982	16.7489	1
23183	17 02 36.315	-26 16 18.89	-0.22	83.29	0.83	1.06	99.9999	17.1800	17.0338	16.4802	0
23272	17 02 36.239	-26 16 42.02	-0.20	1.66	1.49	1.69	18.3657	17.8373	17.6653	17.4103	1
23280	17 02 36.316	-26 14 09.57	-0.15	1.48	1.12	1.27	18.1872	17.4634	17.2480	16.9217	1
23327	17 02 36.138	-26 18 26.85	-0.16	1.59	1.43	1.59	18.3033	17.7711	17.5660	17.2252	1
23331	17 02 36.172	-26 17 17.12	-0.17	0.96	0.89	1.06	17.6714	17.2336	17.0380	16.6477	1
23370	17 02 36.124	-26 18 03.00	-0.21	0.98	0.77	0.98	17.6863	17.1199	16.9569	16.7084	1
23447	17 02 36.122	-26 16 20.52	-0.20	1.36	0.37	0.57	18.0641	16.7115	16.5452	15.8407	0
23595	17 02 36.088	-26 14 27.74	-0.12	1.69	1.43	1.54	18.3933	17.7637	17.5168	17.1541	1
23661	17 02 35.927	-26 18 13.59	-0.19	0.91	0.54	0.73	17.6153	16.8851	16.7024	16.4531	1
23964	17 02 35.745	-26 17 32.18	-0.21	1.42	0.93	1.14	18.1337	17.2774	17.1162	16.8827	1
23979	17 02 35.714	-26 18 10.47	-0.10	1.11	0.26	0.36	17.8151	16.5997	16.3359	16.0243	1
24146	17 02 35.641	-26 17 18.22	-0.21	1.43	1.29	1.50	18.1438	17.6355	17.4723	17.2412	1
24273	17 02 35.556	-26 17 10.98	-0.14	1.10	0.78	0.92	17.8091	17.1165	16.8912	16.5362	1
24314	17 02 35.541	-26 16 55.01	-0.18	1.26	1.08	1.26	17.9712	17.4229	17.2378	16.8700	1
24356	17 02 35.571	-26 14 56.77	-0.08	0.67	0.09	0.17	17.3798	16.4255	16.1457	15.6638	1
24483	17 02 35.466	-26 15 43.61	-0.06	1.22	0.70	0.76	17.9280	17.0332	16.7359	15.8749	0
24579	17 02 35.461	-26 13 58.94	-0.16	1.54	1.25	1.41	18.2454	17.5869	17.3799	17.0329	1
24627	17 02 35.310	-26 17 39.32	-0.28	0.48	0.74	1.02	17.1914	17.0906	16.9984	16.8083	1
24648	17 02 35.324	-26 16 50.28	-0.18	83.29	2.39	2.57	99.9999	18.7298	18.5405	17.9234	0
24898	17 02 35.135	-26 17 10.25	-0.13	1.14	0.43	0.56	17.8459	16.7717	16.5332	16.1498	1
24999	17 02 35.044	-26 17 29.77	-0.20	1.25	1.16	1.37	17.9602	17.5083	17.3433	17.0562	1
25231	17 02 34.938	-26 15 59.82	-0.09	1.64	1.17	1.26	18.3528	17.5042	17.2290	17.0385	1
25478	17 02 34.793	-26 15 06.38	-0.13	1.79	1.57	1.70	18.5018	17.9097	17.6749	17.2017	1
25645	17 02 34.677	-26 15 06.42	-0.11	1.77	1.28	1.39	18.4748	17.6138	17.3617	16.8139	1
25756	17 02 34.450	-26 20 02.92	-0.13	1.31	0.87	1.00	18.0205	17.2060	16.9739	16.6782	1
25859	17 02 34.343	-26 21 05.63	-0.15	1.28	0.76	0.91	17.9850	17.0962	16.8815	16.5310	1
25908	17 02 34.566	-26 13 21.40	-0.24	2.28	2.40	2.65	18.9864	18.7511	18.6230	18.4341	1
25922	17 02 34.492	-26 15 17.10	-0.11	0.45	-0.03	0.08	17.1567	16.3108	16.0528	15.6120	1
26023	17 02 34.322	-26 18 14.15	-0.13	1.21	0.43	0.56	17.9193	16.7687	16.5337	16.2242	1
26110	17 02 34.300	-26 16 47.80	-0.18	1.86	1.94	2.11	18.5705	18.2792	18.0888	17.8091	1
26113	17 02 34.384	-26 14 12.81	-0.09	1.61	1.40	1.50	18.3143	17.7386	17.4681	17.0999	1
26122	17 02 34.343	-26 15 15.35	-0.10	1.38	0.94	1.04	18.0897	17.2797	17.0164	16.5792	1
26222	17 02 34.297	-26 14 45.86	-0.09	1.54	1.01	1.09	18.2520	17.3413	17.0641	16.6823	1
26227	17 02 34.184	-26 18 00.59	-0.19	1.25	0.95	1.14	17.9597	17.2980	17.1169	16.9093	1
26297	17 02 34.168	-26 17 04.13	-0.11	1.04	0.17	0.28	17.7496	16.5069	16.2541	15.9407	1
26522	17 02 33.941	-26 19 13.15	-0.09	1.20	0.38	0.46	17.9104	16.7099	16.4328	16.0738	1
26590	17 02 34.020	-26 15 37.72	-0.14	1.34	1.24	1.39	18.0470	17.5848	17.3626	17.0059	1
26698	17 02 33.888	-26 17 16.63	-0.19	1.14	0.84	1.03	17.8522	17.1834	17.0068	16.7159	1
26786	17 02 33.895	-26 15 10.24	-0.11	1.93	1.92	2.03	18.6362	18.2543	17.9994	17.6301	1
27059	17 02 33.406	-26 23 42.77	-0.07	0.94	-0.06	0.01	17.6439	16.2712	15.9816	15.5961	1
27215	17 02 33.649	-26 12 28.60	-0.17	1.46	1.08	1.25	18.1696	17.4205	17.2212	16.9458	1
27331	17 02 33.416	-26 16 45.13	-0.12	1.40	0.97	1.09	18.1117	17.3109	17.0671	16.7361	1
27399	17 02 33.602	-26 09 39.47	-0.44	2.41	2.84	3.28	19.1161	19.2087	19.2669	19.1733	1
27427	17 02 33.356	-26 16 24.23	-0.35	3.19	2.61	2.96	19.9036	18.9670	18.9419	17.5750	0
27532	17 02 33.325	-26 14 31.32	-0.29	4.16	3.48	3.77	20.8684	19.8337	19.7484	18.1618	0
27745	17 02 33.436	-26 05 09.70	-0.12	1.00	0.16	0.29	17.7046	16.5026	16.2606	15.9444	1
27862	17 02 33.206	-26 08 24.14	-0.25	1.29	0.96	1.21	17.9996	17.3132	17.1900	16.9647	1
27876	17 02 32.929	-26 16 29.26	-0.08	1.84	1.78	1.86	18.5457	18.1133	17.8341	17.4662	1
27968	17 02 32.762	-26 19 09.53	-0.21	1.92	1.88	2.08	18.6284	18.2214	18.0612	17.8141	1
28281	17 02 32.666	-26 12 40.21	-0.36	3.38	3.93	4.29	20.0855	20.2891	20.2708	99.9999	1
28522	17 02 32.339	-26 15 36.94	-0.12	1.85	1.63	1.74	18.5550	17.9642	17.7173	17.3174	1
28586	17 02 32.090	-26 21 04.66	-0.35	2.98	3.48	3.83	19.6862	19.8394	19.8072	19.6676	1
28593	17 02 32.242	-26 16 18.43	-0.08	1.82	1.78	1.86	18.5260	18.1122	17.8294	17.4696	1
28610	17 02 32.218	-26 16 39.49	-0.11	1.60	1.39	1.50	18.3069	17.7273	17.4755	17.0639	1
28619	17 02 32.244	-26 15 39.72	-0.07	1.53	1.16	1.22	18.2349	17.4888	17.1931	16.7203	1
28804	17 02 32.010	-26 17 40.95	-0.20	1.14	1.05	1.24	17.8531	17.3902	17.2194	16.8910	1
28945	17 02 32.102	-26 11 08.77	-0.10	1.88	1.10	1.21	18.5865	17.4385	17.1793	16.8964	1
28997	17 02 31.908	-26 15 15.73	-0.09	1.64	1.24	1.34	18.3478	17.5772	17.3081	16.9589	1
29169	17 02 31.799	-26 13 18.45	-0.23	2.33	2.38	2.61	19.0438	18.7244	18.5824	18.3393	1
29479	17 02 31.385	-26 16 00.35	-0.06	1.52	0.85	0.91	18.2264	17.1855	16.8820	16.4750	1
29566	17 02 31.447	-26 11 24.29	-0.41	3.13	3.64	4.05	19.8377	20.0031	20.0291	99.9999	1
29631	17 02 31.339	-26 12 23.52	-0.13	1.28	0.69	0.82	17.9885	17.0294	16.7988	16.4492	1
29911	17 02 30.861	-26 18 25.10	-0.22	1.41	1.34	1.56	18.1188	17.6844	17.5366	17.3265	1
30023	17 02 30.882	-26 13 46.50	-0.07	1.69	0.91	0.99	18.3944	17.2473	16.9573	16.4944	1
30076	17 02 30.762	-26 15 37.01	-0.05	1.60	1.09	1.14	18.3119	17.4182	17.1108	16.6467	1
30081	17 02 30.824	-26 13 38.02	-0.07	1.71	0.97	1.04	18.4204	17.3011	17.0111	16.5476	1
30272	17 02 30.648	-26 12 06.27	-0.15	1.31	0.80	0.95	18.0142	17.1438	16.9235	16.6266	1
30516	17 02 30.176	-26 18 36.30	-0.41	1.70	2.23	2.63	18.4100	18.5898	18.6153	18.4917	1
30598	17 02 30.123	-26 17 19.00	-0.16	1.17	0.68	0.84	17.8766	17.0251	16.8152	16.5275	1
31161	17 02 29.258	-26 22 22.89	-0.28	2.14	2.38	2.66	18.8510	18.7284	18.6357	18.5204	1
31375	17 02 29.140	-26 17 33.35	-0.13	1.11	0.36	0.49	17.8222	16.7011	16.4653	16.0859	1
31423	17 02 28.883	-26 22 47.57	-0.28	2.96	3.48	3.76	19.6710	19.8321	19.7354	19.6692	1
31539	17 02 29.077	-26 12 20.64	-0.09	1.42	0.63	0.72	18.1317	16.9641	16.6959	16.3432	1
31641	17 02 28.749	-26 17 52.28	-0.71	2.34	2.91	3.62	19.0557	19.3011	19.6083	18.9840	0
31856	17 02 28.505	-26 16 41.57	-0.15	1.32	0.65	0.79	18.0327	16.9856	16.7685	16.4426	1
31998	17 02 28.222	-26 18 45.10	-0.16	1.11	0.83	0.99	17.8230	17.1711	16.9635	16.7028	1
32168	17 02 28.020	-26 18 36.84	-0.22	1.94	2.07	2.30	18.6440	18.4220	18.2743	17.9893	1
32178	17 02 28.250	-26 11 21.90	-0.45	3.21	3.74	4.19	19.9244	20.1101	20.1755	99.9999	1
32411	17 02 27.799	-26 13 36.50	-0.33	3.56	3.48	3.81	20.2716	19.8377	19.7921	18.4374	0
32499	17 02 27.342	-26 22 51.62	-0.16	1.53	1.32	1.48	18.2407	17.6603	17.4547	17.2185	1
32576	17 02 27.390	-26 17 50.68	-0.19	1.56	1.46	1.65	18.2736	17.8062	17.6308	17.3833	1
32699	17 02 27.186	-26 17 17.64	-0.08	1.19	0.44	0.52	17.8998	16.7711	16.4908	16.2099	1
32717	17 02 27.181	-26 16 39.83	-0.17	1.39	0.90	1.06	18.0940	17.2377	17.0384	16.7457	1
32729	17 02 27.237	-26 14 21.28	-0.11	1.62	1.15	1.26	18.3300	17.4849	17.2310	16.8672	1
33081	17 02 26.606	-26 14 42.99	-0.15	1.48	1.27	1.42	18.1900	17.6150	17.3992	17.1150	1
33109	17 02 26.478	-26 17 15.20	-0.14	1.27	0.68	0.83	17.9810	17.0223	16.7994	16.5173	1
33198	17 02 26.226	-26 19 54.01	-0.43	1.71	2.26	2.68	18.4215	18.6235	18.6673	18.6087	1
33289	17 02 26.294	-26 14 28.33	-0.22	1.99	2.16	2.38	18.7018	18.5075	18.3524	18.0264	1
33292	17 02 26.316	-26 13 42.04	-0.15	1.51	1.11	1.26	18.2228	17.4498	17.2302	16.9462	1
33509	17 02 25.852	-26 16 56.65	-0.08	0.99	0.04	0.13	17.7013	16.3783	16.0976	15.7752	1
33555	17 02 25.825	-26 14 53.50	-0.20	1.87	1.67	1.87	18.5829	18.0170	17.8464	17.5098	1
33640	17 02 25.577	-26 16 45.26	-0.17	1.22	0.67	0.85	17.9281	17.0175	16.8224	16.6122	1
33648	17 02 25.583	-26 16 16.84	-0.15	1.25	0.80	0.95	17.9618	17.1429	16.9248	16.6517	1
33693	17 02 25.446	-26 17 43.27	-0.20	1.40	1.22	1.42	18.1108	17.5626	17.3954	17.2358	1
33765	17 02 25.230	-26 20 12.52	-0.84	83.29	3.74	4.57	99.9999	20.1432	20.5716	19.1659	0
33977	17 02 24.832	-26 19 49.72	-0.10	1.22	0.70	0.80	17.9302	17.0319	16.7711	16.4536	1
34043	17 02 24.818	-26 16 57.22	-0.34	1.61	1.69	2.02	18.3185	18.0458	18.0040	17.8748	1
34446	17 02 24.215	-26 12 50.13	-0.11	1.49	0.69	0.80	18.1994	17.0277	16.7746	16.4122	1
34515	17 02 23.865	-26 18 35.98	-0.06	1.04	0.10	0.16	17.7458	16.4346	16.1313	15.7414	1
34589	17 02 23.807	-26 16 12.94	-0.17	1.29	0.99	1.16	17.9980	17.3307	17.1349	16.8976	1
34707	17 02 23.550	-26 16 35.95	-0.14	1.29	0.79	0.93	17.9957	17.1304	16.9006	16.5425	1
34713	17 02 23.598	-26 14 34.79	-0.18	1.43	1.04	1.22	18.1394	17.3790	17.1950	16.9085	1
34717	17 02 23.453	-26 18 34.54	-0.21	1.44	1.26	1.48	18.1467	17.6076	17.4520	17.2612	1
34725	17 02 23.630	-26 12 38.88	-0.10	1.29	0.43	0.52	18.0022	16.7618	16.4966	16.1475	1
34875	17 02 23.284	-26 13 00.48	-0.09	1.25	0.33	0.42	17.9605	16.6686	16.3945	16.0111	1
34886	17 02 23.149	-26 16 19.36	-0.16	1.40	0.96	1.12	18.1035	17.3037	17.0967	16.8287	1
35168	17 02 22.696	-26 09 58.50	-0.11	0.98	0.02	0.13	17.6843	16.3524	16.1032	15.7558	1
35220	17 02 22.321	-26 17 19.44	-0.16	1.08	0.56	0.73	17.7882	16.9062	16.7028	16.4242	1
35330	17 02 22.023	-26 17 51.91	-0.21	1.13	0.91	1.12	17.8422	17.2519	17.0947	16.9148	1
35338	17 02 22.096	-26 15 04.46	-0.13	1.28	0.50	0.63	17.9877	16.8375	16.6068	16.2937	1
35520	17 02 21.558	-26 19 23.56	-0.16	1.21	0.68	0.84	17.9216	17.0183	16.8116	16.5270	1
35586	17 02 21.584	-26 15 18.67	-0.17	0.99	0.25	0.42	17.7029	16.5909	16.3943	16.0929	1
35872	17 02 20.759	-26 17 26.24	-0.41	3.04	3.63	4.04	19.7482	19.9944	20.0233	99.9999	1
36427	17 02 19.173	-26 23 36.19	-0.08	1.68	1.26	1.34	18.3863	17.5978	17.3155	16.9811	1
36829	17 02 18.424	-26 13 57.99	-0.21	1.23	0.79	1.00	17.9391	17.1375	16.9786	16.7032	1
36938	17 02 18.399	-26 07 10.55	-0.39	3.86	3.42	3.82	20.5707	19.7878	19.7981	18.5819	0
37051	17 02 17.720	-26 17 37.07	-0.21	0.93	0.84	1.05	17.6415	17.1882	17.0300	99.9999	1
37076	17 02 17.907	-26 10 17.71	-0.27	1.28	1.15	1.42	17.9889	17.5032	17.3993	17.1218	1
37107	17 02 17.807	-26 10 33.67	-0.49	2.99	3.65	4.14	19.7017	20.0203	20.1263	99.9999	1
37415	17 02 16.778	-26 16 14.26	-0.24	1.20	0.98	1.22	17.9134	17.3281	17.1986	17.0356	1
38026	17 02 14.929	-26 18 40.45	-0.09	1.15	0.19	0.28	17.8551	16.5234	16.2551	15.8839	1
38172	17 02 14.542	-26 19 10.44	-0.37	3.29	3.95	4.32	20.0019	20.3124	20.3052	99.9999	1
38386	17 02 14.231	-26 11 56.69	-0.12	1.94	2.13	2.25	18.6511	18.4673	18.2217	18.0635	1
38534	17 02 13.682	-26 15 48.19	-0.30	1.86	2.00	2.30	18.5656	18.3553	18.2845	18.2045	1
38549	17 02 13.624	-26 16 18.79	-0.24	1.36	1.26	1.50	18.0712	17.6061	17.4733	17.2961	1
39194	17 02 11.907	-26 12 58.98	-0.27	1.42	1.44	1.71	18.1336	17.7899	17.6867	17.4605	1
39379	17 02 11.245	-26 16 48.88	-0.11	1.12	0.20	0.31	17.8271	16.5372	16.2872	15.9642	1
39385	17 02 11.304	-26 14 51.35	-0.25	1.10	1.04	1.30	17.8128	17.3934	17.2744	17.1339	1
39421	17 02 11.177	-26 14 34.31	-0.28	1.45	1.53	1.81	18.1623	17.8814	17.7874	17.5970	1
39553	17 02 11.063	-26 07 48.90	-0.10	1.33	0.30	0.40	18.0338	16.6397	16.3741	15.9730	1
39646	17 02 10.487	-26 14 09.00	-0.11	1.14	0.23	0.34	17.8491	16.5668	16.3134	15.9951	1
39814	17 02 09.897	-26 14 24.15	-0.14	1.20	0.43	0.58	17.9047	16.7743	16.5523	16.2852	1
40108	17 02 08.894	-26 17 11.80	-0.44	3.02	3.66	4.11	19.7273	20.0305	20.0911	99.9999	1
40863	17 02 05.820	-26 26 47.92	-0.13	0.85	-0.03	0.09	17.5570	16.3072	16.0675	15.8078	1
41140	17 02 04.697	-26 22 47.42	-0.09	1.82	1.14	1.23	18.5262	17.4716	17.2002	16.9329	1
41588	17 02 02.609	-26 27 05.83	-0.34	2.63	3.29	3.63	19.3423	19.6505	19.6141	19.3695	1
42045	17 02 01.020	-26 14 38.83	-0.17	0.82	0.08	0.25	17.5258	16.4243	16.2256	15.9466	1
42114	17 02 00.564	-26 18 08.70	-0.05	0.37	-0.59	-0.54	17.0810	15.7393	15.4301	15.0323	1
42413	17 01 59.048	-26 22 05.25	-0.15	1.93	2.30	2.45	18.6335	18.6391	18.4230	18.0626	1
42653	17 01 58.296	-26 14 37.30	-0.26	0.94	0.40	0.66	17.6469	16.7497	16.6345	16.4184	1
43815	17 01 52.391	-26 18 20.61	-0.46	2.73	3.27	3.72	19.4436	19.6353	19.7097	19.5195	1
43869	17 01 52.042	-26 19 37.11	-0.10	0.79	-0.20	-0.11	17.5005	16.1319	15.8641	15.5095	1
44431	17 01 48.548	-26 18 00.65	-0.05	0.87	-0.12	-0.06	17.5760	16.2144	15.9071	15.5181	1
44439	17 01 48.302	-26 23 08.25	-0.39	2.95	3.49	3.88	19.6613	19.8563	19.8671	99.9999	1
