# M28 E(B-V)=0.40, m-M = 13.70
# BlueFlag Note: if (V-I)0 > 0.331 + 1.444 * (B-V)0 then BlueFlag = 0
# 	RA		Dec		(B-V)_0	M_u	M_B	M_V	u	B	V	I	BlueFlag
62	18 24 33.600	-24 52 07.11	1.82	84.22	-0.70	-2.52	99.9999	14.5166	12.4354	10.2605	1
70	18 24 31.481	-24 52 17.52	1.72	1.91	-0.67	-2.39	17.6857	14.5581	12.5687	10.5342	1
84	18 24 32.077	-24 52 56.75	1.26	1.30	-0.69	-1.95	17.0848	14.5749	13.0196	11.3050	1
85	18 24 35.581	-24 51 52.11	1.60	2.25	-0.37	-1.97	18.0265	14.8659	12.9856	10.9925	1
86	18 24 32.865	-24 51 14.21	1.58	2.46	-0.22	-1.80	18.2418	15.0180	13.1612	11.1567	1
88	18 24 32.549	-24 52 24.58	1.33	1.55	-0.41	-1.74	17.3296	14.8528	13.2289	11.5002	1
92	18 24 34.577	-24 51 31.40	1.33	1.56	-0.48	-1.81	17.3434	14.7863	13.1579	11.4144	1
93	18 24 31.401	-24 51 13.62	1.49	2.17	-0.08	-1.57	17.9527	15.1660	13.3877	11.4595	1
94	18 24 35.439	-24 52 13.28	1.43	1.76	-0.41	-1.85	17.5401	14.8390	13.1177	11.2810	1
95	18 24 35.421	-24 52 35.00	1.33	1.61	-0.65	-1.98	17.3854	14.6088	12.9858	11.1332	1
104	18 24 31.449	-24 52 31.79	1.43	2.00	-0.33	-1.76	17.7773	14.9250	13.2027	11.3709	1
106	18 24 37.130	-24 52 25.79	1.34	1.40	-0.62	-1.96	17.1776	14.6437	13.0081	11.2674	1
112	18 24 28.942	-24 51 43.31	1.16	1.27	-0.37	-1.53	17.0560	14.9129	13.4469	11.7635	1
114	18 24 31.177	-24 51 57.64	1.35	1.87	-0.13	-1.48	17.6483	15.1264	13.4871	11.6844	1
117	18 24 33.051	-24 51 28.83	1.37	2.09	-0.16	-1.53	17.8748	15.0971	13.4326	11.5615	1
124	18 24 34.767	-24 52 12.30	1.32	1.83	-0.18	-1.50	17.6150	15.0866	13.4717	11.7304	1
125	18 24 32.450	-24 52 27.29	1.13	1.22	-0.35	-1.48	17.0057	14.9268	13.4943	11.8567	1
127	18 24 36.947	-24 52 02.32	1.40	1.92	-0.26	-1.66	17.6968	14.9961	13.3090	11.5999	1
128	18 24 34.953	-24 52 04.41	1.43	1.99	-0.32	-1.75	17.7709	14.9311	13.2107	11.4724	1
135	18 24 30.118	-24 51 36.43	0.69	0.16	-0.90	-1.58	15.9416	14.4275	13.4067	11.9763	1
146	18 24 34.395	-24 52 47.29	1.26	1.60	-0.39	-1.64	17.3806	14.8820	13.3276	11.6130	1
147	18 24 30.817	-24 52 36.04	1.32	1.91	-0.08	-1.40	17.6946	15.1852	13.5668	11.8185	1
149	18 24 31.081	-24 52 07.19	1.34	1.34	0.04	-1.30	17.1160	15.3045	13.6671	12.0395	1
153	18 24 34.934	-24 51 45.48	1.29	1.85	-0.09	-1.38	17.6274	15.1755	13.5931	11.8800	1
163	18 24 32.268	-24 52 47.19	1.22	1.71	-0.21	-1.42	17.4897	15.0671	13.5479	11.8399	1
165	18 24 30.226	-24 51 45.74	1.13	1.52	-0.14	-1.27	17.3053	15.1445	13.7084	12.0579	1
204	18 24 31.475	-24 52 15.00	1.18	1.66	0.10	-1.08	17.4425	15.3755	13.8942	12.2547	1
213	18 24 33.978	-24 51 22.60	1.22	1.95	0.15	-1.07	17.7330	15.4249	13.9039	12.2421	1
218	18 24 36.276	-24 52 22.20	1.13	1.74	0.10	-1.03	17.5180	15.3831	13.9425	12.3569	1
219	18 24 31.324	-24 51 24.10	1.03	1.26	0.16	-0.87	17.0451	15.4497	14.1057	12.5523	1
224	18 24 29.142	-24 52 02.31	1.29	2.07	0.28	-1.01	17.8473	15.5490	13.9612	12.2381	1
240	18 24 33.183	-24 51 07.87	1.27	2.16	0.43	-0.84	17.9379	15.6947	14.1268	12.4307	1
244	18 24 31.764	-24 53 09.46	0.73	0.90	-0.26	-0.99	16.6832	15.0621	14.0034	12.6864	1
285	18 24 33.786	-24 52 34.85	-0.06	0.21	0.10	0.16	15.9971	15.4974	15.1806	14.7361	1
309	18 24 34.333	-24 52 01.10	1.10	1.73	0.39	-0.71	17.5099	15.6770	14.2689	12.6907	1
316	18 24 34.719	-24 52 14.65	1.09	1.73	0.35	-0.74	17.5106	15.6387	14.2387	12.6893	1
318	18 24 33.989	-24 50 58.29	1.06	1.99	0.45	-0.60	17.7730	15.7424	14.3721	12.8026	1
334	18 24 31.178	-24 51 46.35	0.74	1.02	-0.05	-0.79	16.8042	15.2673	14.2005	12.9907	1
346	18 24 32.185	-24 51 49.87	1.11	1.71	0.53	-0.58	17.4919	15.8159	14.3951	12.7430	1
352	18 24 29.879	-24 51 38.75	0.98	1.80	0.47	-0.52	17.5843	15.7618	14.4638	12.9074	1
353	18 24 34.437	-24 52 28.44	1.35	1.94	0.74	-0.61	17.7238	15.9981	14.3562	12.8023	1
356	18 24 35.773	-24 52 05.84	1.08	1.95	0.38	-0.70	17.7328	15.6678	14.2795	12.7175	1
376	18 24 28.880	-24 51 58.88	1.03	1.81	0.50	-0.53	17.5962	15.7907	14.4457	12.8845	1
402	18 24 36.946	-24 52 41.96	1.06	2.01	0.59	-0.46	17.7875	15.8827	14.5161	12.9810	1
406	18 24 30.383	-24 52 21.12	1.09	2.13	0.66	-0.42	17.9078	15.9462	14.5516	13.0052	1
407	18 24 34.601	-24 52 40.62	1.17	1.99	0.70	-0.47	17.7721	15.9797	14.5012	12.9591	1
413	18 24 32.281	-24 51 55.43	0.93	1.56	0.41	-0.52	17.3478	15.7119	14.4590	13.0578	1
423	18 24 30.567	-24 52 49.99	0.93	1.85	0.52	-0.41	17.6328	15.8175	14.5718	12.8894	1
438	18 24 31.462	-24 53 12.84	1.48	3.60	1.09	-0.39	19.3740	16.3353	14.5715	12.7389	1
442	18 24 31.057	-24 52 13.58	0.87	1.40	0.50	-0.37	17.1840	15.8075	14.6178	13.2031	1
448	18 24 36.223	-24 51 14.89	0.90	1.66	0.48	-0.42	17.4455	15.7826	14.5604	13.1205	1
452	18 24 35.905	-24 52 09.02	1.05	2.06	0.63	-0.42	17.8424	15.9154	14.5559	13.0053	1
482	18 24 38.110	-24 52 32.48	1.12	2.30	0.95	-0.16	18.0833	16.2356	14.8121	13.2416	1
493	18 24 30.990	-24 52 23.37	0.94	1.71	0.58	-0.35	17.4972	15.8826	14.6270	13.2081	1
498	18 24 34.689	-24 52 22.98	1.01	1.89	0.69	-0.32	17.6761	15.9815	14.6573	13.1456	1
517	18 24 30.296	-24 52 30.96	-0.21	0.66	1.25	1.45	16.4511	16.6548	16.4740	16.0656	1
529	18 24 34.897	-24 52 28.64	0.87	1.83	0.62	-0.25	17.6174	15.9213	14.7288	13.2727	1
532	18 24 32.452	-24 51 20.21	0.98	2.15	0.85	-0.13	17.9290	16.1420	14.8458	13.3228	1
571	18 24 32.154	-24 51 27.68	1.05	2.25	0.96	-0.09	18.0359	16.2460	14.8830	13.2870	1
601	18 24 30.080	-24 53 14.65	1.26	3.23	1.36	0.09	19.0108	16.6233	15.0617	13.4129	1
627	18 24 37.162	-24 52 45.18	0.98	2.20	0.91	-0.07	17.9812	16.2089	14.9118	13.4213	1
629	18 24 35.066	-24 51 01.87	1.02	2.25	0.94	-0.08	18.0287	16.2285	14.8935	13.3895	1
634	18 24 36.448	-24 52 17.54	1.13	2.10	1.00	-0.13	17.8848	16.2798	14.8463	13.3966	1
657	18 24 29.874	-24 52 18.27	1.06	2.26	1.00	-0.06	18.0419	16.2905	14.9211	13.3782	1
661	18 24 33.359	-24 52 39.99	0.86	1.92	0.84	-0.03	17.7023	16.1430	14.9587	13.6257	1
662	18 24 31.133	-24 52 27.06	0.97	2.09	0.92	-0.04	17.8691	16.2182	14.9355	13.5004	1
666	18 24 36.472	-24 51 15.71	-0.07	0.77	0.59	0.66	16.5595	15.9873	15.6804	15.3326	1
668	18 24 37.292	-24 51 31.49	-0.02	1.30	0.75	0.78	17.0892	16.1452	15.7922	15.5302	1
678	18 24 28.209	-24 52 15.57	1.14	2.69	1.21	0.07	18.4680	16.4915	15.0446	13.3890	1
689	18 24 31.722	-24 51 40.34	1.06	2.40	1.14	0.08	18.1836	16.4271	15.0532	13.4688	1
692	18 24 34.721	-24 51 22.67	1.04	2.17	0.89	-0.15	17.9493	16.1840	14.8318	13.2163	1
694	18 24 33.391	-24 51 52.38	0.83	2.08	0.99	0.16	17.8613	16.3017	15.1491	13.4232	1
734	18 24 33.129	-24 51 51.43	0.63	1.65	0.82	0.19	17.4408	16.1496	15.1866	13.7730	1
740	18 24 37.262	-24 52 13.75	0.91	2.29	1.05	0.14	18.0761	16.3536	15.1196	13.6460	1
745	18 24 30.187	-24 51 04.51	0.92	2.44	1.21	0.29	18.2264	16.5148	15.2718	13.7164	1
748	18 24 33.966	-24 51 13.00	1.06	2.51	1.19	0.13	18.2875	16.4757	15.1091	13.5976	1
753	18 24 30.646	-24 52 20.03	0.99	1.97	1.11	0.11	17.7557	16.4020	15.0940	13.6554	1
758	18 24 33.290	-24 52 47.48	0.90	2.19	1.06	0.16	17.9724	16.3657	15.1444	13.6868	1
773	18 24 32.655	-24 52 35.37	1.01	2.05	1.01	-0.00	17.8331	16.2995	14.9753	13.6368	1
784	18 24 31.837	-24 51 33.84	0.53	1.71	0.75	0.22	17.4988	16.0896	15.2159	14.0962	1
791	18 24 31.474	-24 51 32.95	0.19	1.50	0.38	0.19	17.2863	15.7509	15.1940	14.3664	1
807	18 24 29.817	-24 52 14.77	0.97	2.44	1.26	0.29	18.2238	16.5607	15.2726	13.8433	1
821	18 24 28.949	-24 52 14.13	0.94	2.20	0.94	0.01	17.9849	16.2408	14.9870	13.4402	1
825	18 24 33.781	-24 51 48.61	0.54	1.82	0.88	0.34	17.6105	16.2130	15.3331	13.7449	1
836	18 24 34.981	-24 52 40.04	0.10	1.61	0.71	0.61	17.3980	16.0905	15.6185	15.2273	1
854	18 24 30.033	-24 52 59.78	1.04	2.20	1.23	0.19	17.9806	16.5184	15.1707	13.7600	1
860	18 24 33.169	-24 52 35.01	-0.13	1.57	0.69	0.82	17.3645	16.0893	15.8353	15.0419	0
878	18 24 29.945	-24 52 31.29	0.96	2.48	1.30	0.34	18.2638	16.6004	15.3195	13.8696	1
887	18 24 32.303	-24 51 37.93	0.99	2.42	1.38	0.40	18.2022	16.6793	15.3749	13.8203	1
888	18 24 30.840	-24 52 28.59	0.86	2.13	1.16	0.30	17.9186	16.4668	15.2807	13.8818	1
892	18 24 34.117	-24 52 21.57	0.09	1.56	0.73	0.64	17.3453	16.1124	15.6503	15.1038	1
904	18 24 33.387	-24 51 48.66	0.79	84.22	1.22	0.44	99.9999	16.5361	15.4224	13.8860	1
911	18 24 29.381	-24 53 10.24	0.85	2.25	1.18	0.33	18.0377	16.4840	15.3115	13.9108	1
912	18 24 32.273	-24 52 52.46	0.09	1.62	0.71	0.62	17.4113	16.0914	15.6293	14.9028	1
914	18 24 28.039	-24 52 49.50	0.79	1.97	1.11	0.32	17.7573	16.4261	15.3114	14.0338	1
929	18 24 34.452	-24 53 23.40	0.14	1.73	0.66	0.52	17.5228	16.0381	15.5272	14.8824	1
947	18 24 35.702	-24 52 47.90	0.09	1.73	0.73	0.65	17.5208	16.1140	15.6582	15.0400	1
948	18 24 37.012	-24 52 43.60	0.18	1.95	0.88	0.69	17.7387	16.2477	15.6989	15.0347	1
954	18 24 34.444	-24 52 05.39	1.00	2.16	1.40	0.40	17.9442	16.6971	15.3792	14.0014	1
973	18 24 34.363	-24 53 15.77	0.83	2.20	1.20	0.37	17.9801	16.5078	15.3571	13.8407	1
990	18 24 30.693	-24 52 45.53	0.00	1.82	0.80	0.79	17.6088	16.1848	15.8057	15.2342	1
1005	18 24 29.568	-24 52 13.11	0.71	84.21	1.25	0.55	99.9999	16.5729	15.5350	14.0551	1
1014	18 24 32.563	-24 51 47.27	0.87	2.35	1.33	0.46	18.1293	16.6374	15.4458	13.9346	1
1037	18 24 35.116	-24 52 45.02	0.88	2.32	1.28	0.40	18.1026	16.5805	15.3790	13.9631	1
1061	18 24 30.323	-24 51 52.97	1.03	2.59	1.57	0.54	18.3771	16.8577	15.5137	14.0036	1
1064	18 24 32.249	-24 51 53.35	1.13	2.42	1.53	0.40	18.2031	16.8146	15.3794	14.0379	1
1073	18 24 30.321	-24 51 28.80	1.57	84.22	2.48	0.91	99.9999	17.7234	15.8741	13.9317	1
1080	18 24 32.117	-24 51 47.33	0.81	2.69	1.47	0.66	18.4721	16.7821	15.6458	14.0776	1
1089	18 24 34.143	-24 51 43.25	0.21	1.79	0.97	0.76	17.5785	16.3426	15.7703	15.1727	1
1124	18 24 30.206	-24 52 25.06	0.18	1.95	0.88	0.70	17.7381	16.2534	15.7127	15.1068	1
1144	18 24 35.070	-24 52 08.32	0.47	2.18	1.29	0.81	17.9691	16.6305	15.8109	14.1206	0
1151	18 24 36.363	-24 51 29.91	0.97	2.50	1.47	0.50	18.2799	16.7653	15.4835	14.0868	1
1153	18 24 30.388	-24 52 39.83	0.02	1.78	0.91	0.89	17.5678	16.2944	15.8990	15.4473	1
1163	18 24 30.029	-24 52 08.72	0.86	2.44	1.32	0.46	18.2268	16.6253	15.4446	14.0714	1
1164	18 24 30.696	-24 51 57.62	0.90	2.45	1.48	0.58	18.2288	16.7821	15.5653	14.1383	1
1166	18 24 34.736	-24 51 47.84	0.86	2.40	1.43	0.57	18.1826	16.7408	15.5547	14.1578	1
1167	18 24 34.714	-24 51 37.29	0.45	1.74	1.18	0.73	17.5233	16.5251	15.7236	15.3490	1
1171	18 24 29.178	-24 52 51.87	0.98	2.65	1.57	0.59	18.4289	16.8681	15.5728	14.2063	1
1172	18 24 29.584	-24 52 03.83	-0.18	1.86	1.47	1.65	17.6481	16.8768	16.6734	16.1898	1
1186	18 24 29.174	-24 51 39.05	0.23	2.03	0.86	0.63	17.8219	16.2290	15.6396	14.8892	1
1196	18 24 36.846	-24 52 27.55	0.85	2.43	1.43	0.59	18.2152	16.7394	15.5704	14.3440	1
1201	18 24 36.114	-24 53 07.80	0.00	1.84	1.00	1.00	17.6348	16.3898	16.0097	15.6084	1
1204	18 24 29.629	-24 52 55.21	0.01	1.81	0.86	0.85	17.6031	16.2514	15.8678	15.3887	1
1214	18 24 32.691	-24 52 41.59	0.77	2.33	1.34	0.57	18.1131	16.6556	15.5581	14.1253	1
1217	18 24 32.686	-24 51 48.25	0.78	2.39	1.47	0.69	18.1749	16.7854	15.6744	14.1931	1
1220	18 24 28.814	-24 52 08.98	0.63	2.18	1.19	0.57	17.9630	16.5235	15.5586	14.5612	1
1241	18 24 36.718	-24 52 31.91	1.07	2.61	1.44	0.37	18.3948	16.7243	15.3424	14.2950	1
1252	18 24 28.892	-24 52 36.45	0.98	3.10	1.67	0.69	18.8874	16.9638	15.6648	14.2058	1
1271	18 24 32.685	-24 51 02.08	0.97	84.22	1.66	0.69	99.9999	16.9520	15.6686	99.9999	1
1276	18 24 28.154	-24 52 40.93	0.79	2.50	1.47	0.67	18.2801	16.7815	15.6605	14.2165	1
1281	18 24 33.960	-24 52 38.34	0.05	1.74	0.69	0.63	17.5338	16.0716	15.6456	14.8637	1
1283	18 24 27.662	-24 52 14.97	0.42	2.37	1.19	0.78	18.1567	16.5413	15.7759	14.8815	1
1288	18 24 34.868	-24 51 54.28	-0.01	1.84	0.88	0.89	17.6317	16.2674	15.9054	15.3126	1
1293	18 24 30.090	-24 52 07.41	0.93	2.58	1.56	0.63	18.3656	16.8590	15.6079	14.2088	1
1294	18 24 33.539	-24 52 47.49	-0.09	1.61	0.95	1.04	17.4053	16.3482	16.0590	15.5846	1
1309	18 24 32.262	-24 51 28.55	0.15	2.00	0.98	0.83	17.7942	16.3536	15.8373	15.1285	1
1334	18 24 29.993	-24 51 58.78	0.76	2.36	1.40	0.63	18.1463	16.7132	15.6220	14.2484	1
1335	18 24 36.537	-24 51 49.90	0.62	2.16	1.37	0.75	17.9413	16.6989	15.7395	14.6468	1
1340	18 24 35.723	-24 52 14.43	0.85	2.56	1.58	0.74	18.3432	16.8924	15.7234	14.3396	1
1343	18 24 30.502	-24 51 47.95	1.04	2.71	1.67	0.63	18.4969	16.9552	15.6058	14.1989	1
1399	18 24 30.248	-24 52 02.97	0.23	2.00	1.00	0.76	17.7903	16.3626	15.7687	14.8785	1
1405	18 24 34.445	-24 53 13.90	0.28	1.78	1.17	0.89	17.5689	16.5338	15.8975	15.2810	1
1411	18 24 30.310	-24 52 50.53	-0.04	1.78	1.37	1.40	17.5685	16.7582	16.4170	15.9603	1
1414	18 24 33.102	-24 51 42.79	0.55	2.08	1.39	0.84	17.8646	16.7241	15.8333	14.8874	1
1427	18 24 30.185	-24 52 27.71	0.10	1.91	1.26	1.16	17.6967	16.6378	16.1694	15.8462	1
1428	18 24 33.626	-24 52 39.31	0.82	2.72	1.57	0.75	18.5000	16.8766	15.7339	14.3309	1
1443	18 24 36.155	-24 51 39.48	0.03	1.81	1.45	1.42	17.5996	16.8373	16.4302	15.8799	1
1446	18 24 37.844	-24 52 27.43	0.13	1.91	0.83	0.69	17.7029	16.2031	15.7040	15.0427	1
1462	18 24 35.558	-24 51 55.72	1.10	2.79	1.96	0.86	18.5672	17.2449	15.8349	14.4269	1
1482	18 24 30.769	-24 51 51.01	0.84	2.51	1.77	0.93	18.2959	17.0746	15.9103	14.3003	1
1492	18 24 37.386	-24 51 54.19	0.12	1.95	0.88	0.75	17.7394	16.2538	15.7618	15.1735	1
1494	18 24 30.189	-24 52 29.88	0.03	1.98	1.30	1.27	17.7713	16.6837	16.2812	15.6246	1
1495	18 24 35.831	-24 51 32.24	0.85	2.70	1.66	0.80	18.4805	16.9626	15.7846	14.3897	1
1511	18 24 30.547	-24 52 04.45	0.93	2.64	1.72	0.79	18.4268	17.0239	15.7710	14.3964	1
1540	18 24 29.810	-24 52 03.88	-0.01	1.85	1.24	1.25	17.6402	16.6306	16.2606	15.8329	1
1541	18 24 33.517	-24 52 49.80	0.88	2.71	1.76	0.88	18.4951	17.0671	15.8621	14.3831	1
1590	18 24 31.466	-24 51 29.92	0.96	2.82	1.83	0.87	18.6002	17.1238	15.8474	14.4232	1
1600	18 24 34.853	-24 51 48.42	0.91	3.02	1.74	0.83	18.8019	17.0467	15.8146	14.4237	1
1601	18 24 29.725	-24 53 05.95	1.15	2.77	2.05	0.90	18.5524	17.3267	15.8707	14.4964	1
1605	18 24 31.613	-24 52 56.95	0.88	2.76	1.70	0.82	18.5454	17.0026	15.8030	14.4313	1
1615	18 24 29.682	-24 53 07.48	0.24	1.79	1.18	0.95	17.5815	16.5514	15.9548	15.4659	1
1626	18 24 33.313	-24 53 05.44	0.63	2.26	1.46	0.83	18.0476	16.7910	15.8207	14.7435	1
1628	18 24 35.113	-24 51 54.18	0.90	2.93	1.79	0.89	18.7123	17.0928	15.8724	14.5161	1
1632	18 24 33.029	-24 51 13.81	0.09	2.12	1.64	1.55	17.9124	17.0223	16.5583	16.1358	1
1643	18 24 36.949	-24 52 57.54	0.96	3.25	1.88	0.92	19.0286	17.1731	15.9003	14.4005	1
1649	18 24 33.282	-24 52 53.17	0.85	2.83	1.84	0.99	18.6107	17.1450	15.9725	14.5128	1
1651	18 24 35.459	-24 52 45.60	0.76	2.60	1.68	0.91	18.3815	16.9930	15.9000	14.4772	1
1652	18 24 30.468	-24 53 03.37	0.02	1.81	1.08	1.06	17.5978	16.4694	16.0740	15.5878	1
1655	18 24 36.055	-24 52 16.55	0.84	2.74	1.76	0.92	18.5263	17.0660	15.9063	14.5826	1
1682	18 24 35.905	-24 52 56.96	0.85	2.77	1.80	0.95	18.5585	17.1042	15.9334	14.4856	1
1684	18 24 31.241	-24 53 03.94	0.95	2.83	1.89	0.94	18.6101	17.1914	15.9223	14.5208	1
1719	18 24 31.164	-24 53 14.20	-0.05	1.89	2.17	2.23	17.6826	17.5676	17.2417	17.8135	1
1731	18 24 28.324	-24 52 30.26	0.12	2.04	1.53	1.41	17.8309	16.9064	16.4217	15.9230	1
1751	18 24 29.253	-24 51 55.13	0.84	3.12	1.89	1.05	18.9090	17.2025	16.0374	14.5935	1
1758	18 24 34.788	-24 52 27.88	0.85	2.72	1.78	0.93	18.5015	17.0852	15.9144	14.5463	1
1759	18 24 29.103	-24 52 58.07	-0.13	1.87	1.65	1.78	17.6637	17.0510	16.7934	16.5548	1
1774	18 24 30.289	-24 52 05.71	0.12	1.90	1.13	1.01	17.6902	16.5080	16.0188	15.5427	1
1811	18 24 32.053	-24 51 44.89	-0.01	2.10	2.18	2.19	17.8907	17.5684	17.2064	16.5870	1
1823	18 24 28.904	-24 53 03.03	0.90	2.82	1.84	0.94	18.6030	17.1429	15.9243	14.5543	1
1861	18 24 36.449	-24 52 05.84	1.16	3.73	2.23	1.08	19.5164	17.5122	16.0499	14.5495	1
1869	18 24 34.665	-24 51 15.55	1.34	3.58	2.48	1.14	19.3566	17.7447	16.1091	14.5475	1
1876	18 24 29.820	-24 52 58.27	0.89	2.69	1.88	0.99	18.4709	17.1807	15.9702	14.7135	1
1880	18 24 35.495	-24 51 18.00	1.49	84.22	2.76	1.27	99.9999	18.0061	16.2317	14.4865	1
1886	18 24 29.359	-24 51 53.71	-0.14	2.03	1.49	1.63	17.8189	16.8884	16.6461	15.9355	0
1888	18 24 31.223	-24 51 36.75	0.26	1.96	1.51	1.25	17.7454	16.8774	16.2582	16.0739	1
1894	18 24 33.875	-24 53 21.06	1.45	84.22	2.72	1.27	99.9999	17.9705	16.2350	14.5396	1
1905	18 24 31.433	-24 51 41.58	1.27	84.22	2.49	1.22	99.9999	17.7577	16.1918	14.5547	1
1921	18 24 34.302	-24 51 11.35	0.02	2.08	1.32	1.30	17.8715	16.7068	16.3159	15.7619	1
1928	18 24 32.951	-24 52 46.70	0.89	2.81	1.95	1.06	18.5901	17.2545	16.0422	14.7432	1
1952	18 24 29.901	-24 52 08.70	-0.05	1.91	1.62	1.66	17.6990	17.0120	16.6799	16.1387	1
1988	18 24 31.412	-24 51 39.24	0.10	2.04	1.93	1.83	17.8267	17.3119	16.8444	16.2004	1
1989	18 24 30.601	-24 51 02.62	0.04	2.09	1.37	1.33	17.8790	16.7518	16.3384	15.8705	1
1990	18 24 34.600	-24 53 01.18	0.09	2.02	0.90	0.81	17.8110	16.2788	15.8212	15.2827	1
1999	18 24 28.000	-24 51 36.69	0.01	2.07	1.20	1.19	17.8602	16.5853	16.1998	15.6774	1
2003	18 24 34.730	-24 52 20.75	0.76	84.22	1.88	1.13	99.9999	17.2014	16.1129	14.9096	1
2031	18 24 30.540	-24 52 45.20	0.92	3.02	2.04	1.12	18.8032	17.3449	16.1037	14.7107	1
2052	18 24 33.258	-24 53 12.87	1.33	84.22	2.61	1.28	99.9999	17.8712	16.2440	14.6706	1
2069	18 24 35.045	-24 51 04.47	0.04	2.08	1.55	1.51	17.8710	16.9398	16.5264	16.1018	1
2077	18 24 32.796	-24 51 19.91	0.85	3.07	2.00	1.16	18.8506	17.3121	16.1405	14.7811	1
2092	18 24 28.554	-24 52 28.82	1.00	3.04	2.09	1.09	18.8263	17.3850	16.0662	14.8547	1
2100	18 24 34.575	-24 51 51.96	0.71	2.78	1.90	1.19	18.5674	17.2194	16.1751	14.8732	1
2108	18 24 29.185	-24 51 45.36	0.88	3.04	2.06	1.19	18.8211	17.3688	16.1709	14.7551	1
2118	18 24 31.987	-24 52 36.85	0.72	2.69	1.91	1.19	18.4723	17.2277	16.1762	14.8663	1
2194	18 24 30.550	-24 52 11.19	0.88	3.33	2.06	1.18	19.1173	17.3607	16.1620	14.7953	1
2203	18 24 33.001	-24 51 31.85	1.21	84.22	2.53	1.32	99.9999	17.8049	16.2968	14.7591	1
2205	18 24 38.332	-24 51 59.88	-0.13	1.97	1.99	2.11	17.7627	17.3881	17.1314	16.5848	1
2206	18 24 30.604	-24 52 58.36	1.35	4.03	2.60	1.25	19.8113	17.8614	16.2221	14.7648	1
2236	18 24 32.101	-24 51 30.26	1.31	84.22	2.84	1.53	99.9999	18.1068	16.4976	14.7367	1
2242	18 24 29.629	-24 52 07.52	0.94	3.05	2.17	1.23	18.8332	17.4656	16.2100	14.7823	1
2243	18 24 32.738	-24 51 11.44	0.10	2.27	2.01	1.90	18.0619	17.3857	16.9154	16.2921	1
2252	18 24 36.167	-24 52 20.29	0.73	2.75	2.02	1.29	18.5389	17.3406	16.2765	14.9909	1
2276	18 24 31.985	-24 53 01.47	0.10	2.14	2.26	2.17	17.9345	17.6421	17.1763	16.5570	1
2286	18 24 34.264	-24 51 14.09	0.90	3.07	2.13	1.22	18.8559	17.4324	16.2074	14.8698	1
2299	18 24 29.849	-24 52 24.88	1.09	3.18	2.35	1.26	18.9662	17.6360	16.2387	14.8546	1
2305	18 24 28.784	-24 52 21.06	0.12	2.04	1.51	1.39	17.8272	16.8900	16.4008	16.0034	1
2315	18 24 28.856	-24 51 27.22	0.00	2.19	1.74	1.73	17.9818	17.1278	16.7477	16.2795	1
2316	18 24 36.611	-24 52 18.80	0.65	2.86	2.01	1.35	18.6419	17.3352	16.3451	14.8848	1
2333	18 24 29.644	-24 51 27.13	0.03	2.30	2.09	2.07	18.0910	17.4771	17.0781	16.7001	1
2335	18 24 33.716	-24 51 13.09	0.18	2.01	1.71	1.54	17.8042	17.0872	16.5448	15.9555	1
2337	18 24 37.031	-24 52 40.93	0.88	3.06	2.09	1.21	18.8394	17.3906	16.1910	14.8528	1
2340	18 24 27.931	-24 52 37.67	0.94	3.34	2.27	1.33	19.1267	17.5673	16.3081	14.8567	1
2357	18 24 29.616	-24 51 41.92	0.95	3.29	2.22	1.27	19.0736	17.5167	16.2512	14.8754	1
2375	18 24 30.663	-24 51 40.62	-0.07	1.97	1.65	1.72	17.7639	17.0467	16.7325	16.1809	1
2404	18 24 33.075	-24 53 08.25	1.34	84.22	2.83	1.49	99.9999	18.0907	16.4571	14.8335	1
2410	18 24 29.788	-24 52 07.74	0.96	2.93	2.31	1.35	18.7160	17.6089	16.3334	14.9082	1
2428	18 24 30.912	-24 51 19.15	-0.07	2.20	2.06	2.13	17.9925	17.4523	17.1454	16.8074	1
2459	18 24 34.977	-24 53 18.72	1.32	4.75	2.80	1.48	20.5263	18.0634	16.4467	14.7979	1
2527	18 24 28.111	-24 52 32.35	1.06	3.46	2.49	1.43	19.2389	17.7755	16.4061	14.9005	1
2536	18 24 35.263	-24 51 13.31	0.06	2.07	2.05	1.99	17.8611	17.4363	17.0067	16.5828	1
2562	18 24 27.719	-24 52 39.47	1.11	84.22	2.07	0.96	99.9999	17.3523	15.9380	15.4272	1
2611	18 24 32.696	-24 52 54.36	1.25	84.22	2.79	1.54	99.9999	18.0565	16.5105	14.9367	1
2628	18 24 29.894	-24 51 43.11	0.95	3.28	2.31	1.35	19.0602	17.6033	16.3333	14.9495	1
2707	18 24 36.356	-24 52 50.72	-0.19	2.25	2.26	2.45	18.0438	17.6664	17.4703	17.1757	1
2725	18 24 35.366	-24 51 51.99	0.75	3.26	2.20	1.45	19.0472	17.5160	16.4338	15.0397	1
2735	18 24 27.851	-24 52 28.78	0.20	2.36	2.33	2.13	18.1541	17.7021	17.1352	16.7512	1
2749	18 24 29.352	-24 52 34.33	0.66	2.91	2.11	1.45	18.6917	17.4386	16.4422	15.2140	1
2768	18 24 35.419	-24 51 30.41	1.40	4.47	3.07	1.66	20.2538	18.3216	16.6291	14.7684	1
2777	18 24 30.016	-24 51 09.46	1.32	4.79	2.72	1.40	20.5668	17.9816	16.3677	14.7602	1
2793	18 24 35.921	-24 52 10.06	0.95	3.56	2.41	1.46	19.3392	17.7040	16.4412	14.9759	1
2797	18 24 29.554	-24 51 31.06	0.86	3.36	2.37	1.51	19.1474	17.6789	16.4937	15.0446	1
2803	18 24 32.996	-24 53 19.81	-0.04	1.90	1.67	1.71	17.6952	17.0646	16.7279	16.2625	1
2804	18 24 32.911	-24 51 22.78	0.78	2.86	1.99	1.21	18.6443	17.3038	16.1973	15.2809	1
2817	18 24 30.164	-24 52 52.33	0.58	2.94	2.12	1.54	18.7299	17.4584	16.5378	15.2146	1
2818	18 24 29.085	-24 53 01.61	0.76	3.11	2.22	1.46	18.8952	17.5362	16.4460	15.1924	1
2828	18 24 28.933	-24 51 19.54	-0.10	2.21	2.17	2.27	18.0050	17.5658	17.2829	17.0428	1
2857	18 24 29.957	-24 52 15.59	0.87	3.29	2.38	1.51	19.0710	17.6855	16.4958	15.1263	1
2859	18 24 36.744	-24 52 45.13	0.82	3.14	2.30	1.48	18.9250	17.6076	16.4649	15.1356	1
2877	18 24 27.904	-24 51 44.29	0.87	3.34	2.40	1.52	19.1218	17.7020	16.5069	15.1098	1
2879	18 24 36.451	-24 51 24.67	0.87	3.27	2.34	1.47	19.0512	17.6454	16.4548	15.2103	1
2891	18 24 35.852	-24 51 36.36	1.04	3.79	2.49	1.45	19.5727	17.7818	16.4269	14.9668	1
2912	18 24 34.099	-24 53 21.41	0.79	3.19	2.29	1.50	18.9747	17.6068	16.4895	15.1262	1
2953	18 24 33.615	-24 51 33.15	0.93	3.35	2.44	1.51	19.1348	17.7429	16.4900	15.0751	1
2954	18 24 29.695	-24 52 09.91	0.94	3.25	2.44	1.50	19.0354	17.7355	16.4780	15.1575	1
2981	18 24 35.335	-24 52 11.13	1.08	3.14	2.57	1.49	18.9262	17.8545	16.4635	15.1504	1
2984	18 24 29.590	-24 52 34.63	-0.10	2.37	2.64	2.74	18.1638	18.0401	17.7608	17.3496	1
3012	18 24 36.993	-24 52 30.16	0.78	3.09	2.31	1.53	18.8773	17.6238	16.5173	15.1975	1
3026	18 24 34.909	-24 51 01.73	-0.16	2.37	2.44	2.60	18.1602	17.8467	17.6198	17.2204	1
3044	18 24 31.269	-24 51 19.58	0.71	3.34	2.32	1.61	19.1228	17.6428	16.6040	15.1143	1
3083	18 24 31.046	-24 53 21.68	0.80	3.33	2.37	1.57	19.1180	17.6809	16.5537	15.2424	1
3088	18 24 30.196	-24 52 35.75	0.28	3.15	2.17	1.89	18.9343	17.5364	16.8946	15.4200	0
3093	18 24 34.305	-24 52 50.84	0.79	3.30	2.37	1.58	19.0874	17.6800	16.5644	15.2278	1
3113	18 24 32.798	-24 51 35.96	0.80	3.34	2.41	1.61	19.1197	17.7191	16.5936	15.2017	1
3151	18 24 27.510	-24 51 50.00	0.78	3.31	2.39	1.61	19.0949	17.7044	16.5934	15.1682	1
3163	18 24 30.427	-24 51 19.40	0.74	3.31	2.38	1.64	19.0991	17.7027	16.6287	15.1944	1
3203	18 24 32.498	-24 53 20.99	0.73	3.19	2.38	1.65	18.9714	17.6949	16.6344	15.2358	1
3264	18 24 37.454	-24 52 26.17	0.84	3.38	2.49	1.66	19.1663	17.8030	16.6433	15.2300	1
3266	18 24 31.570	-24 52 47.24	0.63	3.04	2.35	1.72	18.8213	17.6822	16.7147	15.5686	1
3273	18 24 29.080	-24 52 34.98	0.81	84.22	2.50	1.69	99.9999	17.8082	16.6728	15.3653	1
3288	18 24 32.504	-24 51 06.97	0.73	3.41	2.39	1.66	19.1950	17.7135	16.6485	15.2360	1
3324	18 24 36.373	-24 51 46.87	-0.31	2.56	2.61	2.92	18.3565	18.0329	17.9443	17.5149	1
3344	18 24 27.959	-24 52 09.89	1.09	4.01	2.79	1.69	19.7880	18.0695	16.6668	15.2038	1
3360	18 24 29.546	-24 52 24.70	0.82	3.26	2.43	1.61	19.0485	17.7412	16.5950	15.3778	1
3363	18 24 28.218	-24 52 12.13	0.14	2.45	2.10	1.96	18.2443	17.4736	16.9691	16.4484	1
3385	18 24 34.523	-24 51 14.37	0.85	3.42	2.56	1.71	19.2080	17.8659	16.6915	15.2672	1
3406	18 24 36.548	-24 52 35.04	0.88	3.34	2.51	1.63	19.1199	17.8163	16.6130	15.3358	1
3413	18 24 31.869	-24 51 28.94	1.06	3.35	2.67	1.61	19.1295	17.9547	16.5881	15.3669	1
3435	18 24 27.505	-24 52 35.79	0.80	3.39	2.48	1.68	19.1715	17.7923	16.6686	15.2806	1
3457	18 24 37.056	-24 51 34.34	0.82	3.52	2.53	1.71	19.3051	17.8425	16.6990	15.3205	1
3471	18 24 35.332	-24 53 11.69	0.93	3.63	2.64	1.71	19.4178	17.9375	16.6918	15.2633	1
3483	18 24 27.798	-24 51 58.63	0.93	3.44	2.61	1.68	19.2212	17.9123	16.6639	15.3386	1
3534	18 24 30.240	-24 52 38.58	0.90	3.44	2.56	1.66	19.2188	17.8675	16.6434	15.4425	1
3537	18 24 37.945	-24 51 54.58	1.04	84.22	2.82	1.78	99.9999	18.1078	16.7549	15.3646	1
3551	18 24 34.071	-24 53 16.61	0.82	3.35	2.54	1.72	19.1299	17.8476	16.7059	15.4367	1
3554	18 24 33.226	-24 51 36.53	-0.03	2.23	2.02	2.05	18.0167	17.4110	17.0671	16.6851	1
3586	18 24 36.940	-24 51 56.17	0.05	2.70	2.86	2.81	18.4945	18.2440	17.8225	17.3476	1
3617	18 24 28.489	-24 52 52.75	0.69	3.38	2.40	1.71	19.1659	17.7192	16.6957	15.4473	1
3641	18 24 34.639	-24 52 37.35	0.75	3.13	2.60	1.85	18.9131	17.9221	16.8408	15.4625	1
3683	18 24 32.271	-24 51 23.21	0.94	3.55	2.80	1.86	19.3343	18.0986	16.8420	15.3789	1
3729	18 24 35.608	-24 51 50.39	0.78	3.35	2.68	1.90	19.1380	17.9943	16.8824	15.3805	1
3738	18 24 35.448	-24 51 48.84	0.85	3.37	2.64	1.79	19.1578	17.9480	16.7745	15.5086	1
3744	18 24 38.350	-24 52 08.63	1.07	4.42	2.91	1.84	20.2048	18.2003	16.8184	15.4050	1
3754	18 24 31.178	-24 51 39.41	1.00	3.27	2.77	1.77	19.0501	18.0652	16.7482	15.5092	1
3756	18 24 37.567	-24 51 40.62	0.80	3.59	2.66	1.86	19.3782	17.9758	16.8467	15.4655	1
3759	18 24 27.536	-24 52 28.42	0.87	3.70	2.73	1.86	19.4880	18.0365	16.8468	15.4488	1
3762	18 24 34.179	-24 52 42.96	0.25	3.13	2.38	2.13	18.9230	17.7478	17.1331	15.6226	0
3821	18 24 36.009	-24 51 43.34	0.92	3.50	2.79	1.87	19.2818	18.0882	16.8497	15.4400	1
3847	18 24 31.199	-24 52 57.87	0.74	3.46	2.62	1.88	19.2429	17.9359	16.8636	15.5071	1
3851	18 24 29.725	-24 51 55.67	0.57	3.17	2.44	1.86	18.9583	17.7739	16.8587	15.7048	1
3876	18 24 30.683	-24 51 49.10	0.94	3.46	2.88	1.93	19.2406	18.1744	16.9161	15.4647	1
3887	18 24 33.452	-24 51 23.20	0.30	2.79	2.87	2.58	18.5806	18.2351	17.5789	16.6353	1
3922	18 24 31.785	-24 51 00.24	0.86	3.79	2.75	1.90	19.5706	18.0615	16.8826	15.4543	1
3935	18 24 28.379	-24 52 00.15	0.79	3.55	2.66	1.87	19.3298	17.9757	16.8575	15.5159	1
3937	18 24 33.962	-24 53 11.27	1.16	4.27	3.12	1.96	20.0559	18.3959	16.9309	15.4590	1
3947	18 24 27.772	-24 52 25.38	1.39	84.22	3.51	2.12	99.9999	18.7616	17.0829	15.4280	1
3960	18 24 30.185	-24 52 59.77	0.79	3.40	2.66	1.86	19.1880	17.9686	16.8485	15.6141	1
3979	18 24 31.836	-24 52 51.38	0.61	3.58	2.57	1.96	19.3666	17.8983	16.9542	15.5204	1
4009	18 24 29.485	-24 51 54.80	0.70	3.47	2.62	1.92	19.2558	17.9386	16.9079	15.5708	1
4012	18 24 28.778	-24 51 36.62	0.96	3.90	2.88	1.92	19.6834	18.1806	16.9024	15.5087	1
4028	18 24 33.685	-24 51 27.25	0.77	3.59	2.71	1.94	19.3726	18.0273	16.9262	15.4884	1
4051	18 24 37.611	-24 51 47.22	0.95	3.64	2.84	1.89	19.4187	18.1387	16.8722	15.5436	1
4078	18 24 34.022	-24 51 17.33	0.83	3.62	2.77	1.93	19.4008	18.0754	16.9192	15.5582	1
4082	18 24 31.961	-24 52 39.35	0.84	84.22	2.86	2.02	99.9999	18.1704	17.0034	15.9472	1
4171	18 24 33.340	-24 51 14.18	0.31	2.95	3.01	2.70	18.7362	18.3674	17.7040	16.9601	1
4271	18 24 32.924	-24 52 42.03	0.61	3.42	2.73	2.12	19.2065	18.0626	17.1104	16.1703	1
4306	18 24 30.997	-24 51 21.28	1.11	3.58	3.16	2.04	19.3627	18.4400	17.0201	15.6916	1
4349	18 24 30.686	-24 52 58.44	0.67	3.91	2.85	2.17	19.6962	18.1705	17.1615	15.6260	1
4374	18 24 33.046	-24 51 35.33	0.56	2.79	2.72	2.17	18.5784	18.0604	17.1624	15.9468	1
4377	18 24 30.298	-24 52 49.30	0.89	3.68	2.90	2.01	19.4601	18.2085	16.9962	15.6578	1
4395	18 24 30.635	-24 51 13.48	0.78	3.66	2.85	2.07	19.4464	18.1657	17.0583	15.7021	1
4402	18 24 37.423	-24 51 59.58	1.00	3.74	2.99	2.00	19.5210	18.2878	16.9780	15.7244	1
4427	18 24 36.628	-24 51 19.56	1.29	84.22	3.56	2.27	99.9999	18.8261	17.2422	15.5476	1
4533	18 24 29.787	-24 51 28.51	0.81	3.74	2.89	2.08	19.5293	18.2050	17.0678	15.7318	1
4610	18 24 30.645	-24 51 43.86	0.77	3.62	2.78	2.01	19.4025	18.0924	16.9922	15.8525	1
4614	18 24 28.917	-24 51 49.86	0.71	3.83	2.87	2.15	19.6197	18.1872	17.1411	15.9592	1
4616	18 24 27.513	-24 51 46.01	-0.41	2.93	2.52	2.93	18.7284	17.9507	17.9615	17.8379	1
4642	18 24 30.004	-24 53 05.10	0.97	4.74	3.26	2.29	20.5260	18.5566	17.2676	15.6710	1
4702	18 24 37.001	-24 51 52.74	0.80	3.80	2.90	2.11	19.5866	18.2162	17.0916	15.7912	1
4763	18 24 36.721	-24 51 23.01	-0.13	2.82	2.99	3.12	18.6085	18.3944	18.1413	17.6204	1
4768	18 24 29.460	-24 52 39.00	0.74	4.04	2.90	2.16	19.8221	18.2154	17.1495	15.9190	1
4778	18 24 31.586	-24 51 10.71	0.50	3.38	2.77	2.26	19.1690	18.1080	17.2604	16.0320	1
4799	18 24 33.984	-24 51 19.19	0.18	3.09	3.38	3.20	18.8755	18.7559	18.2098	17.2211	1
4852	18 24 33.600	-24 53 11.31	0.89	3.79	3.12	2.22	19.5704	18.4193	17.2052	15.9386	1
4893	18 24 27.441	-24 51 56.28	0.83	3.87	3.07	2.24	19.6579	18.3803	17.2232	15.8327	1
4917	18 24 28.717	-24 51 57.27	0.78	4.00	2.99	2.21	19.7804	18.3067	17.1993	15.9346	1
4934	18 24 34.103	-24 53 06.96	0.87	3.56	3.16	2.28	19.3447	18.4621	17.2679	15.8668	1
4953	18 24 38.366	-24 52 10.14	0.88	3.79	3.03	2.15	19.5719	18.3373	17.1340	15.9139	1
4961	18 24 35.036	-24 51 22.74	0.87	3.85	3.12	2.26	19.6362	18.4304	17.2398	15.8861	1
4962	18 24 33.654	-24 52 58.86	0.82	3.63	3.03	2.21	19.4151	18.3435	17.2000	15.9228	1
4977	18 24 27.388	-24 52 04.92	-0.09	3.20	3.06	3.15	18.9904	18.4551	18.1640	18.2642	1
4980	18 24 30.619	-24 51 03.84	-0.14	2.70	2.68	2.82	18.4961	18.0841	17.8382	17.3646	1
4991	18 24 27.629	-24 52 23.41	0.97	3.76	3.23	2.25	19.5400	18.5236	17.2346	15.9411	1
4999	18 24 33.617	-24 53 08.31	0.73	3.84	2.97	2.24	19.6210	18.2925	17.2275	15.9026	1
5010	18 24 31.933	-24 51 25.84	1.06	84.22	3.20	2.14	99.9999	18.4842	17.1142	16.0395	1
5053	18 24 36.556	-24 51 46.19	1.43	84.22	4.08	2.65	99.9999	19.3300	17.6107	15.7612	1
5113	18 24 33.779	-24 51 45.98	0.85	4.29	3.11	2.26	20.0710	18.4189	17.2445	16.0986	1
5135	18 24 29.027	-24 52 24.08	0.85	3.69	3.13	2.28	19.4724	18.4393	17.2694	16.0223	1
5149	18 24 35.888	-24 52 19.13	1.27	3.82	3.50	2.23	19.5959	18.7667	17.1988	15.9316	1
5170	18 24 27.893	-24 52 44.50	0.70	3.64	3.06	2.36	19.4221	18.3833	17.3499	16.2440	1
5286	18 24 29.590	-24 52 38.56	0.94	4.05	3.29	2.35	19.8346	18.5914	17.3331	15.9338	1
5333	18 24 36.734	-24 51 18.65	0.64	3.71	2.96	2.32	19.4919	18.2877	17.3148	16.2090	1
5336	18 24 37.591	-24 52 28.00	1.08	4.76	3.56	2.48	20.5387	18.8459	17.4585	15.8729	1
5351	18 24 27.735	-24 51 49.60	0.78	4.03	3.19	2.41	19.8145	18.5046	17.3963	15.9604	1
5371	18 24 35.455	-24 51 40.13	0.79	4.00	3.22	2.43	19.7813	18.5344	17.4126	15.9548	1
5397	18 24 30.952	-24 51 37.74	0.81	3.91	3.22	2.41	19.6949	18.5303	17.3958	16.0243	1
5411	18 24 28.992	-24 51 48.46	1.03	4.02	3.33	2.31	19.8063	18.6222	17.2836	16.0078	1
5421	18 24 33.438	-24 53 01.96	0.62	3.91	3.08	2.46	19.6940	18.4082	17.4515	16.0331	1
5459	18 24 29.700	-24 52 23.98	0.75	84.22	3.15	2.40	99.9999	18.4713	17.3928	16.1286	1
5466	18 24 28.297	-24 52 40.86	1.41	84.22	4.12	2.71	99.9999	19.3784	17.6754	15.8960	1
5469	18 24 33.731	-24 51 31.41	0.67	3.72	3.19	2.53	19.5061	18.5163	17.5163	16.1384	1
5470	18 24 36.773	-24 53 04.28	0.73	3.93	3.13	2.40	19.7103	18.4510	17.3914	16.0931	1
5479	18 24 29.765	-24 53 09.65	0.71	3.84	3.09	2.38	19.6250	18.4127	17.3720	16.1784	1
5528	18 24 36.000	-24 51 46.58	0.95	4.03	3.32	2.37	19.8182	18.6160	17.3531	16.0709	1
5548	18 24 29.494	-24 51 15.58	0.98	4.20	3.41	2.43	19.9836	18.7052	17.4117	16.2824	1
5549	18 24 29.555	-24 51 21.03	0.88	4.16	3.33	2.44	19.9423	18.6301	17.4241	16.0327	1
5552	18 24 35.227	-24 52 02.04	0.98	4.03	3.42	2.44	19.8158	18.7132	17.4187	15.9824	1
5562	18 24 35.561	-24 53 08.11	0.84	4.18	3.29	2.45	19.9625	18.5999	17.4383	16.0349	1
5593	18 24 30.223	-24 51 23.96	0.91	4.22	3.39	2.48	20.0004	18.6920	17.4635	16.0363	1
5604	18 24 35.543	-24 52 29.94	0.65	3.74	3.20	2.56	19.5230	18.5309	17.5490	16.2049	1
5628	18 24 32.730	-24 51 23.25	0.87	84.22	3.40	2.52	99.9999	18.7009	17.5059	99.9999	1
5638	18 24 37.394	-24 52 16.02	0.76	3.86	3.19	2.43	19.6401	18.5093	17.4200	16.3051	1
5643	18 24 35.594	-24 51 29.34	0.71	3.89	3.14	2.43	19.6762	18.4585	17.4161	16.1782	1
5660	18 24 36.137	-24 51 28.16	0.84	4.10	3.31	2.46	19.8831	18.6174	17.4494	16.0587	1
5698	18 24 28.125	-24 52 43.33	0.87	4.00	3.31	2.44	19.7874	18.6133	17.4208	16.1133	1
5703	18 24 35.455	-24 52 50.55	0.66	3.85	3.11	2.45	19.6330	18.4384	17.4393	16.2238	1
5738	18 24 31.923	-24 53 11.91	0.91	4.33	3.38	2.47	20.1123	18.6821	17.4545	16.0558	1
5743	18 24 31.111	-24 52 55.66	0.78	4.07	3.27	2.48	19.8530	18.5823	17.4704	16.4279	1
5748	18 24 28.116	-24 51 44.78	0.58	84.21	3.15	2.56	99.9999	18.4811	17.5569	16.1735	1
5763	18 24 32.762	-24 51 29.22	0.23	3.79	3.03	2.80	19.5749	18.3951	17.8066	99.9999	1
5793	18 24 36.374	-24 52 31.63	0.80	4.21	3.32	2.52	19.9964	18.6313	17.5086	16.0881	1
5822	18 24 32.602	-24 53 11.07	0.70	3.75	3.10	2.41	19.5327	18.4247	17.3948	16.3382	1
5824	18 24 27.746	-24 52 01.57	0.82	4.16	3.30	2.48	19.9418	18.6150	17.4661	16.1337	1
5839	18 24 37.991	-24 52 08.58	0.87	4.03	3.29	2.42	19.8175	18.5932	17.3999	16.1808	1
5844	18 24 35.505	-24 51 42.67	0.73	4.09	3.28	2.54	19.8750	18.5975	17.5325	16.1269	1
5894	18 24 36.732	-24 51 50.07	0.72	4.24	3.25	2.53	20.0232	18.5678	17.5172	16.1316	1
5898	18 24 27.571	-24 52 06.17	0.82	4.32	3.43	2.61	20.0995	18.7392	17.5930	16.0807	1
5943	18 24 33.344	-24 51 37.70	1.26	84.22	4.06	2.80	99.9999	19.3247	17.7696	16.0894	1
5948	18 24 32.474	-24 51 29.87	1.02	4.18	3.52	2.49	19.9621	18.8083	17.4705	16.1456	1
5968	18 24 35.882	-24 52 00.43	0.50	4.10	3.07	2.57	19.8858	18.4131	17.5674	16.2475	1
5989	18 24 28.941	-24 51 17.27	1.20	84.22	3.92	2.72	99.9999	19.1934	17.6916	16.0390	1
6012	18 24 38.234	-24 52 07.06	0.90	4.34	3.45	2.54	20.1228	18.7505	17.5264	16.3167	1
6054	18 24 36.297	-24 52 04.91	0.64	3.86	3.26	2.61	19.6447	18.5861	17.6059	16.2757	1
6079	18 24 36.464	-24 51 27.44	1.00	4.01	3.55	2.56	19.7930	18.8488	17.5390	16.2500	1
6086	18 24 37.720	-24 51 48.36	0.95	3.87	3.41	2.46	19.6533	18.7079	17.4442	16.5603	1
6094	18 24 31.518	-24 53 17.97	0.78	4.09	3.34	2.55	19.8700	18.6523	17.5404	16.2598	1
6102	18 24 28.681	-24 52 26.42	1.17	4.50	3.75	2.57	20.2831	19.0257	17.5472	16.3387	1
6116	18 24 36.678	-24 51 33.65	1.12	4.09	3.65	2.53	19.8681	18.9352	17.5062	16.2367	1
6240	18 24 34.839	-24 53 05.41	0.51	5.21	3.27	2.76	20.9972	18.6100	17.7517	16.2101	1
6258	18 24 33.412	-24 50 57.21	0.78	4.30	3.41	2.63	20.0819	18.7264	17.6154	16.3654	1
6268	18 24 36.387	-24 51 39.82	0.39	4.01	3.20	2.81	19.8024	18.5504	17.8085	16.2789	0
6339	18 24 35.926	-24 51 11.21	0.81	4.31	3.46	2.65	20.0981	18.7691	17.6328	16.2367	1
6371	18 24 33.824	-24 52 51.05	1.05	4.37	3.79	2.74	20.1549	19.0830	17.7200	16.1899	1
6406	18 24 28.136	-24 52 45.19	0.93	4.29	3.49	2.55	20.0766	18.7860	17.5349	16.3040	1
6447	18 24 29.764	-24 52 38.32	0.73	4.05	3.42	2.69	19.8392	18.7411	17.6824	16.3595	1
6454	18 24 33.453	-24 53 26.14	0.75	4.25	3.33	2.59	20.0335	18.6505	17.5737	16.3440	1
6539	18 24 33.574	-24 51 14.20	0.81	4.37	3.57	2.75	20.1586	18.8798	17.7399	16.2503	1
6618	18 24 32.272	-24 52 57.67	1.01	4.31	3.66	2.65	20.0885	18.9509	17.6312	16.2672	1
6656	18 24 30.694	-24 53 16.75	1.00	5.12	3.73	2.74	20.9021	19.0277	17.7170	16.2637	1
6668	18 24 35.988	-24 53 02.10	0.81	4.25	3.52	2.71	20.0298	18.8324	17.6988	16.4238	1
6706	18 24 34.304	-24 53 05.03	0.88	4.39	3.59	2.72	20.1721	18.8968	17.6989	16.3303	1
6765	18 24 33.172	-24 50 58.04	0.78	4.37	3.57	2.80	20.1563	18.8888	17.7823	16.3080	1
6787	18 24 37.372	-24 52 44.89	0.83	4.42	3.52	2.69	20.2019	18.8323	17.6752	16.3722	1
6847	18 24 33.794	-24 52 52.58	0.74	4.17	3.61	2.87	19.9573	18.9316	17.8567	16.3309	1
6899	18 24 34.903	-24 51 25.68	0.97	5.63	3.76	2.79	21.4181	19.0552	17.7725	16.3423	1
6928	18 24 31.285	-24 51 05.54	0.90	4.29	3.62	2.73	20.0709	18.9260	17.7083	16.4210	1
7025	18 24 31.893	-24 53 13.18	1.28	84.22	4.37	3.09	99.9999	19.6318	18.0560	16.1688	1
7061	18 24 32.360	-24 50 59.03	0.79	4.42	3.57	2.78	20.2010	18.8856	17.7655	16.4268	1
7119	18 24 29.670	-24 52 33.31	0.92	4.54	3.76	2.83	20.3280	19.0570	17.8167	16.4227	1
7146	18 24 36.043	-24 51 49.85	0.79	4.27	3.62	2.83	20.0513	18.9321	17.8174	16.4552	1
7183	18 24 33.882	-24 50 58.60	1.36	84.22	3.83	2.47	99.9999	19.0894	17.4414	16.4491	1
7337	18 24 33.216	-24 51 03.02	0.65	84.21	3.54	2.89	99.9999	18.8714	17.8841	16.4818	1
7342	18 24 29.823	-24 52 23.22	0.70	4.50	3.64	2.94	20.2896	18.9630	17.9260	16.3763	1
7369	18 24 32.606	-24 53 26.54	0.71	4.33	3.59	2.88	20.1139	18.9078	17.8680	16.4777	1
7404	18 24 30.211	-24 51 12.38	0.94	5.42	3.88	2.94	21.2081	19.1787	17.9240	16.4304	1
7584	18 24 27.697	-24 52 04.89	0.67	4.39	3.61	2.94	20.1763	18.9372	17.9353	16.7552	1
7626	18 24 31.614	-24 51 29.89	0.84	4.62	3.80	2.96	20.3994	19.1059	17.9453	16.4887	1
7638	18 24 32.311	-24 51 14.35	0.87	4.27	3.77	2.90	20.0518	19.0750	17.8799	16.6805	1
7683	18 24 33.140	-24 53 25.79	0.86	4.32	3.69	2.82	20.1046	18.9938	17.8077	16.6105	1
7731	18 24 29.247	-24 52 17.92	1.06	4.57	4.03	2.97	20.3507	19.3180	17.9432	16.5084	1
7747	18 24 36.029	-24 52 40.55	0.57	4.31	3.36	2.79	20.0945	18.6965	17.7886	16.7184	1
7754	18 24 29.500	-24 51 47.39	1.09	4.62	3.98	2.89	20.4019	19.2621	17.8666	16.5406	1
7784	18 24 29.233	-24 52 20.94	1.06	4.44	4.01	2.95	20.2178	19.2996	17.9311	16.5092	1
7818	18 24 31.454	-24 53 16.36	1.14	4.66	4.09	2.95	20.4384	19.3743	17.9246	16.5632	1
7949	18 24 32.708	-24 52 37.89	0.79	4.27	3.86	3.08	20.0526	19.1779	18.0615	16.5693	1
7984	18 24 29.196	-24 51 31.12	0.77	4.58	3.79	3.02	20.3697	19.1029	18.0090	16.5783	1
8024	18 24 33.951	-24 53 22.88	0.93	4.40	3.90	2.97	20.1850	19.2024	17.9549	17.2199	1
8029	18 24 33.341	-24 52 58.78	0.40	4.26	3.56	3.16	20.0515	18.9123	18.1587	17.1376	1
8132	18 24 27.797	-24 51 41.74	0.69	4.56	3.58	2.89	20.3416	18.9045	17.8837	16.7416	1
8166	18 24 32.809	-24 53 10.80	0.87	84.22	3.85	2.98	99.9999	19.1550	17.9609	16.7290	1
8254	18 24 36.895	-24 51 48.36	0.82	4.84	3.76	2.94	20.6210	19.0706	17.9279	16.8377	1
8272	18 24 33.583	-24 50 57.45	0.62	4.58	3.71	3.09	20.3640	19.0412	18.0845	16.6199	1
8433	18 24 33.923	-24 53 17.94	0.67	4.24	3.67	3.00	20.0247	18.9978	17.9924	17.2530	1
8504	18 24 31.836	-24 51 43.19	0.76	4.44	3.96	3.20	20.2239	19.2755	18.1879	16.6422	1
8620	18 24 28.752	-24 51 24.59	1.15	84.22	4.17	3.03	99.9999	19.4520	18.0007	16.7395	1
8632	18 24 30.895	-24 51 46.03	1.07	84.22	4.14	3.07	99.9999	19.4246	18.0473	16.7108	1
8644	18 24 27.910	-24 52 05.31	0.27	4.38	3.72	3.45	20.1722	19.0876	18.4594	16.7322	0
8844	18 24 27.736	-24 52 26.79	0.70	4.37	3.75	3.04	20.1586	19.0680	18.0310	16.8610	1
8967	18 24 30.500	-24 51 25.20	1.09	4.62	4.35	3.26	20.4049	19.6321	18.2366	16.7040	1
9036	18 24 30.198	-24 51 22.27	1.03	4.87	4.16	3.13	20.6488	19.4469	18.1046	16.7550	1
9337	18 24 37.110	-24 51 47.00	0.76	4.72	3.89	3.14	20.5067	19.2096	18.1229	16.9314	1
9437	18 24 37.608	-24 51 51.16	0.66	4.75	3.86	3.20	20.5331	19.1870	18.1951	16.8765	1
9564	18 24 37.285	-24 52 02.03	0.75	4.83	3.96	3.21	20.6114	19.2775	18.2017	16.8402	1
9569	18 24 36.958	-24 52 35.07	1.05	4.52	4.13	3.09	20.2984	19.4234	18.0639	16.9836	1
9579	18 24 30.533	-24 51 26.82	0.64	84.21	4.00	3.36	99.9999	19.3274	18.3509	16.8062	1
9614	18 24 35.307	-24 52 41.43	0.87	84.22	4.01	3.15	99.9999	19.3205	18.1328	16.8951	1
9625	18 24 30.509	-24 51 27.57	0.86	4.33	4.28	3.43	20.1147	19.5894	18.4096	17.2912	1
9633	18 24 29.306	-24 51 20.60	0.52	4.41	3.76	3.24	20.1953	19.0978	18.2377	17.1133	1
9681	18 24 37.821	-24 51 44.53	0.79	84.22	4.00	3.21	99.9999	19.3164	18.1946	17.0054	1
9755	18 24 30.434	-24 51 39.79	1.09	84.22	4.35	3.26	99.9999	19.6396	18.2397	99.9999	1
9899	18 24 30.697	-24 51 08.60	0.80	4.51	4.07	3.27	20.2926	19.3812	18.2566	17.2267	1
9937	18 24 37.607	-24 52 45.74	0.74	4.64	3.93	3.19	20.4273	19.2506	18.1757	17.0257	1
10398	18 24 30.411	-24 51 07.12	0.33	4.54	3.55	3.22	20.3255	18.9072	18.2185	17.5144	1
10507	18 24 37.294	-24 51 37.10	0.39	4.49	3.83	3.44	20.2783	19.1796	18.4394	17.4973	1
10702	18 24 29.198	-24 52 27.11	0.80	84.22	4.32	3.52	99.9999	19.6329	18.5047	16.9346	1
10938	18 24 34.851	-24 52 56.94	0.85	84.22	4.38	3.53	99.9999	19.6885	18.5116	16.9386	1
11127	18 24 35.081	-24 51 12.37	0.91	4.77	4.27	3.36	20.5576	19.5769	18.3465	17.0698	1
11275	18 24 33.049	-24 53 11.54	1.08	4.59	4.53	3.45	20.3726	19.8153	18.4216	17.0858	1
11458	18 24 38.114	-24 52 00.41	0.66	4.71	4.10	3.44	20.4987	19.4226	18.4262	17.1645	1
11554	18 24 36.092	-24 52 53.25	0.66	4.86	4.10	3.44	20.6436	19.4217	18.4262	17.1272	1
11714	18 24 36.985	-24 52 49.43	0.71	4.91	4.21	3.50	20.6927	19.5289	18.4910	17.0869	1
11749	18 24 38.205	-24 52 24.07	0.80	5.10	4.25	3.45	20.8891	19.5619	18.4337	17.1194	1
11782	18 24 27.521	-24 52 33.01	0.71	4.97	4.14	3.43	20.7529	19.4628	18.4230	17.1714	1
11862	18 24 33.735	-24 52 55.29	0.68	4.76	4.21	3.53	20.5418	19.5320	18.5176	17.1286	1
12063	18 24 35.354	-24 53 06.37	1.07	4.90	4.65	3.58	20.6803	19.9381	18.5534	99.9999	1
12074	18 24 34.808	-24 53 12.00	0.51	4.63	4.14	3.63	20.4217	19.4784	18.6246	17.3832	1
12092	18 24 34.951	-24 53 07.53	0.53	84.21	4.15	3.62	99.9999	19.4892	18.6206	17.1411	1
12278	18 24 36.840	-24 51 39.84	0.88	4.70	4.30	3.43	20.4880	19.6079	18.4109	17.3945	1
12323	18 24 27.456	-24 51 54.44	1.09	84.22	4.52	3.43	99.9999	19.8007	18.4027	17.2389	1
12324	18 24 36.487	-24 52 58.45	0.72	4.95	4.24	3.52	20.7353	19.5607	18.5092	17.1767	1
12364	18 24 36.254	-24 53 04.56	0.71	4.84	4.17	3.46	20.6207	19.4869	18.4490	17.4197	1
12558	18 24 30.914	-24 51 11.79	0.74	84.21	4.36	3.62	99.9999	19.6753	18.6076	17.1311	1
12702	18 24 34.805	-24 51 06.00	0.61	4.76	4.25	3.63	20.5422	19.5768	18.6273	17.2514	1
13147	18 24 32.166	-24 53 13.54	1.10	5.03	4.73	3.63	20.8110	20.0119	18.6029	99.9999	1
13402	18 24 37.138	-24 51 48.46	0.88	5.00	4.39	3.51	20.7816	19.6945	18.4930	17.3772	1
13632	18 24 27.580	-24 51 55.38	0.51	4.69	4.26	3.75	20.4803	19.5987	18.7485	17.3321	1
13781	18 24 33.460	-24 53 23.34	0.40	4.71	3.99	3.60	20.4961	19.3448	18.5956	17.6021	1
14691	18 24 31.019	-24 51 05.51	0.70	5.35	4.31	3.61	21.1313	19.6332	18.5979	17.3533	1
15007	18 24 36.701	-24 51 38.91	0.80	84.22	4.61	3.81	99.9999	19.9182	18.7936	99.9999	1
15332	18 24 37.848	-24 52 44.71	0.32	4.75	4.26	3.94	20.5381	19.6195	18.9462	17.6649	1
15350	18 24 32.339	-24 51 01.87	0.96	5.24	4.66	3.70	21.0239	19.9579	18.6834	17.3920	1
15512	18 24 29.262	-24 51 36.89	0.75	5.28	4.53	3.78	21.0695	19.8455	18.7687	17.3973	1
15822	18 24 27.272	-24 52 01.87	0.94	5.16	4.61	3.67	20.9384	19.9125	18.6550	17.4890	1
16169	18 24 37.104	-24 51 31.25	0.71	84.21	4.28	3.56	99.9999	19.5963	18.5511	17.5532	1
16341	18 24 37.880	-24 52 42.55	0.42	4.74	4.34	3.93	20.5259	19.6931	18.9260	17.6183	1
17013	18 24 32.536	-24 50 57.32	0.88	84.22	4.76	3.88	99.9999	20.0672	18.8641	17.4796	1
17112	18 24 33.524	-24 50 59.93	0.51	84.21	4.44	3.93	99.9999	19.7782	18.9214	17.6143	1
17849	18 24 36.596	-24 51 28.51	0.64	84.21	4.53	3.89	99.9999	19.8573	18.8789	17.6106	1
17943	18 24 34.178	-24 51 02.45	0.69	84.21	4.65	3.96	99.9999	19.9705	18.9507	17.5990	1
20418	18 24 31.293	-24 51 03.94	0.44	84.21	4.58	4.14	99.9999	19.9241	19.1342	17.7752	1
