# M62 E(B-V)=0.47, m-M = 14.16
# BlueFlag Note: if (V-I)0 > 0.331 + 1.444 * (B-V)0 then BlueFlag = 0
# 	RA		Dec		(B-V)_0	M_u	M_B	M_V	u	B	V	I	BlueFlag
5688	17 01 18.293	-30 06 36.24	1.01	4.06	3.40	2.39	20.6651	19.4349	18.0561	16.9825	1
5812	17 01 18.087	-30 06 41.54	1.03	3.29	2.32	1.30	19.9023	18.3564	16.9585	15.4515	1
5857	17 01 18.019	-30 06 42.68	1.17	2.04	0.61	-0.55	18.6511	16.6318	15.1044	13.3696	1
5923	17 01 17.890	-30 07 17.46	0.27	1.97	0.81	0.54	18.5844	16.9233	16.2291	15.1869	1
5957	17 01 17.833	-30 07 18.51	1.37	2.15	0.32	-1.05	18.7532	16.3192	14.5986	12.7428	1
5962	17 01 17.851	-30 06 34.15	0.92	83.39	3.21	2.28	99.9999	19.2521	17.9514	16.1940	1
6031	17 01 17.715	-30 07 04.39	1.01	2.96	1.84	0.84	19.5729	17.8800	16.5021	14.8727	1
6106	17 01 17.587	-30 07 19.74	0.80	83.39	2.40	1.60	99.9999	18.4597	17.2769	15.7292	1
6118	17 01 17.568	-30 07 20.69	0.94	1.97	1.20	0.26	18.5808	17.2410	15.9248	14.3340	1
6146	17 01 17.524	-30 07 27.47	0.60	2.51	1.54	0.94	19.1205	17.6157	16.6178	15.2283	1
6148	17 01 17.558	-30 06 17.35	1.05	3.39	2.76	1.71	19.9985	18.7954	17.3731	15.8851	1
6157	17 01 17.544	-30 06 19.28	1.01	3.90	3.12	2.10	20.5053	19.1503	17.7643	16.2781	1
6177	17 01 17.501	-30 07 00.31	0.98	3.58	2.64	1.66	20.1927	18.6740	17.3215	15.7732	1
6221	17 01 17.424	-30 06 47.68	1.04	3.59	2.66	1.62	20.1961	18.6930	17.2789	15.7783	1
6223	17 01 17.435	-30 06 22.76	0.28	1.60	0.52	0.23	18.2154	16.6275	15.9234	14.9212	1
6231	17 01 17.402	-30 07 03.86	0.17	1.78	0.81	0.64	18.3954	16.9350	16.3351	15.5807	1
6253	17 01 17.374	-30 07 11.06	0.53	1.46	0.62	0.09	18.0673	16.7019	15.7684	14.6287	1
6261	17 01 17.393	-30 06 18.44	0.56	1.84	0.98	0.42	18.4533	17.0653	16.1001	14.8340	1
6327	17 01 17.284	-30 06 45.89	1.05	2.70	1.64	0.59	19.3077	17.6707	16.2530	14.7013	1
6345	17 01 17.247	-30 06 47.77	0.05	1.76	1.04	0.99	18.3766	17.1723	16.6876	16.0633	1
6374	17 01 17.196	-30 07 18.57	0.94	83.39	3.93	2.99	99.9999	19.9719	18.6568	16.9894	1
6386	17 01 17.204	-30 06 42.86	0.83	3.42	2.45	1.62	20.0249	18.5092	17.2945	15.6951	1
6395	17 01 17.205	-30 06 07.01	0.87	83.39	3.53	2.67	99.9999	19.5844	18.3363	16.9365	1
6418	17 01 17.176	-30 06 16.67	1.01	3.00	2.09	1.08	19.6078	18.1235	16.7402	15.4367	1
6447	17 01 17.103	-30 07 05.79	-0.00	1.74	0.95	0.95	18.3530	17.0922	16.6545	15.9449	1
6449	17 01 17.107	-30 06 48.49	0.96	2.81	2.22	1.27	19.4216	18.2656	16.9321	15.4146	1
6452	17 01 17.090	-30 07 15.31	1.08	3.27	2.25	1.17	19.8736	18.2755	16.8296	15.2596	1
6458	17 01 17.119	-30 06 11.77	0.85	3.39	2.47	1.62	19.9968	18.5207	17.2869	15.7893	1
6494	17 01 17.071	-30 06 04.84	0.98	2.74	1.61	0.62	19.3481	17.6438	16.2886	14.7677	1
6508	17 01 17.022	-30 07 08.29	0.11	1.96	0.88	0.77	18.5734	17.0146	16.4718	15.7953	1
6510	17 01 17.026	-30 06 43.12	0.77	3.01	2.27	1.50	19.6250	18.3285	17.1684	15.7538	1
6515	17 01 17.029	-30 06 21.52	0.95	1.53	0.38	-0.57	18.1342	16.4222	15.0969	13.5885	1
6538	17 01 17.008	-30 06 01.34	0.99	2.67	1.49	0.50	19.2736	17.5271	16.1628	14.5779	1
6603	17 01 16.900	-30 06 28.41	0.98	2.86	2.04	1.05	19.4704	18.0737	16.7166	15.2360	1
6627	17 01 16.826	-30 07 39.64	0.98	2.94	1.75	0.77	19.5454	17.7907	16.4336	14.7173	1
6664	17 01 16.787	-30 07 17.40	0.25	1.87	0.79	0.54	18.4882	16.9032	16.2317	15.6711	1
6667	17 01 16.801	-30 06 43.07	1.14	2.06	1.10	-0.04	18.6702	17.1206	15.6149	13.9857	1
6692	17 01 16.764	-30 06 48.79	0.81	1.94	1.07	0.25	18.5505	17.1215	15.9222	14.5637	1
6698	17 01 16.759	-30 06 40.40	1.09	4.20	3.35	2.26	20.8056	19.3795	17.9218	16.3546	1
6787	17 01 16.624	-30 07 03.07	1.37	83.40	4.05	2.67	99.9999	20.0429	18.3217	16.8135	1
6854	17 01 16.520	-30 07 10.23	1.08	2.14	1.32	0.25	18.7434	17.3525	15.9076	14.3612	1
6859	17 01 16.545	-30 06 17.54	0.97	3.84	2.98	2.01	20.4479	19.0219	17.6803	16.2491	1
6861	17 01 16.521	-30 06 48.13	0.32	1.79	1.70	1.38	18.3994	17.8072	17.0740	99.9999	1
6889	17 01 16.472	-30 07 00.42	1.00	3.40	2.54	1.54	20.0046	18.5766	17.2069	15.7162	1
6890	17 01 16.483	-30 06 39.40	0.72	3.45	2.54	1.82	20.0604	18.6072	17.4924	15.7576	1
6897	17 01 16.483	-30 06 19.21	-0.16	1.87	1.96	2.12	18.4862	18.1219	17.8293	17.1660	1
6961	17 01 16.387	-30 06 21.25	0.96	83.39	2.48	1.52	99.9999	18.5165	17.1841	15.6598	1
6967	17 01 16.395	-30 05 54.65	1.08	3.43	2.60	1.52	20.0385	18.6310	17.1797	15.5527	1
6992	17 01 16.339	-30 06 42.57	0.95	2.43	1.58	0.62	19.0345	17.6171	16.2900	14.7019	1
7007	17 01 16.295	-30 07 33.36	1.07	4.26	3.14	2.08	20.8715	19.1714	17.7373	16.1971	1
7032	17 01 16.261	-30 07 28.36	0.97	3.20	2.14	1.17	19.8083	18.1757	16.8314	15.2312	1
7048	17 01 16.242	-30 07 24.79	1.10	2.79	2.24	1.14	19.4016	18.2661	16.8030	15.2395	1
7066	17 01 16.230	-30 06 53.26	0.89	2.30	1.36	0.47	18.9137	17.4061	16.1406	14.5225	1
7094	17 01 16.174	-30 07 28.12	0.97	83.39	3.20	2.23	99.9999	19.2415	17.8964	16.5201	1
7135	17 01 16.142	-30 06 55.90	1.54	1.71	-0.23	-1.77	18.3099	15.7502	13.8691	11.9274	1
7146	17 01 16.150	-30 06 14.04	0.64	2.02	1.14	0.50	18.6263	17.2117	16.1776	14.8286	1
7160	17 01 16.097	-30 07 30.81	0.94	3.53	2.52	1.58	20.1391	18.5618	17.2438	15.6972	1
7175	17 01 16.101	-30 06 51.47	0.51	1.75	0.93	0.43	18.3605	17.0217	16.1109	14.7910	1
7184	17 01 16.105	-30 06 28.93	0.69	1.85	1.11	0.42	18.4655	17.1795	16.0928	14.8624	1
7220	17 01 16.035	-30 06 44.42	0.73	1.52	0.78	0.05	18.1316	16.8435	15.7206	14.3391	1
7244	17 01 15.991	-30 07 28.65	0.97	2.76	1.72	0.75	19.3712	17.7568	16.4133	14.8141	1
7251	17 01 16.025	-30 06 19.54	0.63	1.88	1.11	0.48	18.4943	17.1813	16.1544	14.8861	1
7294	17 01 15.981	-30 05 54.46	0.91	2.83	1.77	0.86	19.4401	17.8163	16.5291	14.9881	1
7307	17 01 15.958	-30 05 53.01	0.90	3.60	2.57	1.67	20.2114	18.6207	17.3380	15.8393	1
7354	17 01 15.879	-30 06 17.35	0.08	1.94	1.10	1.02	18.5549	17.2361	16.7232	16.0905	1
7382	17 01 15.829	-30 06 37.50	0.89	0.79	0.23	-0.66	17.3947	16.2771	15.0116	13.6419	1
7385	17 01 15.806	-30 07 12.79	0.93	83.39	2.62	1.68	99.9999	18.6604	17.3506	15.7246	1
7390	17 01 15.819	-30 06 42.31	0.91	2.37	1.48	0.57	18.9833	17.5282	16.2401	14.4595	1
7400	17 01 15.836	-30 05 52.32	0.84	3.21	2.07	1.24	19.8145	18.1258	16.9066	15.3631	1
7404	17 01 15.776	-30 07 33.17	1.49	2.18	0.26	-1.23	18.7795	16.2441	14.4111	12.5332	1
7408	17 01 15.808	-30 06 28.42	0.86	2.36	1.54	0.68	18.9722	17.5949	16.3521	14.9309	1
7425	17 01 15.787	-30 06 17.64	0.70	2.99	2.15	1.45	19.5964	18.2190	17.1259	15.8316	1
7463	17 01 15.732	-30 06 32.99	1.07	83.39	1.74	0.67	99.9999	17.7731	16.3364	14.8098	1
7465	17 01 15.713	-30 07 01.29	0.83	3.02	2.11	1.28	19.6320	18.1641	16.9485	15.4876	1
7484	17 01 15.685	-30 07 13.50	1.02	2.32	1.18	0.16	18.9244	17.2118	15.8194	14.2093	1
7505	17 01 15.699	-30 05 58.66	1.10	4.25	3.47	2.38	20.8524	19.5001	18.0379	16.5943	1
7514	17 01 15.624	-30 07 38.01	1.33	83.39	3.74	2.40	99.9999	19.7371	18.0548	16.3344	1
7547	17 01 15.627	-30 06 27.38	0.44	83.39	1.18	0.74	99.9999	17.2787	16.4286	14.9332	1
7553	17 01 15.619	-30 06 28.09	0.70	1.59	1.63	0.93	18.2005	17.6959	16.6019	16.5970	1
7592	17 01 15.558	-30 06 43.97	0.79	1.39	0.29	-0.50	17.9956	16.3511	15.1718	13.5447	1
7604	17 01 15.510	-30 07 51.17	1.03	4.45	3.41	2.38	21.0620	19.4405	18.0445	16.3175	1
7612	17 01 15.510	-30 07 45.03	1.19	2.49	0.85	-0.35	19.0950	16.8637	15.3100	13.4941	1
7674	17 01 15.492	-30 05 52.40	0.75	3.56	2.95	2.21	20.1744	19.0155	17.8798	16.4520	1
7688	17 01 15.427	-30 07 24.33	1.16	2.25	0.85	-0.31	18.8580	16.8724	15.3512	13.7040	1
7689	17 01 15.469	-30 06 07.43	0.96	2.58	1.71	0.75	19.1863	17.7477	16.4161	14.8397	1
7700	17 01 15.438	-30 06 40.80	0.40	1.26	0.44	0.03	17.8693	16.5365	15.7218	14.3981	1
7782	17 01 15.349	-30 05 57.93	0.96	3.03	2.19	1.23	19.6399	18.2264	16.8912	15.4640	1
7784	17 01 15.335	-30 06 10.35	1.14	2.36	1.00	-0.15	18.9695	17.0195	15.5119	13.8208	1
7833	17 01 15.270	-30 06 14.70	0.03	1.32	0.84	0.82	17.9369	16.9821	16.5191	99.9999	1
7838	17 01 15.220	-30 07 29.26	0.89	3.80	2.87	1.98	20.4128	18.9140	17.6477	16.0904	1
7859	17 01 15.230	-30 06 51.22	1.47	0.51	-1.14	-2.61	17.1103	14.8507	13.0376	10.9854	1
7868	17 01 15.226	-30 06 38.04	0.64	1.28	0.68	0.04	17.8873	16.7517	15.7176	14.3794	1
7903	17 01 15.158	-30 07 04.52	1.06	1.80	0.68	-0.38	18.4047	16.7118	15.2822	13.6281	1
7911	17 01 15.179	-30 06 11.19	0.87	2.30	1.26	0.39	18.9053	17.3143	16.0643	14.5221	1
7930	17 01 15.113	-30 07 32.19	0.88	2.75	1.64	0.76	19.3631	17.6914	16.4296	14.7585	1
8012	17 01 15.058	-30 05 57.18	0.85	83.39	3.58	2.73	99.9999	19.6299	18.4009	16.8993	1
8032	17 01 14.995	-30 07 17.95	0.41	1.94	0.99	0.58	18.5502	17.0919	16.2690	15.0158	1
8036	17 01 14.979	-30 07 39.91	0.94	4.32	3.02	2.08	20.9305	19.0666	17.7458	15.9547	1
8075	17 01 14.986	-30 06 02.96	0.94	3.15	2.06	1.12	19.7556	18.1010	16.7857	15.3060	1
8080	17 01 14.969	-30 06 22.10	0.26	83.39	1.86	1.60	99.9999	17.9749	17.2917	15.8964	0
8158	17 01 14.879	-30 06 02.81	0.98	3.96	3.17	2.18	20.5656	19.2066	17.8487	16.3788	1
8173	17 01 14.849	-30 06 23.20	0.09	1.63	0.72	0.62	18.2469	16.8490	16.3235	15.4734	1
8189	17 01 14.853	-30 05 50.69	0.96	2.67	1.58	0.63	19.2793	17.6237	16.2921	14.7039	1
8202	17 01 14.796	-30 07 07.49	0.69	2.56	1.73	1.03	19.1745	17.7945	16.7078	15.0335	1
8211	17 01 14.801	-30 06 27.79	0.13	1.54	1.02	0.89	18.1605	17.1466	16.5911	15.8003	1
8225	17 01 14.813	-30 05 46.75	0.86	3.42	2.32	1.45	20.0266	18.3667	17.1212	15.6213	1
8256	17 01 14.767	-30 06 11.48	0.81	83.39	3.53	2.71	99.9999	19.5823	18.3832	16.8313	1
8261	17 01 14.775	-30 05 49.17	0.92	2.90	1.89	0.97	19.5133	17.9372	16.6364	15.1717	1
8273	17 01 14.707	-30 07 26.07	1.39	1.82	0.08	-1.31	18.4230	16.0761	14.3419	12.4760	1
8276	17 01 14.716	-30 07 01.53	1.41	1.43	-0.28	-1.69	18.0298	15.7162	13.9584	12.1117	1
8278	17 01 14.714	-30 06 59.21	0.62	1.58	0.86	0.24	18.1875	16.9408	15.9203	14.7670	1
8282	17 01 14.750	-30 05 45.29	1.13	4.51	4.32	3.19	21.1122	20.3399	18.8505	17.5909	1
8301	17 01 14.677	-30 06 57.31	0.85	83.39	1.91	1.06	99.9999	17.9615	16.7280	15.2283	1
8334	17 01 14.645	-30 07 04.25	1.42	1.42	-0.15	-1.57	18.0273	15.8406	14.0756	12.1972	1
8341	17 01 14.621	-30 07 32.56	0.93	83.39	2.06	1.13	99.9999	18.1017	16.7956	15.2246	1
8379	17 01 14.574	-30 07 34.12	0.36	1.67	0.63	0.27	18.2831	16.7316	15.9550	14.9660	1
8380	17 01 14.621	-30 06 07.35	0.93	2.33	1.35	0.42	18.9349	17.3919	16.0875	14.5284	1
8411	17 01 14.566	-30 06 25.63	0.51	1.46	0.81	0.30	18.0675	16.8937	15.9829	14.7976	1
8413	17 01 14.539	-30 07 12.25	0.59	1.88	1.22	0.63	18.4877	17.2972	16.3057	15.0960	1
8494	17 01 14.453	-30 06 39.95	1.35	1.28	-0.49	-1.84	17.8890	15.5059	13.8061	11.9145	1
8510	17 01 14.449	-30 06 09.00	0.96	2.92	2.06	1.11	19.5311	18.1048	16.7741	15.2900	1
8529	17 01 14.428	-30 06 11.33	0.87	2.98	2.00	1.13	19.5844	18.0483	16.7973	15.2865	1
8533	17 01 14.414	-30 06 27.09	0.35	1.49	0.63	0.28	18.1008	16.7336	15.9687	15.0369	1
8551	17 01 14.367	-30 07 07.06	0.92	1.33	0.41	-0.52	17.9393	16.4502	15.1494	13.6405	1
8569	17 01 14.390	-30 05 47.56	1.11	1.93	0.67	-0.45	18.5331	16.6909	15.2133	13.5562	1
8588	17 01 14.303	-30 07 35.70	0.63	2.12	1.24	0.62	18.7349	17.3195	16.2954	14.9731	1
8598	17 01 14.335	-30 06 17.98	0.33	1.74	0.75	0.42	18.3538	16.8591	16.1133	15.0984	1
8601	17 01 14.288	-30 07 37.75	0.77	3.34	2.40	1.62	19.9491	18.4564	17.2954	15.7698	1
8635	17 01 14.248	-30 07 46.94	0.21	2.11	1.00	0.78	18.7290	17.1159	16.4779	15.7011	1
8656	17 01 14.279	-30 05 57.08	0.46	0.94	0.24	-0.22	17.5564	16.3342	15.4660	14.3306	1
8658	17 01 14.259	-30 06 32.22	0.96	1.33	0.40	-0.56	17.9433	16.4392	15.1012	13.6219	1
8689	17 01 14.204	-30 07 09.26	0.42	1.49	0.43	0.01	18.1073	16.5251	15.6922	14.8208	1
8699	17 01 14.230	-30 05 58.44	0.89	83.39	2.09	1.20	99.9999	18.1370	16.8717	15.4165	1
8709	17 01 14.168	-30 07 37.20	0.86	3.15	2.06	1.20	19.7603	18.1094	16.8720	15.2181	1
8714	17 01 14.206	-30 06 15.29	1.48	1.65	-0.22	-1.70	18.2536	15.7688	13.9449	12.0289	1
8768	17 01 14.126	-30 06 59.77	1.00	83.39	0.22	-0.77	99.9999	16.2605	14.8910	13.3962	1
8823	17 01 14.056	-30 07 04.40	0.88	1.31	0.35	-0.53	17.9158	16.3955	15.1355	13.6687	1
8849	17 01 14.049	-30 06 36.52	0.94	0.97	-0.14	-1.08	17.5791	15.9008	14.5828	12.9792	1
8850	17 01 14.042	-30 06 48.18	0.82	83.39	0.57	-0.25	99.9999	16.6267	15.4204	13.7681	1
8860	17 01 14.014	-30 07 20.39	1.14	1.28	-0.04	-1.17	17.8860	15.9861	14.4868	12.8037	1
8861	17 01 14.068	-30 05 42.91	0.16	1.60	0.55	0.38	18.2176	16.6707	16.0799	15.4327	1
8867	17 01 14.034	-30 06 31.36	1.77	1.17	-0.34	-2.11	17.7707	15.6188	13.5238	11.5382	1
8875	17 01 14.035	-30 06 10.89	0.57	1.59	0.80	0.23	18.1983	16.8837	15.9103	14.5920	1
8901	17 01 13.996	-30 06 28.54	1.29	1.71	0.03	-1.27	18.3163	16.0313	14.3860	12.5799	1
8935	17 01 13.971	-30 05 49.02	1.05	3.94	3.03	1.98	20.5492	19.0620	17.6469	16.1002	1
8951	17 01 13.921	-30 06 35.07	-0.01	-0.35	-0.43	-0.41	16.2651	15.7161	15.2903	14.6575	1
8953	17 01 13.939	-30 05 59.32	0.27	1.65	0.53	0.26	18.2609	16.6388	15.9500	14.9541	1
8969	17 01 13.880	-30 07 16.82	1.37	1.62	-0.12	-1.48	18.2290	15.8797	14.1655	12.3373	1
9008	17 01 13.816	-30 07 49.16	1.02	83.39	3.85	2.84	99.9999	19.8889	18.4994	16.7774	1
9060	17 01 13.815	-30 06 09.99	0.08	1.45	0.76	0.68	18.0670	16.8949	16.3802	15.7416	1
9077	17 01 13.764	-30 07 13.30	0.80	2.07	1.21	0.41	18.6749	17.2703	16.0820	14.6373	1
9080	17 01 13.786	-30 06 18.69	0.32	1.71	0.82	0.50	18.3198	16.9289	16.1921	15.0409	1
9081	17 01 13.795	-30 05 59.40	0.11	83.38	1.04	0.92	99.9999	17.1670	16.6217	15.9060	1
9108	17 01 13.776	-30 05 51.94	0.65	3.26	2.50	1.85	19.8731	18.5776	17.5299	15.9017	1
9111	17 01 13.764	-30 06 13.22	0.71	1.52	0.75	0.04	18.1320	16.8210	15.7162	14.3243	1
9157	17 01 13.640	-30 07 42.98	0.27	1.97	0.91	0.64	18.5851	17.0256	16.3351	15.3725	1
9168	17 01 13.684	-30 06 01.58	0.18	0.93	-0.02	-0.20	17.5418	16.0986	15.4942	14.6729	1
9196	17 01 13.595	-30 07 58.59	1.08	4.21	3.00	1.92	20.8206	19.0315	17.5856	15.9488	1
9245	17 01 13.556	-30 07 36.15	0.59	1.86	0.93	0.34	18.4693	17.0054	16.0166	14.6499	1
9299	17 01 13.554	-30 05 48.52	1.15	1.84	0.46	-0.68	18.4457	16.4844	14.9760	13.3536	1
9326	17 01 13.504	-30 06 23.54	0.91	2.29	1.75	0.85	18.9027	17.8005	16.5161	15.0232	1
9329	17 01 13.475	-30 07 09.63	0.78	83.39	1.32	0.54	99.9999	17.3761	16.2105	14.9195	1
9330	17 01 13.506	-30 06 09.55	-0.21	-1.34	-1.02	-0.81	15.2812	15.1411	14.8962	14.5453	1
9345	17 01 13.442	-30 07 36.68	0.34	1.85	0.76	0.42	18.4638	16.8693	16.1135	15.2497	1
9356	17 01 13.469	-30 06 15.92	0.92	3.08	2.68	1.77	19.6886	18.7296	17.4333	15.9589	1
9375	17 01 13.453	-30 06 04.28	1.49	1.71	-0.23	-1.72	18.3144	15.7565	13.9289	12.0395	1
9394	17 01 13.384	-30 07 17.71	0.55	1.71	0.84	0.29	18.3216	16.9214	15.9698	14.6667	1
9446	17 01 13.367	-30 06 15.45	0.21	1.69	0.58	0.37	18.3089	16.7040	16.0669	15.2832	1
9451	17 01 13.328	-30 07 12.03	1.11	1.32	0.13	-0.99	17.9305	16.1517	14.6723	13.0083	1
9460	17 01 13.362	-30 05 54.86	0.11	2.00	1.83	1.72	18.6150	17.9580	17.4197	17.0428	1
9462	17 01 13.358	-30 06 01.32	1.15	83.39	2.94	1.79	99.9999	18.9639	17.4511	16.1084	1
9469	17 01 13.344	-30 06 09.20	1.48	1.45	-0.19	-1.67	18.0542	15.7949	13.9728	12.0785	1
9474	17 01 13.352	-30 05 45.67	1.18	1.65	0.26	-0.92	18.2568	16.2807	14.7387	13.0586	1
9477	17 01 13.352	-30 05 44.86	1.00	83.39	2.43	1.42	99.9999	18.4650	17.0891	15.6924	1
9480	17 01 13.271	-30 07 58.33	1.51	1.90	-0.04	-1.55	18.5024	15.9420	14.0954	12.1053	1
9512	17 01 13.300	-30 06 27.75	1.19	1.43	0.35	-0.84	18.0395	16.3669	14.8159	13.0247	1
9543	17 01 13.235	-30 07 27.20	0.82	83.39	2.85	2.03	99.9999	18.9043	17.7042	16.1002	1
9545	17 01 13.236	-30 07 22.82	1.20	2.08	0.63	-0.57	18.6861	16.6422	15.0821	13.3889	1
9559	17 01 13.217	-30 07 17.13	1.32	1.28	-0.43	-1.75	17.8819	15.5744	13.9055	12.0076	1
9582	17 01 13.236	-30 05 43.83	0.92	2.53	1.43	0.52	19.1354	17.4787	16.1833	14.6863	1
9587	17 01 13.211	-30 06 23.66	1.25	83.39	0.52	-0.73	99.9999	16.5284	14.9231	13.2299	1
9596	17 01 13.166	-30 07 29.13	1.06	3.26	2.36	1.30	19.8648	18.3902	16.9661	15.3789	1
9635	17 01 13.161	-30 06 27.08	1.05	83.39	0.70	-0.35	99.9999	16.7306	15.3130	13.7897	1
9654	17 01 13.143	-30 06 19.51	1.21	1.73	0.07	-1.14	18.3390	16.0864	14.5163	12.8170	1
9740	17 01 13.038	-30 06 16.39	1.37	2.84	2.30	0.93	19.4432	18.2972	16.5766	15.0557	1
9747	17 01 12.989	-30 07 32.38	0.38	3.60	2.48	2.10	20.2104	18.5796	17.7902	16.2825	0
9786	17 01 12.967	-30 07 06.05	1.27	83.39	-0.06	-1.33	99.9999	15.9459	14.3225	12.5611	1
9792	17 01 12.996	-30 06 05.22	0.98	2.59	1.49	0.51	19.1987	17.5290	16.1765	14.6724	1
9828	17 01 12.946	-30 06 30.02	1.20	1.26	-0.03	-1.23	17.8710	15.9863	14.4271	12.7830	1
9831	17 01 12.927	-30 07 01.90	1.33	1.03	-0.56	-1.89	17.6339	15.4396	13.7607	11.9196	1
9912	17 01 12.869	-30 06 09.93	0.72	1.88	1.12	0.40	18.4884	17.1838	16.0762	14.7001	1
9932	17 01 12.800	-30 07 43.10	0.93	2.37	1.44	0.51	18.9739	17.4849	16.1805	14.5939	1
9963	17 01 12.835	-30 05 46.72	1.16	2.30	0.92	-0.24	18.9086	16.9401	15.4153	13.8122	1
9964	17 01 12.792	-30 07 01.50	1.38	0.79	-0.84	-2.22	17.3955	15.1597	13.4327	11.5592	1
9977	17 01 12.749	-30 07 51.37	0.86	3.01	2.22	1.36	19.6177	18.2741	17.0341	15.6365	1
9990	17 01 12.809	-30 05 43.16	1.05	3.02	2.27	1.22	19.6243	18.3054	16.8841	15.3706	1
10002	17 01 12.735	-30 07 26.79	1.08	2.28	0.86	-0.23	18.8840	16.8842	15.4356	13.7939	1
10018	17 01 12.721	-30 07 25.50	1.11	2.82	1.57	0.46	19.4293	17.5938	16.1153	14.5623	1
10032	17 01 12.702	-30 07 37.05	1.12	1.98	0.50	-0.61	18.5856	16.5267	15.0463	13.3273	1
10035	17 01 12.759	-30 05 47.02	0.02	1.78	1.37	1.34	18.3926	17.5045	17.0460	16.6020	1
10049	17 01 12.690	-30 07 21.54	0.89	1.15	-0.08	-0.97	17.7608	15.9670	14.7007	13.1728	1
10069	17 01 12.666	-30 07 09.13	1.19	1.33	1.15	-0.04	17.9393	17.1700	15.6199	14.3580	1
10083	17 01 12.649	-30 07 17.24	0.21	1.41	0.48	0.27	18.0284	16.5993	15.9668	14.9996	1
10102	17 01 12.663	-30 05 54.91	1.34	1.40	-0.35	-1.69	18.0082	15.6510	13.9658	12.1845	1
10110	17 01 12.663	-30 05 42.63	0.93	83.39	1.55	0.62	99.9999	17.5963	16.2857	15.0141	1
10147	17 01 12.625	-30 05 40.37	0.02	1.71	1.06	1.04	18.3262	17.1968	16.7429	16.2646	1
10179	17 01 12.533	-30 07 29.16	1.05	4.13	3.13	2.08	20.7424	19.1579	17.7419	16.1579	1
10261	17 01 12.479	-30 06 19.80	0.85	2.18	1.20	0.35	18.7872	17.2514	16.0150	14.5124	1
10274	17 01 12.478	-30 06 00.96	0.11	1.86	0.59	0.49	18.4710	16.7240	16.1857	15.4356	1
10277	17 01 12.422	-30 07 34.10	0.75	3.44	2.86	2.11	20.0461	18.9261	17.7859	16.2863	1
10294	17 01 12.402	-30 07 36.92	0.89	3.50	2.09	1.20	20.1081	18.1389	16.8707	15.2977	1
10298	17 01 12.428	-30 06 32.62	1.02	1.30	0.38	-0.64	17.9116	16.4152	15.0273	13.4664	1
10307	17 01 12.385	-30 07 39.37	1.42	4.50	2.47	1.05	21.0995	18.4615	16.6956	14.9361	1
10310	17 01 12.390	-30 07 27.58	0.86	83.39	1.71	0.85	99.9999	17.7607	16.5172	15.0183	1
10339	17 01 12.402	-30 06 24.56	1.70	1.17	-0.58	-2.28	17.7697	15.3803	13.3533	11.2513	1
10340	17 01 12.369	-30 07 22.82	0.77	2.64	1.88	1.10	19.2472	17.9374	16.7754	15.4354	1
10360	17 01 12.385	-30 06 03.48	0.97	2.32	1.40	0.43	18.9323	17.4417	16.0974	14.7201	1
10363	17 01 12.377	-30 06 12.42	0.78	83.39	2.02	1.24	99.9999	18.0781	16.9125	15.2886	1
10381	17 01 12.310	-30 07 41.96	1.00	2.71	1.55	0.55	19.3147	17.5836	16.2129	14.6367	1
10392	17 01 12.309	-30 07 25.12	0.29	1.62	0.65	0.36	18.2375	16.7595	16.0544	15.2280	1
10407	17 01 12.343	-30 05 53.53	0.90	3.28	2.48	1.58	19.8915	18.5271	17.2499	15.8466	1
10412	17 01 12.336	-30 05 48.11	0.81	2.94	2.02	1.22	19.5537	18.0809	16.8871	15.3088	1
10414	17 01 12.327	-30 05 59.52	0.84	3.02	2.09	1.25	19.6278	18.1447	16.9237	15.5048	1
10428	17 01 12.263	-30 07 29.14	1.03	83.39	3.08	2.05	99.9999	19.1111	17.7126	16.3410	1
10445	17 01 12.252	-30 07 17.38	1.35	83.40	1.90	0.55	99.9999	17.8968	16.1982	14.8250	1
10446	17 01 12.228	-30 08 00.36	0.89	2.80	1.66	0.76	19.4130	17.7054	16.4318	14.7762	1
10469	17 01 12.216	-30 07 33.58	1.04	2.21	0.88	-0.16	18.8194	16.9093	15.4988	13.8265	1
10521	17 01 12.175	-30 07 15.64	0.86	83.39	1.87	1.01	99.9999	17.9211	16.6821	15.3581	1
10529	17 01 12.206	-30 06 06.79	0.89	2.31	1.20	0.31	18.9197	17.2476	15.9758	14.4370	1
10541	17 01 12.179	-30 06 33.14	1.51	1.40	-0.37	-1.88	18.0038	15.6098	13.7614	11.7713	1
10547	17 01 12.180	-30 06 20.83	0.75	1.59	0.96	0.22	18.1965	17.0264	15.8898	14.5307	1
10559	17 01 12.183	-30 05 47.77	0.86	2.74	1.69	0.82	19.3446	17.7397	16.4942	15.0434	1
10581	17 01 12.110	-30 07 11.19	1.36	1.71	1.31	-0.05	18.3133	17.3094	15.6033	14.1279	1
10602	17 01 12.054	-30 08 00.99	0.88	3.90	2.88	2.00	20.5095	18.9302	17.6656	16.0769	1
10682	17 01 12.011	-30 06 45.60	0.86	83.39	-0.52	-1.39	99.9999	15.5276	14.2822	12.7293	1
10691	17 01 11.979	-30 07 28.31	0.97	2.33	1.17	0.20	18.9336	17.2085	15.8624	14.3260	1
10709	17 01 11.942	-30 07 32.40	0.79	83.39	2.31	1.52	99.9999	18.3691	17.1917	15.6059	1
10739	17 01 11.956	-30 06 21.03	0.29	1.82	0.97	0.67	18.4363	17.0769	16.3645	15.3553	1
10791	17 01 11.858	-30 07 28.69	0.26	1.81	0.72	0.45	18.4244	16.8311	16.1469	15.1923	1
10809	17 01 11.890	-30 05 58.37	0.56	3.78	2.84	2.28	20.3898	18.9246	17.9630	16.5340	1
10814	17 01 11.853	-30 06 57.07	0.90	83.39	0.38	-0.53	99.9999	16.4226	15.1410	13.5461	1
10823	17 01 11.817	-30 07 37.14	0.95	2.61	1.38	0.42	19.2220	17.4179	16.0880	14.5019	1
10847	17 01 11.826	-30 06 39.52	0.32	1.32	0.48	0.16	17.9358	16.5849	15.8481	15.0240	1
10879	17 01 11.795	-30 06 37.78	1.12	83.39	1.01	-0.10	99.9999	17.0392	15.5555	14.1162	1
10884	17 01 11.763	-30 07 21.22	0.65	83.39	2.00	1.34	99.9999	18.0696	17.0219	15.5027	1
10886	17 01 11.789	-30 06 33.31	1.16	1.18	0.12	-1.04	17.7903	16.1367	14.6192	12.9661	1
10921	17 01 11.712	-30 07 38.55	1.03	2.53	1.31	0.28	19.1390	17.3435	15.9475	14.3305	1
10936	17 01 11.728	-30 06 35.01	1.28	1.25	0.47	-0.81	17.8587	16.4769	14.8398	12.9642	1
10954	17 01 11.674	-30 07 36.15	1.21	1.86	0.46	-0.76	18.4623	16.4712	14.8993	13.1774	1
10955	17 01 11.723	-30 06 08.21	0.92	2.67	1.64	0.72	19.2837	17.6865	16.3893	14.8854	1
10956	17 01 11.664	-30 07 49.93	0.96	3.31	2.21	1.24	19.9225	18.2491	16.9102	15.3740	1
10958	17 01 11.719	-30 06 09.76	0.77	3.77	2.89	2.13	20.3770	18.9550	17.8012	16.2326	1
10964	17 01 11.702	-30 06 31.54	0.53	1.22	0.48	-0.05	17.8277	16.5656	15.6285	14.5339	1
10978	17 01 11.682	-30 06 20.51	0.36	1.35	0.57	0.21	17.9648	16.6759	15.9019	14.8266	1
10999	17 01 11.649	-30 06 50.42	1.21	0.97	-0.53	-1.74	17.5715	15.4872	13.9144	12.1983	1
11012	17 01 11.605	-30 07 15.16	0.96	1.45	0.30	-0.66	18.0632	16.3393	15.0022	13.4856	1
11036	17 01 11.603	-30 06 25.66	0.98	83.39	1.30	0.33	99.9999	17.3430	15.9925	14.7840	1
11046	17 01 11.619	-30 05 46.35	0.52	2.29	1.17	0.66	18.9066	17.2610	16.3411	15.1408	1
11055	17 01 11.564	-30 07 04.64	1.57	1.18	-0.62	-2.19	17.7812	15.3612	13.4557	11.3936	1
11080	17 01 11.572	-30 06 06.59	0.64	1.98	1.05	0.41	18.5955	17.1286	16.0926	14.8300	1
11088	17 01 11.571	-30 05 52.83	1.08	2.35	0.93	-0.15	18.9559	16.9583	15.5106	13.9200	1
11134	17 01 11.522	-30 05 57.85	1.66	3.81	1.69	0.03	20.4131	17.6623	15.6725	13.5929	1
11211	17 01 11.392	-30 07 22.57	0.27	1.41	0.52	0.24	18.0272	16.6286	15.9371	15.2053	1
11216	17 01 11.382	-30 07 36.67	0.22	2.03	2.09	1.86	18.6469	18.2051	17.5571	16.8822	1
11240	17 01 11.348	-30 07 43.62	0.14	0.96	-0.12	-0.26	17.5765	16.0076	15.4404	14.7024	1
11270	17 01 11.362	-30 06 03.19	0.81	3.28	3.03	2.21	19.8853	19.0816	17.8841	16.6397	1
11273	17 01 11.325	-30 07 04.74	0.76	83.39	1.76	1.00	99.9999	17.8242	16.6722	15.0928	1
11288	17 01 11.297	-30 07 27.68	1.43	1.44	-0.20	-1.64	18.0423	15.7868	14.0118	12.1333	1
11294	17 01 11.302	-30 06 50.16	1.66	1.29	-0.48	-2.13	17.8909	15.4918	13.5074	11.5291	1
11323	17 01 11.297	-30 06 19.83	0.74	83.39	2.64	1.89	99.9999	18.6998	17.5677	16.2559	1
11326	17 01 11.240	-30 07 59.31	0.82	3.45	2.34	1.53	20.0547	18.3974	17.1972	15.6571	1
11327	17 01 11.300	-30 06 11.01	-0.09	1.42	1.15	1.24	18.0421	17.3049	16.9497	16.8261	1
11343	17 01 11.235	-30 07 36.15	0.99	3.21	2.50	1.51	19.8211	18.5419	17.1749	15.8069	1
11356	17 01 11.211	-30 07 46.76	0.81	4.05	3.17	2.36	20.6574	19.2280	18.0360	16.6218	1
11393	17 01 11.195	-30 07 11.92	0.13	0.71	-0.22	-0.35	17.3216	15.9055	15.3481	14.6123	1
11433	17 01 11.162	-30 06 48.74	1.69	1.44	-0.47	-2.17	18.0372	15.4918	13.4712	11.4646	1
11438	17 01 11.116	-30 07 57.00	0.96	3.51	2.47	1.51	20.1193	18.5077	17.1761	15.7136	1
11501	17 01 11.092	-30 06 39.90	1.34	1.52	-0.25	-1.59	18.1250	15.7533	14.0590	12.1950	1
11503	17 01 11.049	-30 07 52.64	0.99	2.98	1.84	0.85	19.5916	17.8741	16.5098	14.9033	1
11504	17 01 11.065	-30 07 22.71	1.43	83.40	2.89	1.45	99.9999	18.8776	17.1028	15.3833	1
11516	17 01 11.077	-30 06 44.22	1.20	1.31	-0.18	-1.38	17.9170	15.8333	14.2741	12.4944	1
11519	17 01 11.087	-30 06 22.63	1.08	83.39	1.11	0.03	99.9999	17.1402	15.6927	14.2129	1
11528	17 01 11.040	-30 07 28.54	0.18	1.72	1.43	1.25	18.3312	17.5543	16.9463	16.2310	1
11530	17 01 11.051	-30 07 06.19	0.93	1.98	1.15	0.21	18.5890	17.1923	15.8807	14.4265	1
11552	17 01 11.045	-30 06 41.14	1.41	1.62	-0.22	-1.63	18.2292	15.7714	14.0164	12.1324	1
11574	17 01 11.029	-30 06 24.65	0.26	0.81	0.04	-0.22	17.4267	16.1497	15.4728	14.6509	1
11618	17 01 10.945	-30 07 16.44	0.62	1.53	0.84	0.22	18.1426	16.9154	15.9012	14.6832	1
11638	17 01 10.952	-30 06 17.24	0.32	1.45	0.46	0.14	18.0633	16.5715	15.8302	14.8518	1
11656	17 01 10.951	-30 05 50.77	0.86	3.47	2.48	1.62	20.0772	18.5359	17.2931	15.8542	1
11674	17 01 10.906	-30 06 45.36	0.87	83.39	1.06	0.19	99.9999	17.1151	15.8634	14.3368	1
11697	17 01 10.885	-30 06 36.23	1.13	1.81	0.45	-0.68	18.4172	16.4689	14.9795	13.3320	1
11754	17 01 10.811	-30 06 56.96	0.81	2.53	1.83	1.02	19.1420	17.8867	16.6911	15.5674	1
11772	17 01 10.787	-30 07 17.99	0.75	83.39	2.05	1.30	99.9999	18.1131	16.9729	15.7542	1
11773	17 01 10.785	-30 07 15.77	0.22	1.54	0.53	0.32	18.1592	16.6537	16.0130	15.3559	1
11779	17 01 10.794	-30 06 45.54	0.28	1.04	0.15	-0.13	17.6504	16.2625	15.5584	14.4678	1
11795	17 01 10.787	-30 06 18.53	0.49	1.58	0.85	0.36	18.1909	16.9418	16.0446	14.9509	1
11810	17 01 10.760	-30 06 41.46	0.27	1.37	0.61	0.35	17.9879	16.7268	16.0380	15.1629	1
11813	17 01 10.740	-30 07 09.62	0.49	1.48	0.95	0.46	18.0971	17.0427	16.1436	15.0067	1
11815	17 01 10.740	-30 07 05.80	0.24	1.32	0.35	0.10	17.9396	16.4627	15.7975	14.9543	1
11841	17 01 10.738	-30 06 27.88	0.78	83.39	2.04	1.25	99.9999	18.0946	16.9236	15.4125	1
11858	17 01 10.677	-30 07 42.23	1.01	2.42	1.25	0.24	19.0242	17.2868	15.9071	14.3091	1
11877	17 01 10.684	-30 06 51.65	0.77	83.39	2.12	1.35	99.9999	18.1837	17.0263	15.5921	1
11920	17 01 10.635	-30 06 42.44	0.83	83.39	1.97	1.13	99.9999	18.0199	16.8026	99.9999	1
11921	17 01 10.634	-30 06 41.45	0.55	83.39	1.69	1.14	99.9999	17.7704	16.8188	99.9999	1
12001	17 01 10.512	-30 07 31.89	0.87	3.43	2.65	1.77	20.0381	18.6949	17.4394	16.0179	1
12002	17 01 10.517	-30 07 22.82	0.81	3.07	2.35	1.54	19.6820	18.4057	17.2101	15.7260	1
12015	17 01 10.551	-30 05 59.60	1.09	3.33	3.13	2.04	19.9359	19.1554	17.6959	16.3309	1
12029	17 01 10.522	-30 06 28.68	1.12	1.90	0.94	-0.18	18.5026	16.9622	15.4765	13.9046	1
12042	17 01 10.517	-30 06 05.34	1.53	1.67	-0.30	-1.83	18.2709	15.6816	13.8187	11.9334	1
12049	17 01 10.491	-30 06 35.29	0.26	1.61	0.61	0.35	18.2225	16.7251	16.0399	15.1914	1
12073	17 01 10.468	-30 06 27.72	0.97	1.89	0.50	-0.47	18.4933	16.5367	15.1924	13.6383	1
12078	17 01 10.411	-30 07 52.32	0.29	2.09	1.18	0.89	18.7002	17.2939	16.5825	15.3406	1
12096	17 01 10.418	-30 07 04.19	1.46	1.55	-0.18	-1.64	18.1584	15.8098	14.0103	12.1470	1
12098	17 01 10.411	-30 07 12.31	1.06	83.39	1.88	0.81	99.9999	17.9063	16.4733	15.0529	1
12194	17 01 10.319	-30 06 49.15	0.81	2.11	1.39	0.58	18.7213	17.4446	16.2471	14.7738	1
12215	17 01 10.289	-30 06 54.12	1.30	1.54	-0.11	-1.41	18.1426	15.8918	14.2401	12.4948	1
12234	17 01 10.229	-30 07 41.10	0.99	2.58	1.64	0.65	19.1893	17.6732	16.3108	14.7711	1
12254	17 01 10.210	-30 07 35.37	0.18	1.69	0.67	0.50	18.3068	16.7956	16.1912	15.3679	1
12255	17 01 10.217	-30 07 18.13	0.97	2.25	1.27	0.30	18.8616	17.3115	15.9654	14.4909	1
12258	17 01 10.223	-30 06 57.33	0.95	2.92	2.26	1.31	19.5318	18.3005	16.9779	15.7935	1
12282	17 01 10.231	-30 05 52.05	-0.17	0.72	0.77	0.95	17.3370	16.9325	16.6549	16.1825	1
12303	17 01 10.146	-30 07 36.82	1.05	83.39	2.98	1.93	99.9999	19.0132	17.5911	16.2750	1
12342	17 01 10.155	-30 05 56.87	1.33	1.73	0.02	-1.30	18.3384	16.0268	14.3506	12.5724	1
12351	17 01 10.102	-30 07 09.00	1.01	2.43	1.58	0.57	19.0405	17.6147	16.2332	14.8836	1
12353	17 01 10.096	-30 07 14.95	0.84	3.34	2.24	1.40	19.9490	18.2896	17.0677	15.6871	1
12368	17 01 10.129	-30 05 51.34	0.96	3.69	3.11	2.15	20.2973	19.1507	17.8191	16.3144	1
12386	17 01 10.095	-30 06 26.37	1.01	2.73	1.91	0.89	19.3383	17.9413	16.5553	15.1349	1
12425	17 01 09.988	-30 07 45.55	0.83	3.62	2.59	1.75	20.2344	18.6439	17.4256	15.8674	1
12448	17 01 09.991	-30 06 55.21	0.77	3.34	2.17	1.39	19.9462	18.2284	17.0664	15.8099	1
12463	17 01 09.951	-30 07 43.71	1.04	1.62	0.32	-0.72	18.2281	16.3560	14.9419	13.3264	1
12475	17 01 09.962	-30 06 52.44	0.42	1.19	0.32	-0.10	17.8057	16.4135	15.5861	14.6009	1
12495	17 01 09.969	-30 05 56.22	0.80	3.80	2.87	2.06	20.4112	18.9222	17.7320	16.2274	1
12501	17 01 09.910	-30 07 26.58	0.82	3.56	2.98	2.16	20.1646	19.0329	17.8263	16.4167	1
12590	17 01 09.815	-30 07 09.57	0.87	1.19	0.16	-0.71	17.7957	16.2091	14.9564	13.6822	1
12596	17 01 09.840	-30 06 06.94	0.82	83.39	2.24	1.42	99.9999	18.2961	17.0943	15.6552	1
12607	17 01 09.814	-30 06 31.87	1.41	1.40	-0.42	-1.83	18.0038	15.5772	13.8194	11.9579	1
12655	17 01 09.733	-30 07 13.03	0.63	2.61	2.06	1.43	19.2213	18.1403	17.1134	15.7488	1
12665	17 01 09.758	-30 06 01.23	0.55	1.97	1.00	0.45	18.5803	17.0796	16.1298	14.9357	1
12678	17 01 09.697	-30 07 17.15	0.75	2.55	2.15	1.40	19.1574	18.2115	17.0758	15.6097	1
12680	17 01 09.702	-30 07 04.31	0.32	1.66	0.75	0.42	18.2753	16.8545	16.1132	15.0768	1
12694	17 01 09.694	-30 06 58.59	0.81	83.39	1.72	0.91	99.9999	17.7770	16.5860	15.3220	1
12722	17 01 09.664	-30 06 44.50	1.19	1.71	0.43	-0.77	18.3135	16.4419	14.8909	13.2401	1
12742	17 01 09.640	-30 06 26.21	0.03	0.52	-0.38	-0.41	17.1321	15.7619	15.2961	14.7695	1
12776	17 01 09.600	-30 06 39.02	1.37	1.63	-0.18	-1.54	18.2298	15.8228	14.1094	12.2656	1
12788	17 01 09.561	-30 07 14.32	0.90	83.39	1.59	0.69	99.9999	17.6386	16.3570	14.9192	1
12809	17 01 09.563	-30 06 17.06	-0.00	2.23	2.41	2.41	18.8500	18.5502	18.1125	17.4353	1
12823	17 01 09.523	-30 06 48.58	1.08	2.03	0.62	-0.46	18.6417	16.6464	15.1996	13.5943	1
12841	17 01 09.463	-30 07 33.20	1.31	1.67	-0.08	-1.39	18.2780	15.9237	14.2594	12.5050	1
12842	17 01 09.458	-30 07 41.38	1.07	2.24	0.92	-0.15	18.8491	16.9461	15.5084	13.8689	1
12868	17 01 09.474	-30 06 19.11	0.89	3.10	2.01	1.12	19.7055	18.0576	16.7868	15.3335	1
12889	17 01 09.426	-30 07 01.37	0.28	1.20	0.24	-0.04	17.8151	16.3498	15.6493	14.7601	1
12913	17 01 09.390	-30 07 18.12	1.21	1.34	-0.33	-1.54	17.9508	15.6835	14.1143	12.4140	1
12925	17 01 09.386	-30 07 12.30	1.01	2.43	1.45	0.45	19.0422	17.4898	16.1101	14.6162	1
12928	17 01 09.367	-30 07 39.55	0.75	3.68	2.88	2.13	20.2903	18.9450	17.8030	16.1825	1
12957	17 01 09.355	-30 06 37.37	0.10	1.67	0.80	0.70	18.2872	16.9277	16.3985	15.7556	1
12994	17 01 09.264	-30 07 45.27	0.95	2.68	1.58	0.63	19.2917	17.6240	16.2960	14.7639	1
13007	17 01 09.256	-30 07 24.40	0.85	2.19	1.11	0.26	18.8038	17.1617	15.9279	14.4539	1
13008	17 01 09.300	-30 06 06.20	0.82	3.91	3.08	2.26	20.5186	19.1389	17.9323	16.3371	1
13012	17 01 09.250	-30 07 15.47	1.43	1.43	-0.41	-1.84	18.0302	15.5782	13.8087	11.9941	1
13014	17 01 09.240	-30 07 30.59	0.60	1.73	0.93	0.32	18.3421	17.0033	16.0009	14.7645	1
13023	17 01 09.245	-30 07 02.69	1.22	1.52	0.16	-1.07	18.1282	16.1694	14.5876	13.0048	1
13032	17 01 09.234	-30 07 09.13	0.94	3.93	3.21	2.26	20.5384	19.2477	17.9278	16.5452	1
13069	17 01 09.168	-30 07 39.38	0.01	1.70	0.78	0.78	18.3165	16.9246	16.4797	15.8828	1
13084	17 01 09.155	-30 07 17.57	0.90	3.22	2.63	1.73	19.8280	18.6759	17.3960	15.8688	1
13087	17 01 09.141	-30 07 35.97	0.99	2.57	1.60	0.61	19.1783	17.6372	16.2748	14.7429	1
13125	17 01 09.120	-30 06 53.19	0.87	2.38	1.36	0.50	18.9863	17.4153	16.1653	14.6614	1
13140	17 01 09.116	-30 06 35.52	0.04	1.52	0.61	0.57	18.1410	16.7450	16.2684	15.5844	1
13262	17 01 08.963	-30 06 23.15	0.75	3.03	2.28	1.53	19.6421	18.3421	17.2019	15.7033	1
13282	17 01 08.936	-30 06 13.96	1.57	1.59	-0.40	-1.97	18.1908	15.5783	13.6746	11.7432	1
13317	17 01 08.859	-30 06 45.62	1.27	3.44	2.18	0.91	20.0478	18.1892	16.5674	14.8768	1
13319	17 01 08.854	-30 06 48.66	1.27	1.70	0.23	-1.04	18.3061	16.2410	14.6175	12.9307	1
13336	17 01 08.856	-30 06 19.29	-0.06	1.72	1.23	1.30	18.3357	17.3830	17.0042	16.4510	1
13342	17 01 08.816	-30 07 24.58	0.79	3.40	2.66	1.87	20.0097	18.7220	17.5418	16.1503	1
13351	17 01 08.809	-30 07 13.46	0.97	2.00	0.66	-0.31	18.6089	16.6999	15.3583	13.7346	1
13359	17 01 08.836	-30 06 18.13	0.97	2.49	1.44	0.47	19.0953	17.4767	16.1324	14.6215	1
13363	17 01 08.790	-30 07 31.44	0.71	83.39	3.82	3.10	99.9999	19.8822	18.7801	17.5710	1
13364	17 01 08.797	-30 07 18.27	1.20	1.15	-0.39	-1.59	17.7535	15.6280	14.0661	12.3709	1
13391	17 01 08.773	-30 06 54.72	0.69	83.39	3.19	2.50	99.9999	19.2624	18.1748	16.5359	1
13434	17 01 08.751	-30 06 00.62	0.76	3.35	2.39	1.63	19.9615	18.4493	17.2991	15.8828	1
13477	17 01 08.652	-30 06 56.07	0.90	2.50	1.50	0.59	19.1045	17.5456	16.2620	14.7054	1
13504	17 01 08.603	-30 07 08.33	0.73	83.39	2.81	2.08	99.9999	18.8760	17.7594	16.3094	1
13520	17 01 08.605	-30 06 35.71	0.99	2.46	1.48	0.49	19.0700	17.5174	16.1567	14.6809	1
13547	17 01 08.551	-30 07 10.60	0.98	1.87	0.68	-0.30	18.4785	16.7191	15.3675	13.8074	1
13549	17 01 08.554	-30 06 58.05	1.19	83.39	2.66	1.48	99.9999	18.6811	17.1348	15.5990	1
13569	17 01 08.541	-30 06 30.15	1.17	1.82	0.37	-0.80	18.4265	16.3933	14.8585	13.2061	1
13603	17 01 08.473	-30 07 14.05	0.86	1.16	0.03	-0.84	17.7714	16.0788	14.8342	13.4050	1
13609	17 01 08.494	-30 06 20.01	0.81	3.08	1.97	1.16	19.6889	18.0298	16.8351	15.3569	1
13620	17 01 08.481	-30 06 14.58	0.74	3.24	2.33	1.59	19.8459	18.3958	17.2638	15.9401	1
13659	17 01 08.440	-30 06 05.64	0.73	83.39	2.70	1.97	99.9999	18.7650	17.6484	16.2131	1
13661	17 01 08.389	-30 07 29.17	0.93	3.12	2.65	1.72	19.7289	18.6954	17.3846	15.9374	1
13723	17 01 08.341	-30 06 25.39	0.33	1.90	1.05	0.72	18.5173	17.1607	16.4094	15.3552	1
13784	17 01 08.249	-30 06 55.98	0.51	1.65	0.81	0.30	18.2665	16.8971	15.9781	14.8260	1
13833	17 01 08.187	-30 06 51.82	0.91	3.32	2.49	1.58	19.9321	18.5363	17.2491	15.8033	1
13841	17 01 08.193	-30 06 21.13	0.84	83.39	2.77	1.94	99.9999	18.8275	17.6057	16.1259	1
13874	17 01 08.152	-30 06 13.52	0.76	2.42	1.54	0.78	19.0326	17.6018	16.4580	14.9210	1
13908	17 01 08.086	-30 06 35.53	0.87	83.39	1.48	0.61	99.9999	17.5304	16.2833	14.7460	1
13952	17 01 08.019	-30 06 34.46	0.69	1.73	0.93	0.25	18.3366	17.0020	15.9216	14.6658	1
13967	17 01 07.984	-30 07 03.41	0.83	3.70	2.75	1.92	20.3060	18.8026	17.5934	16.1768	1
14011	17 01 07.911	-30 07 13.61	1.01	2.07	1.10	0.08	18.6771	17.1324	15.7473	14.1462	1
14076	17 01 07.837	-30 06 37.76	0.82	3.28	2.38	1.56	19.8878	18.4388	17.2314	99.9999	1
14089	17 01 07.802	-30 07 18.41	0.94	3.76	2.99	2.05	20.3733	19.0312	17.7177	16.3686	1
14099	17 01 07.789	-30 07 22.14	0.80	3.05	1.97	1.17	19.6588	18.0284	16.8409	15.3590	1
14112	17 01 07.802	-30 06 38.97	1.50	1.47	-0.46	-1.96	18.0703	15.5198	13.6831	11.7650	1
14169	17 01 07.725	-30 06 33.79	1.03	3.30	2.07	1.04	19.9063	18.1044	16.7065	15.2466	1
14192	17 01 07.691	-30 06 30.71	0.61	3.64	2.87	2.26	20.2488	18.9459	17.9380	16.7909	1
14290	17 01 07.534	-30 06 29.37	0.92	3.36	2.20	1.27	19.9671	18.2413	16.9414	15.5071	1
14316	17 01 07.477	-30 07 07.84	1.02	4.09	3.44	2.42	20.6959	19.4750	18.0854	16.3840	1
14328	17 01 07.458	-30 07 05.81	1.45	1.32	-0.46	-1.91	17.9227	15.5321	13.7363	11.9172	1
