# M69 E(B-V)=0.18, m-M = 14.72
# BlueFlag Note: if (V-I)0 > 0.331 + 1.444 * (B-V)0 then BlueFlag = 0
# 	RA		Dec		(B-V)_0	M_u	M_B	M_V	u	B	V	I	BlueFlag
106	18 31 23.476	-32 20 26.55	1.59	2.86	-0.07	-1.67	18.5135	15.3042	13.6092	11.4909	1
126	18 31 24.419	-32 20 17.77	1.57	2.76	0.05	-1.51	18.4180	15.4335	13.7638	11.8751	1
128	18 31 19.485	-32 20 52.12	1.61	2.96	0.05	-1.56	18.6158	15.4251	13.7175	11.8350	1
154	18 31 24.512	-32 21 10.44	1.44	2.26	-0.09	-1.54	17.9146	15.2960	13.7436	12.1325	1
165	18 31 24.348	-32 20 48.20	1.45	2.00	-0.01	-1.46	17.6535	15.3765	13.8187	12.2813	1
167	18 31 21.165	-32 20 48.79	1.16	1.49	-0.23	-1.39	17.1499	15.1745	13.8965	12.4666	1
175	18 31 25.689	-32 20 36.23	1.62	3.03	-0.05	-1.67	18.6850	15.3306	13.6058	11.5902	1
183	18 31 20.099	-32 20 28.78	1.44	2.86	0.27	-1.18	18.5102	15.6552	14.1055	12.4936	1
190	18 31 21.113	-32 20 46.76	1.28	2.37	0.15	-1.13	18.0213	15.5480	14.1527	12.4018	1
191	18 31 24.415	-32 20 37.84	1.43	84.34	0.25	-1.18	99.9999	15.6352	14.0993	12.5043	1
207	18 31 25.932	-32 21 17.19	1.35	2.46	0.33	-1.03	18.1151	15.7209	14.2569	12.7046	1
208	18 31 24.201	-32 20 31.88	1.37	2.29	0.15	-1.22	17.9410	15.5412	14.0593	12.5656	1
218	18 31 21.608	-32 21 07.83	1.24	2.24	0.22	-1.02	17.8915	15.6194	14.2620	12.8640	1
220	18 31 26.495	-32 21 09.84	1.34	2.74	0.38	-0.95	18.3918	15.7802	14.3307	12.8189	1
226	18 31 22.913	-32 21 33.74	1.13	1.59	0.05	-1.08	17.2491	15.4648	14.2130	12.9813	1
230	18 31 19.174	-32 21 40.36	1.21	2.39	0.47	-0.74	18.0417	15.8703	14.5453	13.1461	1
233	18 31 25.006	-32 21 18.69	1.28	2.66	0.43	-0.85	18.3116	15.8264	14.4356	12.9239	1
243	18 31 24.216	-32 20 28.41	1.29	2.61	0.50	-0.78	18.2654	15.9033	14.5008	13.0440	1
250	18 31 22.312	-32 20 29.82	1.23	2.58	0.48	-0.75	18.2316	15.8815	14.5367	13.1882	1
257	18 31 22.906	-32 20 07.81	1.24	2.43	0.59	-0.65	18.0857	15.9973	14.6390	13.2292	1
258	18 31 24.571	-32 20 02.96	1.19	2.43	0.43	-0.76	18.0867	15.8405	14.5291	13.1852	1
261	18 31 22.125	-32 21 41.69	1.17	2.13	0.43	-0.75	17.7862	15.8330	14.5388	13.1873	1
267	18 31 27.753	-32 20 25.33	1.33	2.75	0.43	-0.90	18.4072	15.8305	14.3846	12.8375	1
276	18 31 19.228	-32 20 06.89	1.28	2.71	0.62	-0.66	18.3665	16.0219	14.6257	13.2339	1
278	18 31 23.100	-32 20 24.30	1.29	84.34	0.53	-0.75	99.9999	15.9331	14.5298	13.0927	1
292	18 31 22.966	-32 21 29.79	1.15	2.31	0.56	-0.59	17.9658	15.9651	14.6943	13.3039	1
297	18 31 26.737	-32 21 05.26	1.14	2.53	0.66	-0.48	18.1864	16.0700	14.8092	13.3392	1
313	18 31 21.083	-32 21 31.74	1.20	2.56	0.68	-0.53	18.2209	16.0808	14.7612	13.3847	1
315	18 31 20.729	-32 20 26.14	1.25	2.69	0.74	-0.51	18.3452	16.1424	14.7742	13.3613	1
323	18 31 21.526	-32 21 06.13	1.36	2.46	0.67	-0.69	18.1137	16.0645	14.5970	13.5414	1
327	18 31 26.815	-32 20 02.82	1.19	2.67	0.73	-0.46	18.3300	16.1359	14.8290	13.4734	1
341	18 31 25.929	-32 20 47.05	0.82	1.53	0.38	-0.44	17.1847	15.8090	14.8515	13.7630	1
342	18 31 22.465	-32 21 38.78	1.06	2.38	0.71	-0.36	18.0404	16.1214	14.9328	13.6905	1
349	18 31 22.899	-32 19 34.98	1.20	2.63	0.76	-0.44	18.2871	16.1632	14.8491	13.4235	1
362	18 31 20.233	-32 20 24.92	0.96	1.88	0.60	-0.36	17.5369	16.0240	14.9330	13.7909	1
366	18 31 26.260	-32 21 11.62	0.50	1.07	0.29	-0.21	16.7272	15.7451	15.0909	14.2932	1
368	18 31 26.118	-32 21 12.51	1.01	2.18	0.66	-0.34	17.8403	16.0832	14.9498	13.7468	1
374	18 31 25.801	-32 21 43.36	1.04	2.36	0.80	-0.24	18.0200	16.2171	15.0465	13.8616	1
392	18 31 24.515	-32 21 46.73	0.99	2.18	0.71	-0.28	17.8413	16.1256	15.0075	13.8117	1
393	18 31 23.794	-32 21 33.26	1.15	2.64	0.87	-0.28	18.2981	16.2779	15.0054	13.6553	1
396	18 31 19.255	-32 20 59.73	0.91	2.23	0.68	-0.23	17.8884	16.1057	15.0671	13.7074	1
402	18 31 21.430	-32 22 05.02	1.00	2.26	0.79	-0.21	17.9188	16.2125	15.0828	13.8602	1
404	18 31 23.145	-32 21 49.85	1.31	3.33	1.24	-0.07	18.9888	16.6404	15.2162	13.7492	1
406	18 31 22.104	-32 20 19.80	1.02	2.32	0.86	-0.16	17.9817	16.2776	15.1262	13.8628	1
412	18 31 27.006	-32 20 50.93	1.18	2.86	1.06	-0.12	18.5151	16.4674	15.1669	13.8448	1
426	18 31 26.715	-32 20 39.02	1.15	2.76	1.05	-0.10	18.4197	16.4552	15.1853	13.8736	1
430	18 31 24.212	-32 19 54.03	1.08	2.77	0.97	-0.11	18.4296	16.3850	15.1801	13.9454	1
447	18 31 20.422	-32 22 03.72	1.10	2.75	0.91	-0.19	18.4092	16.3233	15.0995	13.9283	1
452	18 31 24.683	-32 21 44.75	1.10	2.66	0.98	-0.12	18.3151	16.3874	15.1644	13.8674	1
473	18 31 26.319	-32 21 17.19	0.95	2.36	0.88	-0.08	18.0168	16.2977	15.2149	14.0571	1
475	18 31 21.122	-32 20 37.68	1.11	2.89	1.08	-0.02	18.5469	16.4949	15.2666	13.9763	1
497	18 31 27.210	-32 21 24.29	1.07	2.83	1.20	0.13	18.4916	16.6146	15.4170	14.0889	1
525	18 31 24.088	-32 20 18.76	1.08	2.69	1.21	0.13	18.3454	16.6202	15.4171	14.0761	1
546	18 31 19.474	-32 20 55.82	0.84	2.01	0.93	0.09	17.6682	16.3598	15.3898	14.3325	1
549	18 31 25.653	-32 20 31.98	1.10	2.77	1.19	0.09	18.4259	16.6025	15.3814	14.1178	1
571	18 31 19.834	-32 21 15.21	1.08	2.87	1.27	0.20	18.5231	16.6883	15.4870	14.1865	1
585	18 31 18.586	-32 21 13.37	0.98	2.71	1.09	0.11	18.3689	16.5066	15.3993	14.0178	1
589	18 31 26.172	-32 21 42.54	1.02	2.80	1.19	0.17	18.4552	16.6049	15.4571	14.2509	1
597	18 31 26.635	-32 21 55.01	0.14	1.72	0.71	0.57	17.3775	16.1891	15.8824	15.4787	1
615	18 31 20.455	-32 21 30.97	0.99	2.72	1.19	0.20	18.3814	16.6145	15.4955	14.2555	1
628	18 31 21.097	-32 21 20.12	0.96	2.75	1.24	0.28	18.4033	16.6624	15.5759	14.3571	1
630	18 31 24.921	-32 20 02.48	1.09	2.77	1.26	0.17	18.4300	16.6761	15.4613	14.3385	1
657	18 31 22.776	-32 21 19.81	1.01	2.84	1.27	0.26	18.4937	16.6880	15.5519	14.3734	1
660	18 31 23.262	-32 21 31.95	0.43	1.49	0.73	0.31	17.1489	16.1918	15.6135	14.9736	1
687	18 31 20.168	-32 20 57.39	1.03	2.94	1.41	0.38	18.6004	16.8231	15.6663	14.3969	1
688	18 31 26.515	-32 21 40.30	0.76	2.54	1.07	0.31	18.1993	16.5081	15.6085	14.2032	1
703	18 31 26.049	-32 21 05.81	1.02	3.39	1.52	0.50	19.0455	16.9384	15.7960	14.2101	1
731	18 31 23.185	-32 21 28.70	1.07	2.72	1.44	0.38	18.3739	16.8571	15.6649	14.4028	1
732	18 31 18.470	-32 20 40.83	1.08	84.34	1.51	0.43	99.9999	16.9222	15.7211	14.4942	1
734	18 31 25.855	-32 19 47.59	1.01	3.04	1.47	0.46	18.6948	16.8889	15.7519	14.4583	1
736	18 31 17.742	-32 21 04.92	0.81	2.34	1.19	0.37	18.0008	16.6197	15.6704	14.5505	1
752	18 31 21.264	-32 20 29.63	1.09	2.87	1.47	0.38	18.5246	16.8803	15.6682	14.4609	1
755	18 31 21.694	-32 21 30.04	0.77	2.14	1.18	0.42	17.7947	16.6198	15.7165	14.7756	1
758	18 31 17.841	-32 20 29.14	1.03	2.93	1.39	0.36	18.5848	16.8065	15.6542	14.4882	1
771	18 31 20.960	-32 20 54.70	1.04	2.82	1.44	0.40	18.4782	16.8576	15.6944	14.4653	1
775	18 31 26.764	-32 20 04.78	1.22	3.74	1.74	0.52	19.3927	17.1441	15.8056	14.5359	1
786	18 31 26.689	-32 20 35.47	0.89	2.42	1.28	0.40	18.0752	16.7103	15.6897	14.7318	1
808	18 31 25.858	-32 19 54.54	1.00	2.94	1.53	0.53	18.5993	16.9449	15.8197	14.5755	1
817	18 31 20.513	-32 21 26.21	0.81	2.22	1.20	0.39	17.8774	16.6340	15.6883	14.7111	1
819	18 31 20.929	-32 20 33.89	0.73	2.27	1.18	0.45	17.9264	16.6155	15.7430	14.7514	1
824	18 31 23.854	-32 20 20.90	0.83	2.42	1.26	0.43	18.0798	16.6951	15.7287	14.6823	1
826	18 31 24.306	-32 21 47.08	0.84	2.61	1.34	0.50	18.2671	16.7711	15.7929	14.7660	1
832	18 31 20.610	-32 21 01.35	0.75	2.30	1.19	0.45	17.9606	16.6305	15.7462	14.7377	1
835	18 31 24.949	-32 21 21.37	0.71	2.24	1.14	0.43	17.8983	16.5783	15.7256	14.7049	1
836	18 31 20.036	-32 21 28.88	0.77	2.34	1.25	0.49	17.9991	16.6895	15.7826	14.7442	1
846	18 31 24.274	-32 21 56.82	0.77	2.43	1.31	0.53	18.0867	16.7400	15.8277	14.8098	1
874	18 31 18.646	-32 20 34.60	0.72	2.35	1.24	0.52	18.0057	16.6789	15.8217	14.8501	1
876	18 31 19.756	-32 20 38.96	0.77	2.38	1.31	0.54	18.0370	16.7416	15.8356	14.7971	1
880	18 31 26.186	-32 20 57.19	0.81	2.52	1.39	0.58	18.1763	16.8251	15.8803	14.7329	1
884	18 31 22.535	-32 19 36.15	1.05	3.07	1.60	0.55	18.7308	17.0145	15.8376	14.6486	1
885	18 31 21.916	-32 21 57.37	0.78	2.43	1.33	0.55	18.0853	16.7665	15.8488	14.8200	1
887	18 31 20.738	-32 21 34.75	1.03	2.90	1.58	0.55	18.5604	16.9951	15.8383	14.6496	1
889	18 31 25.612	-32 21 04.03	1.27	84.34	1.52	0.24	99.9999	16.9174	15.5286	14.8512	1
890	18 31 23.141	-32 21 59.04	0.77	2.45	1.33	0.56	18.1099	16.7666	15.8616	14.8310	1
891	18 31 20.420	-32 20 50.61	0.70	2.52	1.30	0.60	18.1824	16.7410	15.8964	14.7096	1
905	18 31 22.795	-32 20 16.72	0.80	2.42	1.37	0.57	18.0742	16.8010	15.8661	14.9698	1
908	18 31 21.933	-32 21 16.17	0.77	2.49	1.32	0.55	18.1503	16.7583	15.8496	14.7580	1
914	18 31 26.910	-32 21 05.64	0.74	2.51	1.32	0.58	18.1674	16.7587	15.8761	14.7378	1
918	18 31 19.831	-32 21 10.16	0.82	2.37	1.37	0.55	18.0284	16.8032	15.8485	14.8141	1
919	18 31 23.701	-32 20 17.57	0.88	2.36	1.43	0.55	18.0172	16.8610	15.8486	14.7905	1
922	18 31 20.191	-32 20 53.73	0.77	2.44	1.36	0.59	18.0966	16.7991	15.8877	14.8334	1
929	18 31 25.070	-32 21 13.83	0.77	2.40	1.38	0.61	18.0601	16.8125	15.9056	14.8052	1
936	18 31 27.390	-32 21 15.34	0.83	2.51	1.42	0.59	18.1673	16.8465	15.8846	14.8816	1
938	18 31 25.183	-32 20 36.94	0.76	2.42	1.34	0.59	18.0747	16.7786	15.8844	14.8343	1
945	18 31 21.257	-32 21 22.66	0.75	2.37	1.38	0.64	18.0326	16.8175	15.9332	14.8587	1
946	18 31 20.177	-32 21 12.90	0.63	2.35	1.32	0.69	18.0133	16.7623	15.9881	14.8419	1
951	18 31 28.907	-32 20 43.17	0.79	2.37	1.38	0.59	18.0318	16.8101	15.8879	14.8738	1
954	18 31 19.491	-32 20 41.58	0.85	2.51	1.45	0.60	18.1664	16.8779	15.8980	14.8464	1
956	18 31 25.905	-32 20 21.93	0.76	2.38	1.30	0.54	18.0388	16.7345	15.8394	14.9015	1
957	18 31 21.342	-32 20 24.59	0.78	2.41	1.39	0.61	18.0733	16.8275	15.9098	14.8643	1
962	18 31 24.762	-32 20 32.88	0.90	2.49	1.48	0.57	18.1490	16.9019	15.8660	14.7917	1
966	18 31 20.050	-32 20 45.57	0.77	2.41	1.41	0.64	18.0716	16.8441	15.9327	14.8656	1
968	18 31 23.124	-32 21 34.88	0.91	2.62	1.51	0.60	18.2750	16.9382	15.8942	14.9516	1
970	18 31 23.459	-32 20 09.56	0.70	2.54	1.40	0.70	18.2039	16.8374	15.9974	14.7988	1
980	18 31 22.450	-32 21 28.53	1.04	3.03	1.72	0.67	18.6870	17.1341	15.9635	14.7530	1
982	18 31 18.625	-32 20 21.62	0.78	2.49	1.39	0.61	18.1510	16.8247	15.9097	14.8977	1
983	18 31 26.934	-32 21 29.63	0.76	2.52	1.40	0.64	18.1788	16.8345	15.9394	14.8913	1
984	18 31 24.012	-32 20 20.95	0.79	2.62	1.42	0.63	18.2763	16.8487	15.9220	14.8812	1
985	18 31 20.067	-32 21 58.22	0.77	2.42	1.36	0.60	18.0827	16.7968	15.8935	14.8916	1
993	18 31 28.086	-32 21 14.16	0.70	2.38	1.35	0.65	18.0344	16.7900	15.9454	14.9288	1
995	18 31 19.516	-32 21 28.79	0.79	2.44	1.41	0.62	18.1022	16.8448	15.9190	14.8624	1
996	18 31 27.265	-32 20 37.91	0.82	2.57	1.40	0.59	18.2250	16.8335	15.8824	14.8943	1
997	18 31 26.544	-32 20 32.56	0.75	2.53	1.42	0.67	18.1861	16.8531	15.9643	14.8140	1
999	18 31 27.259	-32 21 08.67	0.76	2.47	1.42	0.66	18.1244	16.8600	15.9595	14.8975	1
1001	18 31 26.214	-32 20 22.95	0.78	2.52	1.42	0.64	18.1753	16.8535	15.9358	14.8726	1
1005	18 31 18.717	-32 20 40.05	0.86	2.42	1.46	0.60	18.0769	16.8877	15.8942	14.9004	1
1010	18 31 26.830	-32 21 02.56	0.81	2.47	1.44	0.63	18.1317	16.8698	15.9214	14.9107	1
1012	18 31 24.455	-32 20 10.83	0.75	2.61	1.45	0.69	18.2682	16.8810	15.9913	14.8912	1
1013	18 31 22.523	-32 19 53.60	0.77	2.60	1.45	0.67	18.2637	16.8800	15.9677	14.8829	1
1025	18 31 26.120	-32 20 45.54	0.87	2.66	1.50	0.62	18.3187	16.9244	15.9165	14.8781	1
1031	18 31 22.697	-32 21 43.24	0.84	2.62	1.48	0.65	18.2783	16.9137	15.9428	14.8982	1
1032	18 31 27.913	-32 21 24.82	0.80	2.59	1.46	0.66	18.2450	16.8911	15.9581	14.8818	1
1033	18 31 22.598	-32 20 08.09	0.79	2.65	1.46	0.67	18.3056	16.8915	15.9620	14.8720	1
1035	18 31 22.011	-32 20 10.49	0.78	2.49	1.42	0.64	18.1440	16.8507	15.9357	14.8981	1
1038	18 31 20.021	-32 21 32.75	0.69	2.41	1.43	0.74	18.0722	16.8711	16.0382	14.8762	1
1041	18 31 26.138	-32 20 38.84	0.55	2.47	1.42	0.87	18.1258	16.8694	16.1746	14.8380	1
1045	18 31 28.258	-32 20 24.80	0.76	2.69	1.49	0.73	18.3476	16.9249	16.0225	14.9094	1
1049	18 31 25.316	-32 21 57.58	0.76	2.52	1.43	0.68	18.1781	16.8703	15.9724	14.9479	1
1053	18 31 25.393	-32 21 51.02	0.80	2.40	1.47	0.67	18.0614	16.9058	15.9692	14.9380	1
1054	18 31 18.550	-32 20 02.59	0.71	2.47	1.38	0.67	18.1333	16.8163	15.9636	14.9468	1
1057	18 31 20.768	-32 22 01.99	0.80	2.58	1.46	0.66	18.2373	16.8899	15.9541	14.9240	1
1060	18 31 26.162	-32 20 01.59	0.76	2.33	1.37	0.61	17.9936	16.8079	15.9055	14.9085	1
1063	18 31 25.660	-32 20 07.78	0.77	2.47	1.45	0.68	18.1271	16.8815	15.9746	14.9460	1
1072	18 31 21.121	-32 19 57.60	0.84	2.51	1.48	0.64	18.1722	16.9088	15.9388	14.8116	1
1073	18 31 20.670	-32 20 20.70	0.79	2.52	1.46	0.67	18.1788	16.8953	15.9641	14.9015	1
1074	18 31 22.692	-32 21 34.57	0.84	2.61	1.52	0.68	18.2662	16.9468	15.9768	14.8880	1
1081	18 31 25.170	-32 20 12.76	0.90	3.04	1.64	0.73	18.6968	17.0611	16.0270	14.8553	1
1084	18 31 19.249	-32 20 28.64	0.81	2.56	1.47	0.65	18.2217	16.8978	15.9494	14.9357	1
1087	18 31 20.160	-32 20 17.35	0.82	2.54	1.54	0.72	18.2010	16.9758	16.0166	14.8965	1
1088	18 31 20.965	-32 20 30.10	0.54	2.48	1.42	0.87	18.1374	16.8658	16.1756	14.9551	1
1099	18 31 18.202	-32 21 29.03	0.78	2.57	1.47	0.69	18.2309	16.8998	15.9857	14.9196	1
1102	18 31 17.935	-32 21 24.38	0.77	2.57	1.48	0.71	18.2262	16.9164	16.0086	14.9505	1
1117	18 31 22.300	-32 21 27.84	0.91	2.92	1.64	0.73	18.5812	17.0638	16.0260	14.7707	1
1123	18 31 20.760	-32 19 50.48	0.82	2.61	1.55	0.73	18.2730	16.9838	16.0246	14.9527	1
1133	18 31 17.855	-32 20 59.50	0.88	2.99	1.63	0.75	18.6493	17.0540	16.0406	14.8841	1
1138	18 31 28.731	-32 20 21.60	0.78	2.53	1.50	0.72	18.1907	16.9362	16.0149	14.9998	1
1151	18 31 22.495	-32 20 06.18	0.79	2.63	1.57	0.78	18.2889	16.9990	16.0759	14.9683	1
1152	18 31 28.433	-32 21 05.91	0.77	2.66	1.52	0.75	18.3222	16.9564	16.0486	15.0042	1
1167	18 31 17.726	-32 20 41.39	0.94	3.22	1.78	0.83	18.8788	17.2015	16.1267	14.9091	1
1217	18 31 21.407	-32 19 57.87	1.16	3.66	2.02	0.86	19.3180	17.4244	16.1455	14.8818	1
1222	18 31 27.000	-32 21 43.32	1.04	3.23	1.86	0.82	18.8858	17.2752	16.1064	14.9993	1
1226	18 31 25.640	-32 21 34.89	0.94	84.34	1.84	0.90	99.9999	17.2660	16.1976	15.0303	1
1248	18 31 26.173	-32 21 23.30	0.95	3.11	1.77	0.82	18.7629	17.1934	16.1177	15.0073	1
1269	18 31 21.642	-32 19 57.89	1.03	3.41	1.94	0.91	19.0698	17.3599	16.2003	14.9791	1
1271	18 31 19.918	-32 19 57.78	0.91	3.11	1.84	0.92	18.7659	17.2613	16.2181	15.0640	1
1291	18 31 22.306	-32 20 15.03	0.96	2.98	1.88	0.92	18.6419	17.3060	16.2150	15.0788	1
1292	18 31 17.834	-32 21 20.89	1.02	3.23	1.93	0.91	18.8832	17.3499	16.2021	15.0638	1
1309	18 31 25.342	-32 20 31.91	0.78	3.14	1.81	1.03	18.8035	17.2463	16.3268	15.0973	1
1310	18 31 19.019	-32 21 07.91	0.91	3.08	1.86	0.95	18.7389	17.2853	16.2421	15.0497	1
1333	18 31 20.324	-32 21 00.28	0.91	3.22	1.91	1.00	18.8812	17.3370	16.2912	15.1508	1
1353	18 31 24.415	-32 21 17.06	0.86	3.13	1.85	0.99	18.7882	17.2766	16.2812	15.2077	1
1355	18 31 19.976	-32 21 12.91	0.62	3.11	1.87	1.25	18.7725	17.3121	16.5460	15.1166	1
1367	18 31 18.661	-32 21 45.07	0.85	3.03	1.82	0.96	18.6860	17.2445	16.2591	15.1906	1
1373	18 31 18.821	-32 21 31.62	0.15	2.53	1.61	1.46	18.1948	17.0837	16.7715	16.5035	1
1375	18 31 28.839	-32 21 09.15	0.93	3.23	1.96	1.03	18.8875	17.3874	16.3235	15.1681	1
1380	18 31 19.347	-32 20 03.10	0.86	2.84	1.88	1.03	18.4995	17.3100	16.3201	15.1749	1
1393	18 31 20.436	-32 21 21.72	0.81	3.64	1.92	1.11	19.3014	17.3480	16.4023	15.2235	1
1400	18 31 20.872	-32 20 21.05	0.88	3.20	1.99	1.11	18.8573	17.4209	16.4076	15.1311	1
1411	18 31 26.604	-32 21 11.29	0.96	3.32	2.06	1.10	18.9786	17.4862	16.3970	15.1545	1
1422	18 31 26.940	-32 21 07.64	0.84	3.12	1.91	1.06	18.7761	17.3361	16.3579	15.1430	1
1433	18 31 21.378	-32 21 24.47	0.94	3.43	2.12	1.18	19.0830	17.5400	16.4716	15.2128	1
1438	18 31 22.169	-32 19 57.16	1.00	3.38	2.19	1.19	19.0357	17.6066	16.4777	15.2985	1
1458	18 31 26.471	-32 20 01.97	0.89	3.29	2.10	1.20	18.9496	17.5220	16.4978	15.2693	1
1475	18 31 27.460	-32 21 13.71	0.95	3.56	2.09	1.14	19.2139	17.5137	16.4299	15.2603	1
1479	18 31 25.961	-32 21 05.46	1.12	2.99	1.89	0.77	18.6450	17.2995	16.0558	15.1165	1
1481	18 31 22.345	-32 21 34.58	0.97	3.56	2.22	1.25	19.2159	17.6423	16.5432	15.3467	1
1489	18 31 26.282	-32 21 48.58	0.93	3.44	2.14	1.21	19.0960	17.5608	16.5005	15.3234	1
1504	18 31 20.467	-32 21 28.07	0.87	3.28	2.05	1.19	18.9357	17.4812	16.4813	15.3467	1
1511	18 31 24.614	-32 21 35.21	0.83	3.26	2.00	1.17	18.9203	17.4285	16.4666	15.3150	1
1531	18 31 26.645	-32 19 54.43	0.94	3.44	2.17	1.23	19.1015	17.5977	16.5257	15.3435	1
1536	18 31 21.092	-32 21 11.91	0.79	3.04	2.03	1.24	18.6942	17.4628	16.5370	15.5001	1
1541	18 31 26.961	-32 21 22.55	0.83	3.57	2.18	1.36	19.2312	17.6136	16.6526	15.4193	1
1549	18 31 21.098	-32 21 53.05	0.94	3.68	2.21	1.27	19.3329	17.6291	16.5616	15.3952	1
1561	18 31 27.620	-32 21 16.68	0.89	3.28	2.16	1.26	18.9379	17.5827	16.5558	15.4316	1
1562	18 31 23.266	-32 19 52.08	0.73	3.46	2.15	1.42	19.1190	17.5859	16.7169	15.3397	1
1567	18 31 26.744	-32 20 59.64	0.96	3.40	2.16	1.20	19.0593	17.5834	16.4969	15.3863	1
1571	18 31 24.939	-32 20 22.68	0.45	2.68	1.75	1.31	18.3386	17.2090	16.6099	16.0572	1
1600	18 31 22.937	-32 20 00.71	0.88	3.36	2.16	1.28	19.0174	17.5859	16.5716	15.5145	1
1609	18 31 22.607	-32 21 28.31	0.85	3.15	2.13	1.28	18.8106	17.5608	16.5790	15.5244	1
1638	18 31 18.397	-32 20 06.05	0.88	3.42	2.21	1.34	19.0818	17.6424	16.6335	15.5036	1
1641	18 31 19.384	-32 20 01.87	0.88	3.42	2.25	1.37	19.0822	17.6790	16.6666	15.5780	1
1650	18 31 23.763	-32 21 49.74	0.91	3.52	2.30	1.39	19.1748	17.7214	16.6791	15.4621	1
1654	18 31 26.693	-32 20 08.87	0.91	3.64	2.30	1.39	19.2948	17.7294	16.6871	15.5242	1
1660	18 31 18.120	-32 20 53.74	0.88	3.60	2.26	1.38	19.2557	17.6906	16.6736	15.5869	1
1669	18 31 27.483	-32 20 24.77	0.97	3.46	2.36	1.38	19.1205	17.7759	16.6723	15.5574	1
1689	18 31 20.410	-32 20 07.15	0.97	3.42	2.29	1.32	19.0778	17.7114	16.6132	15.6253	1
1731	18 31 22.699	-32 19 46.80	0.82	3.58	2.33	1.51	19.2415	17.7631	16.8075	15.5921	1
1732	18 31 18.499	-32 21 32.75	0.94	3.64	2.39	1.45	19.3005	17.8117	16.7397	15.6667	1
1735	18 31 21.701	-32 21 25.15	1.10	3.71	2.48	1.37	19.3705	17.8891	16.6635	15.5022	1
1736	18 31 26.879	-32 20 41.82	0.89	3.68	2.38	1.49	19.3413	17.8042	16.7827	15.6418	1
1768	18 31 23.706	-32 21 22.61	0.69	3.72	2.22	1.52	19.3833	17.6550	16.8212	15.7123	1
1772	18 31 28.469	-32 20 23.99	0.88	3.63	2.44	1.56	19.2920	17.8662	16.8555	15.6568	1
1773	18 31 27.842	-32 20 04.64	0.94	4.81	2.91	1.97	20.4703	18.3349	17.2646	15.6230	1
1789	18 31 28.465	-32 21 07.16	0.95	84.34	2.46	1.52	99.9999	17.8862	16.8088	15.7495	1
1799	18 31 25.853	-32 19 57.71	1.01	3.63	2.39	1.38	19.2888	17.8039	16.6669	15.4855	1
1835	18 31 26.056	-32 20 08.71	0.79	3.52	2.37	1.57	19.1748	17.8013	16.8701	15.7721	1
1836	18 31 18.594	-32 21 22.87	0.91	3.81	2.46	1.55	19.4669	17.8843	16.8411	15.7638	1
1841	18 31 26.164	-32 20 11.33	0.88	3.84	2.45	1.57	19.4942	17.8730	16.8606	15.8497	1
1876	18 31 25.407	-32 20 18.56	0.81	3.78	2.47	1.66	19.4379	17.9046	16.9544	15.7725	1
1888	18 31 24.270	-32 20 08.41	0.59	84.34	2.19	1.60	99.9999	17.6327	16.8972	16.0727	1
1891	18 31 18.830	-32 20 54.10	0.88	3.66	2.45	1.58	19.3168	17.8794	16.8705	15.8194	1
1911	18 31 22.335	-32 22 09.03	0.81	3.59	2.43	1.62	19.2469	17.8616	16.9114	15.8948	1
1927	18 31 25.135	-32 19 57.20	0.92	3.65	2.55	1.63	19.3129	17.9776	16.9263	15.8360	1
1935	18 31 27.593	-32 21 41.34	0.89	3.75	2.54	1.65	19.4063	17.9672	16.9457	15.8609	1
1968	18 31 27.250	-32 20 18.05	0.90	3.53	2.53	1.63	19.1909	17.9560	16.9210	15.9038	1
1988	18 31 20.970	-32 21 14.05	0.12	2.21	2.66	2.54	17.8753	18.1392	17.8510	16.7128	0
1994	18 31 28.092	-32 20 35.39	0.24	2.74	1.84	1.60	18.4004	17.3113	16.9063	16.5106	1
2008	18 31 25.545	-32 21 50.36	0.71	3.41	2.48	1.77	19.0671	17.9185	17.0676	15.9298	1
2018	18 31 25.054	-32 21 38.85	0.83	3.69	2.55	1.73	19.3493	17.9836	17.0216	15.9379	1
2059	18 31 27.532	-32 20 10.70	0.81	3.61	2.52	1.71	19.2644	17.9550	17.0093	15.9672	1
2061	18 31 25.832	-32 21 02.62	0.82	3.89	2.56	1.74	19.5467	17.9950	17.0375	15.9559	1
2131	18 31 20.365	-32 21 52.34	0.82	3.07	2.54	1.73	18.7270	17.9725	17.0214	16.1051	1
2133	18 31 21.533	-32 21 46.91	0.91	84.34	2.76	1.86	99.9999	18.1878	17.1500	99.9999	1
2140	18 31 25.552	-32 21 56.64	0.70	3.16	2.59	1.89	18.8161	18.0333	17.1914	16.5929	1
2152	18 31 27.875	-32 20 34.97	0.96	3.60	2.80	1.83	19.2612	18.2178	17.1241	16.0242	1
2161	18 31 26.280	-32 21 34.58	0.87	3.77	2.61	1.74	19.4295	18.0405	17.0335	16.1339	1
2195	18 31 19.253	-32 20 27.19	0.88	3.93	2.61	1.73	19.5912	18.0370	17.0246	16.0511	1
2200	18 31 18.807	-32 20 34.47	0.83	3.69	2.65	1.83	19.3515	18.0854	17.1217	16.1343	1
2266	18 31 28.161	-32 21 12.67	0.86	4.00	2.82	1.96	19.6594	18.2514	17.2543	16.0440	1
2277	18 31 27.400	-32 20 22.17	0.86	3.70	2.78	1.92	19.3581	18.2116	17.2172	16.1339	1
2296	18 31 27.201	-32 20 34.77	0.86	4.06	2.78	1.92	19.7165	18.2123	17.2143	16.1643	1
2299	18 31 17.639	-32 21 15.88	0.85	4.06	2.77	1.92	19.7223	18.1992	17.2111	16.1466	1
2308	18 31 23.712	-32 20 08.66	0.85	3.78	2.83	1.98	19.4336	18.2558	17.2740	16.1328	1
2351	18 31 27.739	-32 20 51.46	0.59	3.35	2.57	1.98	19.0074	18.0150	17.2814	16.4143	1
2352	18 31 20.976	-32 20 05.35	0.90	4.04	2.81	1.91	19.7015	18.2343	17.2029	16.2163	1
2368	18 31 18.752	-32 21 10.43	0.75	3.84	2.76	2.01	19.4971	18.1951	17.3063	16.1993	1
2384	18 31 26.008	-32 21 02.24	1.03	4.28	3.03	2.00	19.9370	18.4424	17.2882	16.1252	1
2405	18 31 26.714	-32 20 13.17	0.86	3.87	2.89	2.03	19.5308	18.3178	17.3252	16.1966	1
2441	18 31 20.638	-32 20 17.57	0.90	3.73	2.99	2.09	19.3831	18.4146	17.3859	16.1573	1
2469	18 31 26.247	-32 21 50.84	0.79	3.75	2.84	2.05	19.4068	18.2711	17.3489	16.3151	1
2494	18 31 23.898	-32 19 52.84	0.85	3.81	2.93	2.08	19.4682	18.3633	17.3761	16.2781	1
2498	18 31 18.679	-32 21 00.64	0.28	3.19	2.44	2.16	18.8476	17.9063	17.4669	16.6554	1
2552	18 31 20.902	-32 19 48.76	0.49	3.37	2.64	2.15	19.0288	18.0925	17.4546	16.8402	1
2567	18 31 19.509	-32 21 45.58	0.76	3.87	2.91	2.15	19.5311	18.3463	17.4484	16.3206	1
2576	18 31 23.463	-32 19 55.18	0.79	3.98	2.94	2.15	19.6425	18.3775	17.4490	16.2773	1
2602	18 31 24.535	-32 19 56.79	0.92	4.05	3.06	2.14	19.7047	18.4807	17.4313	16.2918	1
2619	18 31 23.838	-32 19 38.31	0.86	4.10	2.95	2.09	19.7535	18.3760	17.3861	16.3964	1
2623	18 31 23.108	-32 19 58.92	0.06	3.42	2.65	2.59	19.0835	18.1361	17.9040	17.3886	1
2626	18 31 25.827	-32 19 58.79	0.83	4.11	2.97	2.14	19.7666	18.4023	17.4377	16.3096	1
2651	18 31 18.459	-32 20 47.17	0.91	4.29	3.09	2.18	19.9446	18.5145	17.4741	16.3446	1
2667	18 31 27.722	-32 20 08.33	0.86	4.20	3.08	2.22	19.8589	18.5107	17.5172	16.3306	1
2735	18 31 19.906	-32 21 34.55	0.77	3.92	2.98	2.21	19.5823	18.4153	17.5066	16.4416	1
2741	18 31 18.985	-32 20 22.72	0.88	4.18	3.06	2.18	19.8353	18.4840	17.4706	16.4538	1
2768	18 31 21.996	-32 19 57.35	0.68	4.26	3.10	2.43	19.9187	18.5454	17.7269	16.3143	1
2788	18 31 25.679	-32 21 01.62	1.03	84.34	3.31	2.28	99.9999	18.7284	17.5742	16.4515	1
2798	18 31 19.197	-32 21 32.55	0.85	3.96	3.11	2.26	19.6140	18.5375	17.5521	16.4768	1
2803	18 31 19.020	-32 20 02.87	0.86	4.24	3.11	2.25	19.8956	18.5340	17.5432	16.4884	1
2819	18 31 18.407	-32 20 58.35	0.82	4.28	3.08	2.26	19.9408	18.5140	17.5565	16.4650	1
2821	18 31 22.798	-32 19 44.73	0.60	3.80	2.90	2.30	19.4562	18.3452	17.6035	16.6370	1
2899	18 31 22.658	-32 21 26.97	0.77	84.34	3.14	2.37	99.9999	18.5742	17.6637	99.9999	1
2903	18 31 21.462	-32 20 06.92	1.01	84.34	3.28	2.27	99.9999	18.7027	17.5629	16.5320	1
2924	18 31 20.008	-32 20 13.64	0.70	4.03	3.04	2.34	19.6858	18.4785	17.6393	16.5342	1
2928	18 31 19.765	-32 20 26.52	0.99	4.42	3.23	2.25	20.0817	18.6520	17.5384	16.5907	1
2973	18 31 21.513	-32 21 28.23	0.85	4.30	3.23	2.37	19.9624	18.6571	17.6681	16.4944	1
2978	18 31 25.272	-32 20 21.18	0.77	4.15	3.17	2.40	19.8062	18.6044	17.6966	16.5165	1
3003	18 31 21.660	-32 20 16.81	0.88	4.18	3.14	2.26	19.8369	18.5663	17.5565	16.6559	1
3005	18 31 27.689	-32 20 04.70	0.93	4.25	3.26	2.34	19.9079	18.6878	17.6284	16.5616	1
3026	18 31 27.734	-32 20 09.72	0.87	4.33	3.19	2.31	19.9922	18.6138	17.6094	16.5731	1
3088	18 31 25.967	-32 20 43.41	0.81	4.07	3.15	2.34	19.7274	18.5850	17.6393	16.6582	1
3089	18 31 23.359	-32 20 00.80	1.04	4.50	3.37	2.33	20.1529	18.7851	17.6155	16.5978	1
3117	18 31 25.159	-32 19 41.42	0.58	3.62	2.98	2.40	19.2779	18.4275	17.6993	16.9140	1
3159	18 31 28.099	-32 21 24.16	0.75	4.24	3.21	2.45	19.9015	18.6438	17.7513	16.6915	1
3180	18 31 28.868	-32 20 55.62	0.76	4.18	3.15	2.38	19.8396	18.5809	17.6785	16.7376	1
3187	18 31 26.850	-32 20 46.08	0.78	4.10	3.19	2.40	19.7587	18.6202	17.6989	16.7703	1
3217	18 31 22.340	-32 20 05.76	0.90	4.29	3.30	2.41	19.9513	18.7305	17.7009	16.7448	1
3237	18 31 20.155	-32 21 04.97	0.56	4.03	3.03	2.47	19.6898	18.4775	17.7719	16.7873	1
3263	18 31 18.376	-32 20 50.16	0.83	4.35	3.35	2.51	20.0048	18.7761	17.8097	16.6974	1
3318	18 31 20.979	-32 21 39.59	0.58	3.77	3.12	2.54	19.4306	18.5707	17.8452	16.9754	1
3321	18 31 20.559	-32 20 15.42	0.71	4.45	3.20	2.49	20.1082	18.6364	17.7846	16.7599	1
3336	18 31 24.196	-32 21 37.93	0.94	4.55	3.53	2.59	20.2111	18.9499	17.8806	16.6257	1
3385	18 31 20.515	-32 19 54.53	0.97	4.59	3.51	2.54	20.2494	18.9326	17.8371	16.6663	1
3391	18 31 22.406	-32 20 11.38	0.50	4.17	3.19	2.69	19.8310	18.6473	17.9958	17.5386	1
3431	18 31 22.349	-32 21 31.57	1.06	4.10	3.60	2.54	19.7612	19.0196	17.8328	99.9999	1
3449	18 31 19.074	-32 21 21.77	0.72	4.14	3.29	2.57	19.7967	18.7259	17.8687	16.8380	1
3484	18 31 24.832	-32 21 46.55	0.91	84.34	3.30	2.39	99.9999	18.7235	17.6831	16.8862	1
3489	18 31 25.586	-32 20 05.14	0.89	4.40	3.46	2.57	20.0587	18.8879	17.8628	16.7927	1
3515	18 31 28.011	-32 20 47.68	0.65	3.98	3.16	2.51	19.6425	18.6033	17.8065	17.0112	1
3542	18 31 18.209	-32 21 25.50	0.70	4.43	3.31	2.61	20.0887	18.7477	17.9103	16.8279	1
3609	18 31 27.100	-32 20 58.31	0.76	4.40	3.35	2.58	20.0545	18.7820	17.8805	16.8874	1
3632	18 31 20.598	-32 20 42.11	1.00	84.34	3.54	2.54	99.9999	18.9584	17.8268	17.0095	1
3644	18 31 26.608	-32 21 19.27	0.89	4.74	3.55	2.66	20.3988	18.9758	17.9498	16.7675	1
3645	18 31 26.295	-32 19 47.03	0.64	84.34	3.35	2.70	99.9999	18.7901	18.0022	16.9209	1
3683	18 31 18.482	-32 20 19.46	0.91	4.50	3.54	2.64	20.1574	18.9677	17.9291	16.8321	1
3779	18 31 25.089	-32 21 51.02	0.95	4.61	3.60	2.65	20.2705	19.0260	17.9458	16.7645	1
3781	18 31 28.356	-32 21 16.65	0.80	4.50	3.47	2.67	20.1604	18.9048	17.9682	16.8514	1
3801	18 31 19.575	-32 20 26.19	0.98	4.84	3.58	2.60	20.4994	19.0032	17.8924	16.9220	1
3808	18 31 25.586	-32 20 26.33	0.96	4.65	3.54	2.58	20.3100	18.9649	17.8730	16.9867	1
3815	18 31 28.637	-32 21 23.35	0.71	4.19	3.31	2.60	19.8491	18.7495	17.8986	17.0658	1
3845	18 31 17.826	-32 20 23.86	0.68	4.19	3.35	2.67	19.8486	18.7885	17.9709	17.0178	1
3876	18 31 27.447	-32 20 11.01	1.23	84.34	3.91	2.68	99.9999	19.3093	17.9648	16.8160	1
3896	18 31 18.777	-32 20 26.12	0.80	4.14	3.49	2.69	19.7974	18.9248	17.9882	16.9787	1
3898	18 31 25.981	-32 20 25.09	0.82	4.78	3.52	2.70	20.4430	18.9515	18.0004	16.8933	1
3929	18 31 19.210	-32 19 57.01	0.82	4.72	3.58	2.76	20.3816	19.0110	18.0545	16.9207	1
3945	18 31 23.538	-32 19 34.62	0.64	4.48	3.36	2.72	20.1382	18.8065	18.0233	17.0206	1
4104	18 31 20.856	-32 22 03.93	0.89	4.65	3.53	2.64	20.3098	18.9565	17.9387	17.0763	1
4120	18 31 28.491	-32 20 39.93	0.73	4.10	3.59	2.86	19.7594	19.0275	18.1550	17.0561	1
4127	18 31 19.193	-32 21 44.59	0.60	84.34	3.45	2.84	99.9999	18.8917	18.1444	17.0353	1
4145	18 31 18.987	-32 20 47.79	0.80	4.32	3.59	2.79	19.9768	19.0225	18.0822	17.0176	1
4168	18 31 20.699	-32 20 11.04	0.83	4.31	3.57	2.74	19.9697	19.0022	18.0367	17.0778	1
4245	18 31 23.508	-32 22 06.83	0.67	4.74	3.55	2.87	20.3955	18.9895	18.1729	17.0181	1
4290	18 31 27.812	-32 20 48.56	0.57	4.31	3.39	2.81	19.9710	18.8343	18.1151	17.1608	1
4330	18 31 23.918	-32 21 45.73	0.66	84.34	3.61	2.95	99.9999	19.0492	18.2504	17.0813	1
4384	18 31 21.460	-32 19 46.94	0.60	4.23	3.49	2.88	19.8939	18.9355	18.1857	17.1993	1
4459	18 31 28.194	-32 20 44.45	0.73	4.46	3.57	2.84	20.1179	19.0039	18.1359	17.2182	1
4463	18 31 19.206	-32 20 04.97	0.92	4.72	3.78	2.87	20.3745	19.2079	18.1602	17.0474	1
4466	18 31 27.790	-32 21 08.61	0.92	5.02	3.86	2.94	20.6800	19.2855	18.2333	17.0053	1
4562	18 31 18.535	-32 20 32.29	0.61	4.69	3.56	2.95	20.3455	19.0030	18.2478	17.1196	1
4563	18 31 26.155	-32 21 37.86	0.68	4.63	3.58	2.90	20.2861	19.0181	18.1960	17.1749	1
4615	18 31 21.496	-32 21 56.59	0.86	4.67	3.74	2.88	20.3310	19.1706	18.1762	17.3054	1
4617	18 31 27.281	-32 20 02.81	0.86	84.34	3.80	2.94	99.9999	19.2323	18.2343	17.1686	1
4643	18 31 24.804	-32 21 29.88	0.84	4.76	3.85	3.01	20.4190	19.2822	18.3049	16.9602	1
4665	18 31 24.384	-32 21 26.75	0.46	84.34	3.82	3.36	99.9999	19.2726	18.6600	17.0417	0
4731	18 31 25.081	-32 21 40.13	0.57	4.52	3.57	3.00	20.1839	19.0164	18.2991	17.1942	1
4740	18 31 21.243	-32 21 42.13	0.94	4.36	3.79	2.85	20.0177	19.2103	18.1446	17.4731	1
4769	18 31 25.277	-32 21 47.07	0.56	4.55	3.67	3.11	20.2130	19.1193	18.4119	17.1508	1
4786	18 31 18.925	-32 20 41.24	0.86	5.15	3.84	2.97	20.8123	19.2645	18.2683	17.1721	1
4796	18 31 26.688	-32 20 11.01	0.74	4.50	3.67	2.93	20.1589	19.1031	18.2251	17.3170	1
4823	18 31 23.884	-32 22 02.84	0.64	4.39	3.67	3.03	20.0542	19.1145	18.3313	17.2695	1
4848	18 31 22.216	-32 21 54.71	0.78	4.66	3.75	2.97	20.3173	19.1815	18.2638	17.2576	1
4899	18 31 19.847	-32 21 30.48	1.00	84.34	3.90	2.90	99.9999	19.3205	18.1908	17.2338	1
4946	18 31 17.892	-32 20 20.65	0.71	4.82	3.72	3.01	20.4757	19.1588	18.3115	17.3361	1
4947	18 31 25.601	-32 21 46.66	0.59	4.47	3.69	3.10	20.1290	19.1394	18.3995	17.2687	1
5166	18 31 19.701	-32 19 58.52	0.90	84.34	3.97	3.07	99.9999	19.4000	18.3650	17.2799	1
5192	18 31 26.175	-32 21 39.57	0.97	4.72	3.99	3.02	20.3750	19.4082	18.3082	17.3184	1
5262	18 31 25.243	-32 21 34.94	1.02	5.47	4.04	3.02	21.1271	19.4590	18.3121	17.2997	1
5308	18 31 21.863	-32 20 01.89	0.66	84.34	3.84	3.18	99.9999	19.2820	18.4814	99.9999	1
5450	18 31 19.304	-32 20 39.76	0.47	84.34	3.88	3.41	99.9999	19.3378	18.7161	17.2807	0
5504	18 31 27.494	-32 20 27.48	0.92	5.09	4.09	3.16	20.7521	19.5104	18.4573	17.2834	1
5696	18 31 19.680	-32 20 02.14	0.63	5.04	3.79	3.15	20.7017	19.2289	18.4502	17.5184	1
5703	18 31 28.533	-32 21 21.81	1.00	5.16	4.11	3.11	20.8127	19.5266	18.3977	17.4536	1
5842	18 31 25.956	-32 20 18.43	1.13	84.34	4.20	3.08	99.9999	19.6139	18.3650	17.4511	1
5856	18 31 23.167	-32 22 04.22	0.75	5.20	3.95	3.20	20.8594	19.3838	18.4923	17.4463	1
5906	18 31 17.493	-32 20 37.40	0.67	4.50	3.97	3.31	20.1616	19.4164	18.6087	17.5023	1
5918	18 31 27.943	-32 20 55.75	0.58	4.70	3.94	3.35	20.3630	19.3834	18.6543	99.9999	1
6029	18 31 17.620	-32 20 23.19	0.63	4.66	3.86	3.23	20.3185	19.3082	18.5322	17.6368	1
6094	18 31 26.165	-32 19 46.25	0.87	84.34	4.07	3.21	99.9999	19.5011	18.5003	17.5182	1
6121	18 31 27.981	-32 20 39.83	0.53	4.81	3.89	3.36	20.4701	19.3391	18.6633	99.9999	1
6138	18 31 28.203	-32 21 27.23	0.61	84.34	3.96	3.35	99.9999	19.4044	18.6535	17.4853	1
6277	18 31 18.054	-32 20 46.52	0.85	84.34	4.12	3.27	99.9999	19.5486	18.5650	17.5419	1
6299	18 31 27.125	-32 20 53.82	1.09	84.34	4.30	3.21	99.9999	19.7171	18.5043	17.6796	1
6426	18 31 24.290	-32 19 38.62	0.60	5.02	3.86	3.26	20.6759	19.3075	18.5577	17.6874	1
6431	18 31 17.184	-32 20 40.75	0.75	4.89	4.03	3.28	20.5505	19.4658	18.5733	17.5873	1
6470	18 31 27.206	-32 19 59.67	0.95	84.34	4.23	3.28	99.9999	19.6557	18.5719	17.5637	1
6610	18 31 27.317	-32 20 31.09	0.97	4.97	4.29	3.32	20.6237	19.7094	18.6121	17.6706	1
6621	18 31 25.045	-32 19 45.90	0.56	4.76	3.95	3.39	20.4182	19.3971	18.6869	17.6324	1
6648	18 31 22.160	-32 19 50.05	0.69	84.34	4.20	3.50	99.9999	19.6380	18.8030	17.4917	1
6658	18 31 28.644	-32 20 38.02	0.79	84.34	4.24	3.44	99.9999	19.6684	18.7380	17.5358	1
6683	18 31 18.603	-32 21 03.24	0.47	5.40	3.96	3.49	21.0616	19.4197	18.7953	99.9999	1
6741	18 31 27.010	-32 20 10.32	0.55	4.75	3.94	3.39	20.4145	19.3908	18.6888	17.6728	1
6837	18 31 21.634	-32 19 40.49	1.00	84.34	4.30	3.30	99.9999	19.7149	18.5887	17.7105	1
6873	18 31 18.720	-32 20 49.52	0.88	4.86	4.30	3.42	20.5185	19.7308	18.7156	17.6043	1
6931	18 31 28.397	-32 20 56.06	0.39	4.81	3.95	3.55	20.4754	19.4057	18.8589	17.7503	1
7022	18 31 28.448	-32 21 17.22	0.95	84.34	4.37	3.42	99.9999	19.7910	18.7108	17.6082	1
7052	18 31 17.312	-32 20 45.43	0.57	84.34	4.00	3.43	99.9999	19.4482	18.7289	17.7935	1
7064	18 31 20.809	-32 19 45.70	0.52	4.61	4.07	3.56	20.2741	19.5241	18.8591	17.8664	1
7228	18 31 28.066	-32 20 06.83	0.43	4.61	4.18	3.75	20.2682	19.6405	19.0585	17.9621	1
7309	18 31 25.280	-32 22 02.28	0.69	4.75	4.15	3.46	20.4043	19.5940	18.7602	17.9504	1
7409	18 31 18.953	-32 21 34.75	0.42	4.67	3.99	3.57	20.3284	19.4504	18.8784	18.0969	1
7432	18 31 18.758	-32 21 23.64	0.96	5.33	4.32	3.36	20.9902	19.7405	18.6549	17.8247	1
7458	18 31 27.782	-32 21 20.38	0.60	4.99	4.11	3.51	20.6523	19.5541	18.8106	17.7830	1
7467	18 31 18.065	-32 20 29.50	0.68	5.13	4.12	3.43	20.7884	19.5587	18.7331	17.8752	1
7573	18 31 17.627	-32 21 11.15	0.66	84.34	4.10	3.44	99.9999	19.5437	18.7395	17.9078	1
7586	18 31 17.694	-32 20 20.02	1.01	84.34	4.46	3.45	99.9999	19.8805	18.7390	17.7307	1
7601	18 31 23.298	-32 22 11.28	0.87	5.33	4.29	3.42	20.9851	19.7188	18.7154	17.9467	1
7682	18 31 18.796	-32 21 20.44	0.82	84.34	4.35	3.53	99.9999	19.7791	18.8235	17.7615	1
7790	18 31 25.295	-32 22 05.39	0.88	84.34	4.50	3.62	99.9999	19.9250	18.9126	17.7069	1
7871	18 31 27.331	-32 19 59.39	0.62	84.34	4.12	3.50	99.9999	19.5649	18.7978	17.8340	1
7874	18 31 28.327	-32 21 11.60	0.68	84.34	4.26	3.58	99.9999	19.6991	18.8768	17.8323	1
7898	18 31 24.593	-32 19 52.88	1.04	84.34	4.60	3.55	99.9999	20.0131	18.8445	99.9999	1
8067	18 31 25.894	-32 21 50.36	0.13	84.34	4.11	3.98	99.9999	19.5893	19.2912	17.8517	0
8242	18 31 28.714	-32 21 13.26	0.45	4.85	4.14	3.69	20.5088	19.5948	18.9929	17.9689	1
8322	18 31 22.322	-32 22 03.10	0.74	84.34	4.32	3.57	99.9999	19.7529	18.8719	18.5721	1
8349	18 31 27.638	-32 20 51.09	1.07	84.34	4.63	3.56	99.9999	20.0427	18.8480	99.9999	1
8621	18 31 24.321	-32 19 45.49	0.76	84.34	4.39	3.63	99.9999	19.8266	18.9311	17.9994	1
8751	18 31 20.322	-32 22 01.02	0.81	84.34	4.37	3.56	99.9999	19.8051	18.8603	18.0130	1
8888	18 31 28.109	-32 20 39.37	0.63	4.91	4.24	3.61	20.5714	19.6883	18.9131	18.6101	1
8958	18 31 25.830	-32 20 06.48	0.63	84.34	4.44	3.81	99.9999	19.8805	19.1089	99.9999	1
9236	18 31 24.318	-32 22 05.47	0.72	5.24	4.52	3.79	20.9035	19.9543	19.0898	17.9813	1
9261	18 31 24.542	-32 22 01.23	1.07	84.34	4.90	3.82	99.9999	20.3133	19.1140	17.9217	1
9413	18 31 17.513	-32 20 49.85	0.57	84.34	4.35	3.78	99.9999	19.7973	19.0799	18.0786	1
9444	18 31 18.302	-32 21 03.78	0.79	84.34	4.65	3.87	99.9999	20.0861	19.1639	17.9441	1
9514	18 31 24.683	-32 22 00.84	0.56	84.34	4.51	3.94	99.9999	19.9560	19.2457	17.9258	1
9557	18 31 20.178	-32 21 45.77	0.66	5.07	4.42	3.75	20.7274	19.8575	19.0517	18.1322	1
9572	18 31 21.666	-32 22 01.51	0.68	5.23	4.42	3.75	20.8847	19.8634	19.0450	18.1557	1
9722	18 31 20.905	-32 19 44.18	0.42	5.04	4.24	3.82	20.7054	19.6994	19.1274	18.6293	1
9780	18 31 18.306	-32 21 40.39	1.00	84.34	4.71	3.71	99.9999	20.1281	19.0046	18.1619	1
9901	18 31 29.029	-32 21 04.10	0.59	84.34	4.45	3.86	99.9999	19.8928	19.1582	18.1261	1
10283	18 31 17.642	-32 21 01.10	0.50	84.34	4.38	3.88	99.9999	19.8345	19.1876	18.4129	1
10508	18 31 25.096	-32 22 05.33	0.64	5.04	4.66	4.02	20.6945	20.1072	19.3204	18.2162	1
10760	18 31 19.211	-32 20 16.74	0.98	84.34	4.79	3.81	99.9999	20.2097	19.1043	18.3052	1
11180	18 31 19.887	-32 21 54.79	0.62	84.34	4.59	3.97	99.9999	20.0321	19.2668	18.6709	1
11825	18 31 20.379	-32 21 41.64	0.79	84.34	4.90	4.12	99.9999	20.3380	19.4149	18.3575	1
13807	18 31 29.023	-32 21 06.63	0.36	84.34	4.84	4.48	99.9999	20.3005	19.7891	19.1221	1
