# M9 E(B-V)=0.38, m-M = 14.49
# BlueFlag Note: if (V-I)0 > 0.331 + 1.444 * (B-V)0 then BlueFlag = 0
# 	RA		Dec		(B-V)_0	M_u	M_B	M_V	u	B	V	I	BlueFlag
95	17 19 12.636	-18 31 01.66	1.46	0.95	-1.12	-2.58	17.4078	14.8370	13.1050	11.2516	1
97	17 19 11.667	-18 31 04.47	1.54	1.37	-0.89	-2.42	17.8300	15.0607	13.2583	11.3308	1
100	17 19 11.819	-18 31 27.89	1.21	0.81	-1.19	-2.39	17.2777	14.7933	13.2996	11.5116	1
106	17 19 12.723	-18 31 28.89	1.42	1.15	-1.09	-2.52	17.6133	14.8662	13.1704	11.2301	1
108	17 19 12.010	-18 30 57.97	1.32	0.76	-0.97	-2.29	17.2187	14.9952	13.3995	11.6549	1
111	17 19 12.095	-18 30 46.39	1.27	0.91	-0.97	-2.25	17.3766	14.9999	13.4457	11.6674	1
116	17 19 05.971	-18 31 00.45	1.40	1.33	-0.80	-2.20	17.7962	15.1613	13.4879	11.6405	1
117	17 19 10.907	-18 30 38.78	1.34	1.11	-0.89	-2.22	17.5679	15.0805	13.4659	11.7022	1
118	17 19 07.569	-18 30 55.09	1.34	1.16	-0.67	-2.01	17.6270	15.2999	13.6790	11.9112	1
120	17 19 15.555	-18 31 17.28	1.41	1.20	-0.87	-2.28	17.6615	15.0876	13.4071	11.5950	1
123	17 19 08.542	-18 30 28.67	1.35	1.36	-0.78	-2.13	17.8193	15.1903	13.5621	11.7441	1
125	17 19 11.925	-18 30 51.50	1.22	0.79	-0.88	-2.09	17.2507	15.1017	13.6017	11.9139	1
127	17 19 08.547	-18 31 14.33	1.23	1.03	-0.75	-1.97	17.4895	15.2308	13.7199	12.0034	1
128	17 19 12.215	-18 30 22.32	1.23	1.16	-0.75	-1.97	17.6226	15.2307	13.7189	11.9925	1
130	17 19 12.063	-18 31 19.75	1.17	0.76	-0.91	-2.08	17.2194	15.0688	13.6139	11.9731	1
131	17 19 12.199	-18 31 25.90	1.16	0.82	-0.83	-1.99	17.2820	15.1536	13.7077	12.0770	1
132	17 19 07.467	-18 30 02.21	1.23	1.02	-0.76	-1.99	17.4813	15.2148	13.7049	11.9776	1
140	17 19 12.269	-18 30 35.46	1.14	0.68	-0.78	-1.92	17.1400	15.2067	13.7735	12.1479	1
143	17 19 12.628	-18 31 27.80	1.06	0.73	-0.64	-1.70	17.1989	15.3508	13.9970	12.3985	1
147	17 19 08.332	-18 31 19.26	1.21	1.10	-0.58	-1.80	17.5585	15.3958	13.8967	12.1745	1
152	17 19 16.330	-18 31 06.20	0.97	0.76	-0.57	-1.54	17.2260	15.4277	14.1624	12.6530	1
155	17 19 12.580	-18 30 46.72	1.08	0.74	-0.64	-1.71	17.2021	15.3525	13.9843	12.3933	1
157	17 19 11.614	-18 30 15.83	1.03	0.81	-0.56	-1.59	17.2764	15.4365	14.1134	12.5627	1
161	17 19 05.925	-18 31 33.17	0.05	0.04	-1.05	-1.11	16.5134	15.0352	14.6274	13.9730	1
166	17 19 13.458	-18 31 03.48	1.01	1.03	-0.36	-1.36	17.4973	15.6434	14.3410	12.8389	1
168	17 19 11.544	-18 30 28.39	1.00	0.93	-0.46	-1.46	17.3998	15.5357	14.2370	12.5794	1
170	17 19 11.007	-18 30 44.94	0.96	0.93	-0.38	-1.35	17.3929	15.6188	14.3543	12.8096	1
172	17 19 14.109	-18 30 08.97	1.11	1.24	-0.17	-1.28	17.7006	15.8198	14.4218	12.8067	1
183	17 19 15.210	-18 29 43.37	1.15	1.28	-0.37	-1.52	17.7435	15.6155	14.1795	12.5155	1
194	17 19 12.836	-18 30 26.87	1.05	1.26	-0.21	-1.25	17.7280	15.7869	14.4458	12.9567	1
196	17 19 12.151	-18 31 29.34	1.06	1.01	-0.13	-1.19	17.4780	15.8627	14.5080	12.9527	1
198	17 19 07.861	-18 30 31.41	1.04	1.18	-0.21	-1.26	17.6425	15.7812	14.4437	12.8769	1
202	17 19 10.424	-18 29 59.37	0.98	1.08	-0.21	-1.19	17.5485	15.7942	14.5117	12.9912	1
207	17 19 09.588	-18 31 17.31	0.91	0.77	-0.37	-1.28	17.2360	15.6352	14.4204	13.0232	1
208	17 19 13.551	-18 30 45.65	0.94	1.05	-0.16	-1.10	17.5175	15.8439	14.6039	13.1097	1
212	17 19 12.833	-18 31 46.02	0.98	1.17	-0.18	-1.16	17.6366	15.8197	14.5436	13.0251	1
213	17 19 07.531	-18 31 53.13	0.97	1.11	-0.18	-1.14	17.5734	15.8254	14.5574	12.9919	1
214	17 19 12.794	-18 30 13.87	0.95	1.17	-0.12	-1.07	17.6326	15.8802	14.6320	13.1072	1
216	17 19 09.778	-18 31 03.26	1.06	1.24	-0.23	-1.29	17.7035	15.7650	14.4140	12.7574	1
217	17 19 11.089	-18 31 25.63	0.98	1.05	-0.12	-1.10	17.5125	15.8788	14.6035	13.0733	1
227	17 19 14.079	-18 30 01.09	1.08	1.36	-0.00	-1.08	17.8215	15.9903	14.6193	13.0155	1
229	17 19 12.004	-18 31 04.16	0.88	0.87	-0.18	-1.06	17.3404	15.8273	14.6468	13.2137	1
231	17 19 13.554	-18 29 50.70	0.98	1.32	0.01	-0.97	17.7820	16.0125	14.7336	13.1984	1
232	17 19 12.200	-18 31 20.90	0.81	0.78	-0.21	-1.02	17.2507	15.8075	14.6877	13.2911	1
235	17 19 10.865	-18 31 03.50	0.84	0.96	-0.13	-0.97	17.4243	15.8860	14.7382	13.2723	1
237	17 19 12.031	-18 31 06.10	0.91	0.79	-0.06	-0.97	17.2572	15.9511	14.7354	13.3116	1
240	17 19 10.071	-18 30 03.80	0.98	1.12	-0.01	-0.99	17.5888	15.9896	14.7116	13.2345	1
249	17 19 14.529	-18 31 07.24	0.76	0.94	-0.13	-0.89	17.4101	15.8955	14.8199	13.3188	1
254	17 19 12.411	-18 30 30.43	0.05	0.32	-0.57	-0.62	16.7883	15.5214	15.1154	14.7384	1
264	17 19 10.451	-18 31 21.72	0.77	0.99	-0.06	-0.83	17.4549	15.9609	14.8790	13.4310	1
270	17 19 09.505	-18 31 49.81	0.96	1.32	0.07	-0.89	17.7880	16.0683	14.8102	13.2233	1
273	17 19 13.964	-18 30 40.98	0.87	1.01	0.02	-0.85	17.4725	16.0278	14.8557	13.4680	1
278	17 19 11.833	-18 30 45.37	0.80	1.01	0.08	-0.72	17.4795	16.0973	14.9865	13.5616	1
280	17 19 06.804	-18 30 42.19	0.92	1.40	0.20	-0.72	17.8701	16.2085	14.9856	13.4376	1
282	17 19 09.448	-18 30 53.34	0.81	1.09	0.10	-0.71	17.5532	16.1178	15.0016	13.5707	1
287	17 19 08.409	-18 31 01.15	0.86	1.33	0.18	-0.68	17.7933	16.1940	15.0236	13.5169	1
293	17 19 10.218	-18 31 02.42	1.08	0.87	0.30	-0.77	17.3332	16.2964	14.9273	13.7377	1
296	17 19 11.943	-18 30 43.06	0.80	1.09	0.15	-0.65	17.5613	16.1635	15.0545	13.6227	1
306	17 19 11.965	-18 31 00.28	0.77	0.76	0.23	-0.54	17.2220	16.2538	15.1710	13.8125	1
309	17 19 14.115	-18 30 28.46	-0.09	0.42	-0.12	-0.02	16.8932	15.9849	15.7158	15.2696	1
313	17 19 11.320	-18 31 04.45	0.38	0.60	-0.14	-0.52	17.0703	15.9196	15.2032	14.2213	1
316	17 19 12.758	-18 29 50.96	0.83	1.26	0.26	-0.57	17.7269	16.2760	15.1390	13.7284	1
317	17 19 14.103	-18 30 19.36	0.87	1.36	0.30	-0.57	17.8225	16.3088	15.1367	13.6811	1
319	17 19 09.486	-18 30 33.23	0.70	1.12	0.18	-0.52	17.5913	16.2085	15.1888	13.8158	1
322	17 19 14.090	-18 31 23.80	0.72	1.08	0.21	-0.51	17.5500	16.2312	15.1971	13.8513	1
329	17 19 16.510	-18 30 15.68	1.24	2.44	0.63	-0.61	18.9034	16.6047	15.0821	13.4008	1
330	17 19 12.926	-18 31 06.10	0.73	1.08	0.24	-0.49	17.5443	16.2622	15.2173	13.8693	1
333	17 19 08.853	-18 31 07.35	0.57	0.83	0.14	-0.43	17.2946	16.1771	15.2874	14.1135	1
336	17 19 14.883	-18 32 06.25	0.85	1.43	0.38	-0.47	17.8946	16.3951	15.2374	13.8185	1
339	17 19 10.514	-18 30 50.34	0.53	0.85	0.17	-0.37	17.3232	16.2089	15.3508	14.1460	1
342	17 19 11.273	-18 31 38.24	0.89	1.50	0.40	-0.49	17.9643	16.4090	15.2140	13.7965	1
346	17 19 05.807	-18 31 23.31	0.72	1.20	0.28	-0.45	17.6646	16.2998	15.2612	13.9783	1
348	17 19 14.091	-18 31 16.65	-0.02	0.44	0.27	0.30	16.9090	16.3687	16.0331	15.7233	1
349	17 19 11.966	-18 30 44.89	0.59	1.00	0.16	-0.42	17.4669	16.2022	15.2908	14.0397	1
355	17 19 13.483	-18 30 57.82	0.79	1.34	0.35	-0.44	17.8116	16.3720	15.2684	13.8613	1
356	17 19 08.903	-18 30 51.03	0.83	1.40	0.39	-0.44	17.8647	16.4072	15.2720	13.8407	1
357	17 19 08.241	-18 31 32.34	0.89	1.63	0.49	-0.40	18.0927	16.4974	15.3070	13.7891	1
358	17 19 09.783	-18 30 58.61	0.74	1.33	0.36	-0.38	17.7968	16.3852	15.3285	13.9882	1
363	17 19 12.446	-18 30 42.80	0.67	1.15	0.28	-0.38	17.6129	16.3138	15.3311	13.9814	1
370	17 19 11.858	-18 30 19.70	0.61	1.04	0.25	-0.35	17.5107	16.2887	15.3611	14.1491	1
374	17 19 10.250	-18 29 59.65	0.94	1.55	0.60	-0.33	18.0171	16.6072	15.3698	13.9682	1
376	17 19 10.427	-18 30 45.82	0.49	0.93	0.20	-0.30	17.3984	16.2422	15.4211	14.3262	1
380	17 19 06.855	-18 31 31.89	0.86	1.56	0.53	-0.32	18.0292	16.5447	15.3825	13.9182	1
385	17 19 11.515	-18 31 31.65	0.79	1.42	0.48	-0.31	17.8913	16.5032	15.4023	13.9992	1
390	17 19 10.025	-18 30 08.77	0.73	1.39	0.46	-0.27	17.8555	16.4821	15.4353	14.0529	1
391	17 19 10.333	-18 30 55.51	0.67	1.27	0.37	-0.30	17.7364	16.4015	15.4152	14.1244	1
394	17 19 12.456	-18 31 28.96	0.83	1.41	0.47	-0.35	17.8744	16.4873	15.3539	13.9758	1
400	17 19 12.620	-18 30 32.08	0.75	1.47	0.51	-0.24	17.9321	16.5289	15.4696	14.0820	1
407	17 19 12.695	-18 31 33.24	0.62	1.30	0.42	-0.19	17.7699	16.4587	15.5203	14.2225	1
414	17 19 08.863	-18 30 23.89	0.83	1.63	0.58	-0.25	18.0930	16.5919	15.4540	13.9410	1
416	17 19 13.776	-18 31 56.67	0.81	1.56	0.59	-0.22	18.0269	16.6064	15.4847	14.0783	1
417	17 19 08.201	-18 31 14.17	0.82	1.58	0.60	-0.23	18.0501	16.6116	15.4809	14.0635	1
422	17 19 12.630	-18 29 38.50	0.75	1.50	0.56	-0.19	17.9658	16.5824	15.5177	14.1457	1
425	17 19 09.535	-18 31 07.93	0.62	1.31	0.49	-0.13	17.7829	16.5197	15.5813	14.2520	1
429	17 19 12.469	-18 31 16.29	0.74	1.44	0.58	-0.16	17.9056	16.6063	15.5505	14.1718	1
434	17 19 06.971	-18 30 48.48	0.64	1.38	0.51	-0.13	17.8442	16.5389	15.5797	14.2353	1
437	17 19 11.568	-18 30 49.45	0.70	1.38	0.59	-0.11	17.8476	16.6190	15.6047	14.2327	1
443	17 19 13.042	-18 32 13.33	0.62	1.38	0.52	-0.10	17.8491	16.5566	15.6163	14.3549	1
445	17 19 10.447	-18 32 17.94	0.76	1.60	0.64	-0.12	18.0657	16.6618	15.5898	14.2345	1
449	17 19 16.638	-18 31 26.27	0.84	1.72	0.76	-0.08	18.1898	16.7723	15.6281	14.2174	1
450	17 19 08.405	-18 30 29.71	0.79	1.72	0.67	-0.12	18.1842	16.6873	15.5873	14.1272	1
452	17 19 15.997	-18 31 17.49	0.83	1.75	0.74	-0.10	18.2145	16.7496	15.6081	14.1777	1
455	17 19 13.743	-18 29 55.30	0.73	1.48	0.62	-0.11	17.9497	16.6437	15.6042	14.2327	1
456	17 19 09.474	-18 30 41.52	0.93	1.40	0.88	-0.06	17.8610	16.8823	15.6458	14.2482	1
464	17 19 11.817	-18 32 15.62	0.71	1.53	0.66	-0.06	17.9973	16.6808	15.6530	14.3388	1
469	17 19 13.333	-18 31 49.92	0.79	1.66	0.73	-0.07	18.1247	16.7439	15.6394	14.2461	1
473	17 19 09.078	-18 30 15.94	0.82	1.79	0.76	-0.07	18.2571	16.7716	15.6409	14.2481	1
476	17 19 13.054	-18 31 07.01	0.71	1.49	0.65	-0.06	17.9591	16.6778	15.6510	14.3614	1
477	17 19 11.129	-18 30 51.24	0.13	1.20	0.55	0.42	17.6754	16.6334	16.1498	15.1536	1
481	17 19 11.006	-18 29 58.67	0.74	1.69	0.74	-0.00	18.1583	16.7615	15.7084	14.2806	1
482	17 19 10.173	-18 31 06.63	0.76	1.57	0.76	0.00	18.0381	16.7812	15.7137	14.3250	1
487	17 19 12.616	-18 30 58.81	0.95	83.53	0.93	-0.02	99.9999	16.9378	15.6871	14.2193	1
490	17 19 12.343	-18 30 50.38	0.76	1.48	0.79	0.02	17.9431	16.8065	15.7309	14.3735	1
498	17 19 13.980	-18 29 54.79	0.78	1.73	0.76	-0.02	18.1925	16.7808	15.6862	14.2911	1
499	17 19 11.253	-18 30 29.94	-0.62	1.37	0.43	1.05	17.8494	16.5799	16.8096	15.1386	0
503	17 19 10.666	-18 31 06.44	0.80	1.63	0.81	0.01	18.0979	16.8301	15.7166	14.3595	1
509	17 19 12.878	-18 29 49.12	0.64	1.67	0.68	0.05	18.1378	16.7162	15.7606	14.2962	1
517	17 19 08.750	-18 29 36.75	0.75	1.71	0.81	0.06	18.1819	16.8334	15.7677	14.3977	1
521	17 19 09.578	-18 31 35.01	0.78	1.82	0.83	0.05	18.2848	16.8473	15.7581	14.3848	1
527	17 19 16.645	-18 30 06.85	0.80	1.79	0.84	0.04	18.2555	16.8553	15.7445	14.3826	1
528	17 19 10.514	-18 30 28.54	0.86	2.00	0.94	0.08	18.4623	16.9506	15.7875	14.3606	1
533	17 19 05.813	-18 31 37.60	0.78	1.83	0.84	0.06	18.2964	16.8619	15.7682	14.3751	1
542	17 19 10.328	-18 30 59.68	0.35	1.22	0.32	-0.04	17.6939	16.3750	15.6857	15.2681	1
546	17 19 15.510	-18 32 07.48	0.45	1.57	0.64	0.20	18.0390	16.6922	15.9153	14.6618	1
547	17 19 09.634	-18 31 33.98	0.76	1.83	0.90	0.14	18.2974	16.9200	15.8498	14.4315	1
553	17 19 08.022	-18 31 01.51	0.82	1.74	0.96	0.14	18.2057	16.9728	15.8448	14.4068	1
557	17 19 09.810	-18 31 17.64	-0.07	1.51	0.46	0.53	17.9834	16.5579	16.2652	15.6464	1
558	17 19 11.310	-18 31 11.97	0.70	1.72	0.83	0.13	18.1913	16.8572	15.8457	14.5111	1
560	17 19 11.284	-18 30 28.62	0.67	1.67	0.86	0.19	18.1396	16.8923	15.9042	14.5091	1
569	17 19 15.731	-18 30 47.55	0.75	1.80	0.89	0.13	18.2639	16.9074	15.8417	14.5858	1
571	17 19 09.921	-18 31 09.01	0.77	1.73	0.94	0.16	18.2010	16.9558	15.8730	14.5440	1
575	17 19 13.942	-18 31 30.01	0.74	1.74	0.93	0.19	18.2074	16.9554	15.9015	14.5484	1
587	17 19 15.030	-18 31 28.92	0.68	1.76	0.91	0.23	18.2229	16.9403	15.9404	14.5746	1
588	17 19 12.893	-18 30 23.67	0.77	1.97	0.98	0.21	18.4372	17.0007	15.9160	14.5250	1
591	17 19 11.737	-18 31 39.65	0.74	1.86	0.95	0.20	18.3265	16.9693	15.9145	14.5329	1
598	17 19 13.808	-18 31 37.56	0.74	1.88	0.98	0.23	18.3448	17.0002	15.9435	14.6081	1
603	17 19 09.944	-18 30 29.68	0.83	1.91	1.09	0.26	18.3784	17.1027	15.9621	14.5819	1
605	17 19 08.669	-18 31 16.46	0.13	1.66	0.66	0.52	18.1343	16.7366	16.2548	15.7111	1
606	17 19 11.725	-18 31 14.88	0.44	1.46	0.89	0.45	17.9285	16.9457	16.1742	15.1490	1
607	17 19 09.857	-18 30 30.43	0.80	1.95	1.06	0.25	18.4189	17.0731	15.9596	14.5946	1
608	17 19 12.168	-18 30 07.64	1.21	3.65	1.50	0.29	20.1135	17.4828	15.9837	14.4848	1
611	17 19 13.191	-18 31 50.27	0.80	1.95	1.02	0.21	18.4139	17.0351	15.9216	14.5871	1
613	17 19 10.900	-18 31 16.75	-0.08	1.19	0.39	0.47	17.6640	16.4916	16.2071	15.7714	1
618	17 19 13.272	-18 31 42.80	0.75	1.91	1.01	0.26	18.3763	17.0318	15.9706	14.6145	1
620	17 19 12.202	-18 32 05.09	0.79	2.00	1.05	0.26	18.4626	17.0667	15.9712	14.5751	1
623	17 19 13.118	-18 30 58.32	0.09	1.51	0.53	0.44	17.9843	16.6135	16.1760	15.5082	1
627	17 19 08.070	-18 29 35.54	0.16	1.53	0.59	0.43	18.0043	16.6651	16.1553	15.4714	1
630	17 19 11.169	-18 31 19.92	0.80	1.86	1.07	0.27	18.3290	17.0867	15.9804	14.6432	1
635	17 19 08.520	-18 30 48.73	0.80	1.91	1.11	0.31	18.3773	17.1235	16.0145	14.6181	1
639	17 19 10.953	-18 31 12.79	0.65	1.80	0.96	0.31	18.2673	16.9901	16.0219	14.7117	1
643	17 19 16.116	-18 30 15.93	0.80	2.07	1.09	0.29	18.5372	17.1076	15.9995	14.5598	1
645	17 19 16.192	-18 29 55.77	0.83	2.07	1.13	0.31	18.5367	17.1492	16.0140	14.6043	1
647	17 19 13.807	-18 31 25.39	-0.01	1.61	0.65	0.66	18.0787	16.7406	16.3933	15.9082	1
648	17 19 13.500	-18 30 43.08	0.25	1.37	0.47	0.22	17.8370	16.5403	15.9439	15.1768	1
649	17 19 14.626	-18 31 30.48	0.01	1.53	0.59	0.58	18.0047	16.6792	16.3156	15.7535	1
650	17 19 10.247	-18 31 20.66	0.11	1.62	0.64	0.53	18.0906	16.7208	16.2643	15.5076	1
651	17 19 12.577	-18 30 48.61	0.23	1.49	0.67	0.44	17.9615	16.7430	16.1656	15.4293	1
655	17 19 07.706	-18 31 24.18	0.79	2.00	1.11	0.33	18.4637	17.1336	16.0372	14.6244	1
659	17 19 17.526	-18 30 35.66	0.69	2.21	1.05	0.36	18.6766	17.0818	16.0765	14.6063	1
661	17 19 13.525	-18 31 47.27	0.06	1.53	0.55	0.49	18.0005	16.6340	16.2235	15.7225	1
666	17 19 07.744	-18 30 12.34	0.85	2.02	1.12	0.27	18.4875	17.1282	15.9714	14.6165	1
672	17 19 14.353	-18 31 12.51	0.20	1.41	0.52	0.31	17.8832	16.5906	16.0420	15.2374	1
678	17 19 12.750	-18 30 44.02	0.01	1.43	0.59	0.58	17.9037	16.6792	16.3156	15.8351	1
682	17 19 11.173	-18 30 28.60	0.37	1.29	1.23	0.86	17.7583	17.2876	16.5820	15.9535	1
684	17 19 14.796	-18 30 44.90	0.74	1.98	1.04	0.31	18.4488	17.0659	16.0174	14.7756	1
688	17 19 14.419	-18 31 09.26	0.58	1.68	1.03	0.45	18.1478	17.0651	16.1636	14.7957	1
690	17 19 11.515	-18 31 54.67	0.56	1.68	0.91	0.36	18.1515	16.9520	16.0722	14.8660	1
694	17 19 14.320	-18 31 50.18	0.59	1.80	1.00	0.41	18.2731	17.0370	16.1238	14.7242	1
707	17 19 06.186	-18 31 05.74	0.80	2.10	1.14	0.35	18.5632	17.1626	16.0545	14.6473	1
710	17 19 10.003	-18 30 40.69	-0.10	1.61	0.63	0.73	18.0830	16.7364	16.4727	15.9321	1
712	17 19 13.930	-18 30 59.10	0.01	1.56	0.71	0.70	18.0328	16.8039	16.4376	16.0122	1
714	17 19 10.647	-18 31 09.92	0.25	1.52	0.72	0.48	17.9894	16.7910	16.2018	15.5322	1
717	17 19 10.646	-18 30 29.99	-0.12	2.02	0.91	1.03	18.4940	17.0132	16.7693	16.0805	0
720	17 19 12.451	-18 30 48.35	0.19	1.29	0.85	0.66	17.7601	16.9199	16.3858	15.6670	1
721	17 19 11.922	-18 31 13.11	-0.00	1.46	0.68	0.69	17.9320	16.7761	16.4234	15.9805	1
722	17 19 08.542	-18 31 52.96	0.60	1.81	1.04	0.43	18.2815	17.0739	16.1481	14.8968	1
733	17 19 08.233	-18 30 33.47	0.15	1.48	0.71	0.56	17.9495	16.7840	16.2851	15.6044	1
734	17 19 13.643	-18 31 18.05	0.08	1.72	0.72	0.64	18.1909	16.8071	16.3759	15.8154	1
740	17 19 10.432	-18 30 55.65	0.14	1.61	0.66	0.52	18.0826	16.7412	16.2549	15.6590	1
743	17 19 15.153	-18 29 53.65	0.85	2.17	1.28	0.43	18.6336	17.2891	16.1314	14.7450	1
746	17 19 07.738	-18 30 34.25	-0.04	1.64	0.63	0.67	18.1092	16.7269	16.4058	15.8759	1
749	17 19 10.376	-18 30 09.59	0.76	1.99	1.18	0.43	18.4603	17.2050	16.1357	14.8041	1
756	17 19 07.121	-18 30 06.58	0.80	2.15	1.27	0.46	18.6156	17.2833	16.1715	14.7407	1
757	17 19 14.382	-18 29 45.83	0.63	1.85	1.10	0.47	18.3131	17.1288	16.1795	14.9130	1
759	17 19 09.371	-18 31 43.52	0.13	1.69	0.72	0.59	18.1661	16.7958	16.3167	15.5134	1
765	17 19 08.412	-18 31 04.92	0.12	83.53	0.78	0.65	99.9999	16.8561	16.3845	15.8116	1
774	17 19 07.125	-18 31 53.91	0.77	2.13	1.23	0.46	18.5998	17.2530	16.1720	14.7309	1
778	17 19 11.886	-18 30 39.47	0.19	1.59	0.82	0.63	18.0663	16.8907	16.3538	15.8584	1
779	17 19 07.224	-18 30 39.74	0.16	1.47	0.68	0.52	17.9413	16.7561	16.2463	15.5910	1
781	17 19 10.860	-18 31 23.74	0.10	1.75	0.78	0.68	18.2241	16.8625	16.4132	15.7914	1
793	17 19 11.783	-18 31 35.39	0.10	1.68	0.80	0.69	18.1475	16.8809	16.4253	15.8261	1
795	17 19 14.128	-18 31 20.39	0.26	1.70	0.80	0.54	18.1690	16.8643	16.2670	15.4359	1
798	17 19 10.603	-18 30 42.00	0.16	1.70	0.98	0.82	18.1715	17.0578	16.5454	15.4404	0
800	17 19 14.679	-18 32 10.04	0.11	1.64	0.60	0.49	18.1091	16.6831	16.2185	15.5925	1
801	17 19 12.914	-18 31 23.13	0.84	2.05	1.36	0.52	18.5201	17.3712	16.2252	14.8655	1
803	17 19 13.477	-18 31 48.69	-0.07	1.68	0.68	0.75	18.1573	16.7820	16.4912	15.9924	1
806	17 19 08.522	-18 31 29.91	0.78	2.24	1.29	0.51	18.7018	17.3123	16.2231	14.7897	1
810	17 19 10.666	-18 30 57.15	-0.03	1.59	0.54	0.57	18.0586	16.6384	16.3109	15.8409	1
816	17 19 12.154	-18 31 38.99	-0.12	1.65	1.25	1.37	18.1241	17.3540	17.1083	17.1368	1
817	17 19 09.891	-18 32 25.65	0.79	2.22	1.27	0.48	18.6818	17.2875	16.1903	14.7990	1
824	17 19 14.656	-18 30 34.47	0.70	2.06	1.25	0.55	18.5303	17.2775	16.2578	14.8670	1
828	17 19 14.030	-18 31 03.29	0.71	2.09	1.22	0.51	18.5563	17.2468	16.2190	14.9500	1
830	17 19 13.967	-18 31 37.20	0.07	1.58	0.58	0.51	18.0504	16.6648	16.2417	15.6499	1
831	17 19 15.301	-18 29 54.87	0.14	1.85	0.77	0.63	18.3238	16.8479	16.3589	15.6656	1
833	17 19 15.473	-18 31 18.40	0.78	2.28	1.25	0.47	18.7474	17.2689	16.1752	14.7840	1
842	17 19 09.112	-18 29 44.24	0.02	1.85	0.85	0.83	18.3187	16.9436	16.5629	16.0664	1
847	17 19 11.555	-18 29 57.89	0.02	1.86	0.81	0.79	18.3317	16.9016	16.5209	16.0805	1
849	17 19 09.382	-18 31 20.86	0.79	2.06	1.34	0.54	18.5267	17.3539	16.2494	14.9230	1
853	17 19 10.903	-18 29 48.88	-0.12	1.53	1.18	1.30	17.9990	17.2802	17.0373	16.2285	0
854	17 19 12.463	-18 30 20.88	0.01	1.64	0.69	0.68	18.1149	16.7808	16.4137	15.9390	1
855	17 19 11.744	-18 30 15.86	0.63	2.08	1.21	0.58	18.5512	17.2467	16.2965	14.9385	1
858	17 19 14.630	-18 29 38.42	0.89	2.33	1.43	0.54	18.7940	17.4392	16.2470	14.7832	1
859	17 19 11.650	-18 31 26.27	0.63	2.17	1.20	0.57	18.6351	17.2308	16.2815	14.9432	1
863	17 19 10.261	-18 30 04.74	0.70	2.18	1.27	0.56	18.6471	17.2936	16.2758	14.9628	1
864	17 19 11.413	-18 30 36.51	0.48	1.79	1.26	0.78	18.2600	17.3094	16.5019	15.1081	1
865	17 19 14.564	-18 30 42.84	0.71	2.06	1.30	0.59	18.5267	17.3222	16.2989	14.9582	1
868	17 19 09.143	-18 30 31.80	0.76	2.26	1.38	0.62	18.7278	17.4057	16.3328	14.9253	1
877	17 19 11.631	-18 31 53.81	0.12	1.82	0.80	0.68	18.2904	16.8798	16.4115	15.7786	1
879	17 19 13.107	-18 31 04.87	1.03	83.54	1.65	0.62	99.9999	17.6442	16.3195	14.8356	1
881	17 19 09.778	-18 31 13.35	0.07	1.69	0.79	0.72	18.1621	16.8762	16.4566	15.8216	1
892	17 19 13.039	-18 31 40.46	-0.14	1.49	1.12	1.26	17.9610	17.2220	16.9989	16.5595	1
895	17 19 09.415	-18 31 14.13	-0.07	1.78	1.08	1.15	18.2526	17.1796	16.8842	16.4140	1
903	17 19 12.052	-18 31 26.06	0.05	1.81	1.08	1.03	18.2831	17.1635	16.7594	16.0440	1
905	17 19 11.249	-18 31 26.34	-0.04	1.73	0.92	0.95	18.2064	17.0117	16.6879	16.1796	1
907	17 19 12.391	-18 31 25.32	0.04	1.67	0.74	0.70	18.1397	16.8302	16.4332	15.7003	1
908	17 19 07.443	-18 30 27.77	0.14	1.78	0.76	0.62	18.2506	16.8363	16.3509	15.7393	1
913	17 19 08.081	-18 30 32.09	0.68	2.09	1.31	0.64	18.5571	17.3429	16.3503	15.0220	1
916	17 19 08.099	-18 30 50.43	0.08	1.93	0.84	0.76	18.4050	16.9269	16.4939	15.8695	1
926	17 19 10.008	-18 30 35.65	0.69	2.08	1.32	0.63	18.5463	17.3460	16.3435	15.0957	1
927	17 19 17.095	-18 31 16.79	-0.04	1.78	0.86	0.90	18.2582	16.9540	16.6338	16.2072	1
928	17 19 09.462	-18 30 47.15	0.13	1.83	0.78	0.64	18.2994	16.8565	16.3738	15.7298	1
929	17 19 11.741	-18 30 40.25	0.63	2.09	1.29	0.66	18.5531	17.3258	16.3765	15.0480	1
932	17 19 15.721	-18 31 22.48	-0.01	1.75	0.93	0.94	18.2197	17.0225	16.6743	16.1754	1
933	17 19 08.720	-18 30 13.16	0.04	1.55	0.69	0.65	18.0273	16.7787	16.3881	15.9514	1
939	17 19 08.419	-18 31 23.86	0.08	1.95	0.94	0.85	18.4252	17.0236	16.5870	15.9143	1
940	17 19 08.102	-18 31 53.45	0.81	2.24	1.48	0.67	18.7063	17.4998	16.3826	14.9596	1
941	17 19 13.923	-18 30 38.31	0.65	2.19	1.31	0.66	18.6622	17.3412	16.3738	15.0401	1
942	17 19 13.608	-18 30 38.05	-0.13	1.60	0.97	1.10	18.0707	17.0787	16.8412	16.4477	1
947	17 19 11.909	-18 31 49.56	-0.01	1.64	0.80	0.82	18.1085	16.8949	16.5512	16.0721	1
959	17 19 11.467	-18 32 19.77	0.04	1.99	0.92	0.87	18.4668	17.0060	16.6073	15.9667	1
960	17 19 09.546	-18 31 52.30	0.09	1.81	0.78	0.69	18.2836	16.8611	16.4191	15.6558	1
966	17 19 15.135	-18 30 18.47	0.15	2.03	0.91	0.76	18.5057	16.9899	16.4892	15.7838	1
968	17 19 10.727	-18 31 56.70	0.13	1.92	0.84	0.71	18.3909	16.9181	16.4417	15.7909	1
971	17 19 12.275	-18 29 30.96	0.73	2.34	1.46	0.72	18.8037	17.4790	16.4313	14.9968	1
978	17 19 11.575	-18 31 10.00	0.41	1.43	1.05	0.64	17.8987	17.0993	16.3567	15.2081	1
980	17 19 13.531	-18 30 34.97	0.68	2.25	1.36	0.68	18.7135	17.3916	16.3954	15.0710	1
987	17 19 13.506	-18 30 55.89	-0.03	1.54	0.63	0.66	18.0177	16.7251	16.3950	15.9013	1
991	17 19 10.445	-18 30 36.62	0.12	1.83	0.87	0.75	18.3056	16.9536	16.4826	15.9077	1
994	17 19 08.728	-18 30 07.64	-0.03	1.85	0.97	1.00	18.3186	17.0674	16.7399	16.1834	1
995	17 19 13.523	-18 30 59.00	0.68	2.21	1.39	0.71	18.6755	17.4176	16.4214	15.0822	1
997	17 19 06.941	-18 30 07.60	-0.03	1.74	1.05	1.08	18.2126	17.1473	16.8189	16.3037	1
999	17 19 09.717	-18 31 32.14	0.03	1.85	0.90	0.87	18.3209	16.9903	16.6060	16.0818	1
1002	17 19 09.084	-18 30 33.90	-0.06	1.88	0.91	0.97	18.3543	17.0114	16.7065	16.0982	1
1004	17 19 11.857	-18 32 10.76	0.77	2.41	1.48	0.71	18.8753	17.4993	16.4219	15.0527	1
1012	17 19 14.405	-18 32 16.60	-0.22	1.64	1.41	1.63	18.1160	17.5254	17.3746	17.0033	1
1016	17 19 09.217	-18 30 32.39	0.74	2.39	1.48	0.74	18.8573	17.5015	16.4484	15.0256	1
1018	17 19 10.517	-18 31 31.73	-0.06	1.90	1.09	1.15	18.3710	17.1920	16.8894	16.3885	1
1019	17 19 11.963	-18 31 25.65	0.63	2.19	1.43	0.79	18.6555	17.4585	16.5056	15.0796	1
1024	17 19 11.361	-18 30 15.17	1.17	3.62	1.94	0.77	20.0877	17.9186	16.4619	15.0041	1
1026	17 19 16.305	-18 31 25.42	-0.01	1.83	0.97	0.98	18.3049	17.0604	16.7103	16.2862	1
1027	17 19 14.092	-18 29 32.36	1.19	3.73	2.04	0.85	20.1912	18.0257	16.5473	14.8796	1
1030	17 19 12.073	-18 32 02.61	0.01	1.92	0.89	0.88	18.3920	16.9837	16.6147	16.1194	1
1036	17 19 11.544	-18 30 39.13	-0.00	1.59	0.78	0.78	18.0591	16.8720	16.5184	16.1089	1
1039	17 19 11.629	-18 31 10.58	-0.04	1.60	0.94	0.99	18.0710	17.0393	16.7217	16.1024	1
1043	17 19 14.802	-18 31 23.95	0.72	2.28	1.47	0.76	18.7427	17.4994	16.4680	15.1498	1
1047	17 19 15.559	-18 31 30.30	-0.10	1.79	1.20	1.30	18.2678	17.3007	17.0396	16.6408	1
1049	17 19 14.820	-18 30 38.43	0.69	2.23	1.47	0.78	18.7006	17.4998	16.4945	15.1739	1
1051	17 19 14.303	-18 31 39.47	0.01	1.78	0.78	0.77	18.2506	16.8672	16.5046	16.0733	1
1052	17 19 09.810	-18 30 03.16	0.07	1.72	0.71	0.64	18.1954	16.7988	16.3757	15.7318	1
1053	17 19 08.176	-18 30 13.37	-0.07	2.02	1.06	1.13	18.4923	17.1541	16.8641	16.4028	1
1054	17 19 11.822	-18 31 26.17	0.68	2.23	1.45	0.77	18.7004	17.4787	16.4834	15.1835	1
1059	17 19 13.944	-18 31 17.47	0.56	2.15	1.37	0.82	18.6175	17.4150	16.5352	15.2355	1
1064	17 19 13.152	-18 32 10.66	0.62	2.22	1.42	0.79	18.6925	17.4513	16.5074	15.2125	1
1067	17 19 11.315	-18 31 31.10	0.75	2.18	1.51	0.77	18.6450	17.5340	16.4755	15.2129	1
1069	17 19 15.652	-18 31 36.95	0.64	2.26	1.47	0.83	18.7267	17.5026	16.5398	15.1953	1
1074	17 19 14.274	-18 30 33.98	-0.08	1.63	1.23	1.30	18.1041	17.3255	17.0401	16.3732	1
1075	17 19 06.290	-18 30 49.65	-0.03	1.93	0.95	0.98	18.4028	17.0470	16.7150	16.1308	1
1077	17 19 15.341	-18 30 43.70	0.04	1.83	0.81	0.78	18.3054	16.9027	16.5111	15.9386	1
1079	17 19 07.880	-18 30 45.88	0.01	1.83	1.09	1.07	18.3031	17.1775	16.8067	16.4235	1
1083	17 19 14.089	-18 31 08.08	0.78	2.20	1.59	0.81	18.6635	17.6075	16.5211	15.2225	1
1086	17 19 08.450	-18 31 37.50	0.84	2.39	1.63	0.78	18.8515	17.6409	16.4912	15.1610	1
1091	17 19 11.590	-18 30 20.82	0.69	2.35	1.54	0.85	18.8134	17.5649	16.5615	15.1632	1
1103	17 19 08.389	-18 31 33.44	0.03	2.00	0.91	0.88	18.4701	16.9981	16.6110	15.9786	1
1113	17 19 13.324	-18 30 07.78	0.05	2.03	0.84	0.79	18.4993	16.9303	16.5234	15.8267	1
1119	17 19 10.525	-18 30 32.36	0.64	2.27	1.51	0.88	18.7360	17.5461	16.5887	15.2423	1
1120	17 19 13.292	-18 31 07.48	-0.13	1.42	1.18	1.31	17.8915	17.2840	17.0501	16.3182	0
1122	17 19 13.662	-18 30 57.07	-0.08	1.87	1.32	1.41	18.3447	17.4221	17.1430	16.7408	1
1127	17 19 08.786	-18 31 17.82	-0.02	1.91	0.99	1.01	18.3784	17.0850	16.7422	16.2523	1
1130	17 19 13.102	-18 31 28.51	0.63	2.22	1.53	0.89	18.6845	17.5615	16.6086	15.3450	1
1141	17 19 08.290	-18 30 12.14	-0.12	1.85	1.51	1.63	18.3278	17.6135	17.3732	16.8715	1
1143	17 19 06.355	-18 30 39.96	0.03	1.87	0.92	0.89	18.3461	17.0130	16.6251	16.1845	1
1146	17 19 15.176	-18 30 55.70	0.01	1.82	0.85	0.84	18.2928	16.9440	16.5786	16.1129	1
1154	17 19 10.349	-18 30 50.39	0.60	2.05	1.46	0.85	18.5145	17.4909	16.5651	15.6857	1
1157	17 19 08.595	-18 30 24.12	0.01	1.93	1.04	1.03	18.4030	17.1356	16.7657	16.2290	1
1163	17 19 08.430	-18 29 48.09	0.93	2.95	1.81	0.88	19.4195	17.8136	16.5808	15.1900	1
1168	17 19 09.627	-18 29 37.80	0.66	2.26	1.56	0.90	18.7294	17.5892	16.6110	15.3145	1
1175	17 19 11.234	-18 30 42.97	0.32	2.08	1.44	1.12	18.5541	17.5058	16.8481	15.7247	1
1181	17 19 12.752	-18 31 16.22	0.58	2.19	1.51	0.92	18.6561	17.5438	16.6397	15.3878	1
1183	17 19 13.281	-18 31 34.18	0.67	2.29	1.53	0.87	18.7579	17.5648	16.5821	15.4075	1
1190	17 19 11.406	-18 29 49.12	0.15	1.83	0.85	0.70	18.2987	16.9328	16.4312	15.8586	1
1191	17 19 14.840	-18 31 49.78	0.57	2.23	1.54	0.97	18.6993	17.5785	16.6815	15.3865	1
1193	17 19 06.454	-18 30 53.33	-0.09	1.74	1.19	1.28	18.2124	17.2916	17.0188	16.4880	1
1194	17 19 14.881	-18 30 45.10	-0.11	1.75	1.09	1.20	18.2214	17.1885	16.9374	16.4788	1
1198	17 19 08.964	-18 31 30.83	0.06	1.90	1.05	0.99	18.3689	17.1414	16.7246	16.2048	1
1199	17 19 07.505	-18 31 39.54	0.05	2.08	1.06	1.01	18.5504	17.1511	16.7424	16.2385	1
1201	17 19 14.475	-18 31 34.53	0.56	2.37	1.57	1.01	18.8340	17.6096	16.7253	15.4226	1
1204	17 19 17.121	-18 31 06.70	0.66	2.42	1.60	0.94	18.8871	17.6294	16.6540	15.3358	1
1205	17 19 16.411	-18 30 28.24	-0.03	1.86	1.55	1.57	18.3349	17.6399	17.3070	16.8281	1
1209	17 19 15.242	-18 31 51.82	0.69	2.37	1.61	0.92	18.8376	17.6398	16.6345	15.3208	1
1217	17 19 08.977	-18 30 49.87	-0.08	83.53	0.68	0.76	99.9999	16.7819	16.5010	15.9759	1
1220	17 19 10.519	-18 30 53.70	0.65	2.26	1.57	0.92	18.7249	17.5994	16.6348	15.3857	1
1221	17 19 11.009	-18 29 49.11	0.68	2.53	1.64	0.97	19.0014	17.6727	16.6774	15.3106	1
1224	17 19 05.837	-18 31 34.54	-0.10	1.92	1.21	1.31	18.3929	17.3076	17.0456	16.6281	1
1225	17 19 08.448	-18 31 06.75	0.02	1.76	0.94	0.92	18.2373	17.0282	16.6538	16.1377	1
1227	17 19 11.962	-18 31 33.35	0.69	2.32	1.69	0.99	18.7912	17.7133	16.7027	15.4055	1
1228	17 19 12.016	-18 30 22.41	0.60	2.33	1.63	1.03	18.7969	17.6664	16.7460	15.3747	1
1229	17 19 13.300	-18 30 41.56	0.57	2.12	1.52	0.95	18.5878	17.5549	16.6624	15.3655	1
1248	17 19 16.358	-18 31 01.04	-0.07	1.89	1.04	1.11	18.3682	17.1373	16.8501	16.3662	1
1250	17 19 13.881	-18 30 13.98	0.09	83.53	1.00	0.91	99.9999	17.0866	16.6440	16.0716	1
1252	17 19 13.815	-18 31 31.83	-0.10	1.57	0.87	0.97	18.0421	16.9762	16.7097	16.1484	1
1256	17 19 16.282	-18 31 37.28	-0.04	1.79	0.91	0.95	18.2613	17.0058	16.6828	16.2326	1
1257	17 19 09.918	-18 30 54.89	-0.05	1.64	0.96	1.02	18.1104	17.0593	16.7535	16.1511	1
1260	17 19 12.724	-18 29 31.66	0.07	2.14	1.14	1.07	18.6121	17.2252	16.8056	16.2631	1
1266	17 19 10.725	-18 32 27.38	0.08	2.15	1.09	1.00	18.6212	17.1727	16.7369	16.1735	1
1275	17 19 10.184	-18 29 33.30	-0.01	1.81	0.95	0.96	18.2806	17.0437	16.6973	16.2801	1
1281	17 19 12.883	-18 29 59.72	0.59	2.34	1.64	1.05	18.8111	17.6810	16.7678	15.3888	1
1287	17 19 14.264	-18 30 41.35	0.61	2.48	1.64	1.03	18.9456	17.6718	16.7451	15.4170	1
1289	17 19 10.808	-18 30 30.93	0.08	1.73	1.17	1.08	18.2042	17.2507	16.8149	16.1787	1
1298	17 19 14.994	-18 29 53.89	0.69	83.53	1.75	1.06	99.9999	17.7783	16.7676	15.3918	1
1301	17 19 10.404	-18 31 52.70	0.55	2.40	1.69	1.14	18.8664	17.7351	16.8562	15.4650	1
1311	17 19 16.240	-18 30 42.74	-0.09	1.88	1.15	1.24	18.3582	17.2499	16.9808	16.5828	1
1313	17 19 08.533	-18 31 33.10	0.76	2.63	1.81	1.05	19.0948	17.8327	16.7598	15.3730	1
1314	17 19 16.365	-18 30 38.55	0.68	2.43	1.74	1.06	18.8975	17.7716	16.7754	15.4441	1
1315	17 19 07.581	-18 32 09.00	0.02	2.10	1.24	1.22	18.5681	17.3284	16.9567	16.4820	1
1319	17 19 10.793	-18 31 18.66	1.05	2.31	2.05	1.00	18.7730	18.0424	16.6949	15.5628	1
1326	17 19 14.068	-18 32 04.15	0.68	2.55	1.74	1.05	19.0199	17.7653	16.7654	15.4695	1
1329	17 19 08.822	-18 30 21.60	-0.21	2.04	1.80	2.01	18.5134	17.9123	17.7498	17.1481	0
1331	17 19 09.695	-18 31 08.08	-0.19	1.91	1.50	1.69	18.3892	17.6147	17.4332	16.9639	1
1333	17 19 16.516	-18 30 25.19	0.67	2.55	1.75	1.08	19.0207	17.7782	16.7892	15.4433	1
1336	17 19 13.388	-18 30 07.63	0.78	2.55	1.86	1.08	19.0202	17.8779	16.7852	15.4560	1
1343	17 19 07.285	-18 31 28.79	-0.07	1.92	1.29	1.37	18.3932	17.3933	17.1061	16.6655	1
1350	17 19 10.172	-18 31 21.41	0.64	2.46	1.71	1.08	18.9247	17.7433	16.7886	15.5476	1
1351	17 19 10.108	-18 30 42.96	0.39	2.33	1.70	1.32	18.7967	17.7602	17.0393	15.5939	0
1357	17 19 13.713	-18 29 51.69	0.10	2.13	1.10	1.00	18.6031	17.1834	16.7332	16.1272	1
1360	17 19 09.000	-18 31 17.38	-0.08	1.97	1.21	1.28	18.4461	17.3075	17.0221	16.5077	1
1367	17 19 06.011	-18 30 05.26	0.76	2.71	1.86	1.09	19.1722	17.8794	16.8029	15.4612	1
1372	17 19 08.823	-18 30 40.41	0.50	2.34	1.69	1.19	18.8109	17.7318	16.9062	15.6006	1
1385	17 19 09.523	-18 29 48.91	0.76	2.72	1.89	1.13	19.1895	17.9069	16.8358	15.4854	1
1388	17 19 15.171	-18 30 32.41	-0.04	2.00	1.25	1.29	18.4699	17.3424	17.0267	16.5825	1
1392	17 19 16.121	-18 30 18.66	-0.08	2.03	1.83	1.91	18.5047	17.9311	17.6520	17.1829	1
1394	17 19 11.681	-18 30 17.56	0.68	2.71	1.81	1.14	19.1782	17.8438	16.8503	15.5092	1
1401	17 19 13.899	-18 30 12.54	0.77	83.53	1.94	1.17	99.9999	17.9631	16.8829	15.4891	1
1404	17 19 11.655	-18 32 21.39	0.09	1.93	0.94	0.85	18.4037	17.0261	16.5831	16.0136	1
1405	17 19 12.369	-18 30 26.24	0.09	1.89	1.75	1.66	18.3595	17.8363	17.3960	16.9082	1
1406	17 19 10.776	-18 32 21.78	0.68	2.69	1.83	1.16	19.1601	17.8629	16.8703	15.5086	1
1415	17 19 08.437	-18 30 35.09	-0.23	2.05	2.24	2.47	18.5297	18.3541	18.2114	17.7046	1
1417	17 19 10.328	-18 31 25.03	-0.14	1.80	1.37	1.51	18.2790	17.4712	17.2499	16.8439	1
1422	17 19 13.793	-18 31 15.85	0.68	2.59	1.81	1.14	19.0613	17.8437	16.8493	15.6155	1
1429	17 19 06.221	-18 30 31.48	-0.07	2.03	1.26	1.33	18.5064	17.3629	17.0702	16.6088	1
1430	17 19 14.162	-18 29 45.03	0.90	2.81	2.07	1.17	19.2763	18.0773	16.8752	15.4929	1
1431	17 19 11.614	-18 32 19.37	0.67	2.66	1.89	1.21	19.1260	17.9180	16.9263	15.5223	1
1435	17 19 14.097	-18 31 28.15	0.57	2.60	1.81	1.24	19.0697	17.8450	16.9544	15.6073	1
1440	17 19 09.514	-18 31 27.53	-0.02	1.85	1.41	1.43	18.3192	17.5024	17.1641	16.6546	1
1441	17 19 11.048	-18 32 08.76	0.76	2.82	1.97	1.21	19.2842	17.9924	16.9159	15.5201	1
1442	17 19 08.374	-18 32 21.50	0.77	2.75	1.93	1.17	19.2187	17.9551	16.8749	15.4781	1
1443	17 19 08.828	-18 31 51.41	0.78	2.73	1.96	1.18	19.2000	17.9751	16.8841	15.5550	1
1453	17 19 08.129	-18 30 41.42	0.57	2.58	1.87	1.30	19.0486	17.9061	17.0164	15.5886	1
1459	17 19 17.310	-18 31 23.45	-0.13	1.89	1.75	1.88	18.3606	17.8579	17.6222	17.1982	1
1463	17 19 11.244	-18 30 13.27	-0.16	1.92	1.34	1.50	18.3935	17.4510	17.2397	16.8349	1
1469	17 19 14.859	-18 30 21.33	-0.09	1.82	1.99	2.08	18.2905	18.0905	17.8169	17.3391	1
1472	17 19 10.696	-18 31 14.60	-0.17	1.74	1.39	1.56	18.2100	17.5001	17.3005	17.1537	1
1476	17 19 10.000	-18 30 33.85	0.50	2.68	1.82	1.32	19.1440	17.8638	17.0372	15.5693	1
1495	17 19 07.249	-18 31 26.15	0.70	2.68	1.95	1.25	19.1430	17.9767	16.9598	15.6133	1
1498	17 19 16.382	-18 29 59.04	-0.17	2.03	1.93	2.10	18.5089	18.0343	17.8374	17.4555	1
1501	17 19 10.827	-18 30 29.61	0.59	83.53	1.88	1.29	99.9999	17.9202	17.0098	15.6249	1
1503	17 19 14.843	-18 31 39.98	0.59	2.51	1.85	1.26	18.9811	17.8910	16.9778	15.7179	1
1504	17 19 05.646	-18 30 46.50	-0.06	2.08	1.35	1.41	18.5563	17.4484	17.1435	16.6306	1
1506	17 19 07.275	-18 30 49.88	0.72	2.74	1.96	1.24	19.2085	17.9879	16.9502	15.6466	1
1508	17 19 12.849	-18 31 54.14	0.69	2.68	1.97	1.28	19.1516	17.9988	16.9935	15.7762	1
1524	17 19 07.570	-18 31 28.95	0.66	2.82	1.95	1.29	19.2886	17.9830	17.0031	15.6858	1
1527	17 19 15.167	-18 30 56.91	-0.09	1.84	1.54	1.63	18.3093	17.6379	17.3678	17.0721	1
1543	17 19 11.608	-18 31 50.83	0.66	2.77	1.96	1.30	19.2384	17.9942	17.0160	15.7165	1
1555	17 19 15.926	-18 30 16.05	0.65	2.83	1.98	1.34	19.2999	18.0134	17.0488	15.6817	1
1561	17 19 06.042	-18 31 48.69	0.91	3.34	2.23	1.32	19.8092	18.2378	17.0293	15.6715	1
1562	17 19 08.075	-18 31 33.54	-0.15	1.75	1.83	1.97	18.2279	17.9352	17.7149	17.3286	1
1564	17 19 14.178	-18 30 16.54	-0.07	1.92	1.69	1.76	18.3975	17.7897	17.4952	17.0771	1
1570	17 19 05.740	-18 30 05.31	0.72	2.92	2.06	1.34	19.3899	18.0873	17.0541	15.6788	1
1575	17 19 08.703	-18 29 39.44	0.71	2.67	2.02	1.31	19.1345	18.0453	17.0239	15.7905	1
1580	17 19 16.473	-18 31 11.91	0.64	2.65	2.00	1.37	19.1157	18.0343	17.0796	15.7648	1
1587	17 19 13.619	-18 29 54.54	0.55	2.77	2.00	1.45	19.2425	18.0408	17.1700	15.7938	1
1593	17 19 16.364	-18 30 02.70	-0.07	1.98	2.02	2.09	18.4542	18.1153	17.8271	17.6315	1
1594	17 19 09.452	-18 31 28.42	-0.11	1.88	1.47	1.58	18.3544	17.5725	17.3214	16.9503	1
1595	17 19 14.752	-18 29 47.61	-0.03	2.11	1.46	1.49	18.5795	17.5565	17.2309	16.7550	1
1600	17 19 06.563	-18 31 03.04	1.02	3.77	2.43	1.40	20.2387	18.4229	17.1043	15.6481	1
1604	17 19 09.984	-18 31 03.87	0.60	2.54	1.98	1.38	19.0111	18.0122	17.0900	15.7748	1
1605	17 19 10.003	-18 31 21.47	-0.08	2.05	1.82	1.90	18.5188	17.9160	17.6360	17.1089	1
1610	17 19 05.648	-18 30 26.79	0.73	2.94	2.11	1.38	19.4027	18.1307	17.0912	15.7217	1
1612	17 19 09.047	-18 31 56.07	-0.08	2.08	1.69	1.77	18.5531	17.7885	17.5031	17.1579	1
1615	17 19 07.661	-18 30 24.69	0.67	2.80	2.05	1.37	19.2649	18.0751	17.0843	15.7639	1
1617	17 19 04.996	-18 30 43.85	0.66	2.79	2.08	1.42	19.2548	18.1099	17.1281	15.7459	1
1619	17 19 08.616	-18 30 26.00	0.74	2.69	2.14	1.39	19.1556	18.1593	17.1035	15.8252	1
1625	17 19 16.049	-18 30 01.28	0.66	2.76	2.02	1.36	19.2315	18.0541	17.0751	15.8021	1
1629	17 19 05.541	-18 31 00.67	-0.00	2.04	1.26	1.26	18.5113	17.3537	16.9965	16.5171	1
1648	17 19 10.573	-18 31 23.11	0.61	2.73	2.04	1.43	19.2023	18.0742	17.1412	15.8573	1
1654	17 19 11.677	-18 31 29.89	0.63	2.71	2.07	1.44	19.1790	18.1019	17.1535	15.9018	1
1672	17 19 07.636	-18 31 50.70	0.66	2.80	2.12	1.45	19.2718	18.1469	17.1651	15.8173	1
1674	17 19 14.721	-18 30 38.23	0.66	2.97	2.07	1.42	19.4360	18.1035	17.1290	15.8177	1
1675	17 19 14.667	-18 31 43.70	0.95	3.90	2.37	1.42	20.3636	18.3732	17.1250	15.7222	1
1682	17 19 14.514	-18 30 17.78	0.68	2.84	2.18	1.50	19.3118	18.2113	17.2124	15.8083	1
1685	17 19 11.334	-18 30 33.37	0.31	2.64	2.05	1.74	19.1096	18.1133	17.4610	16.1674	0
1688	17 19 10.805	-18 31 19.71	0.76	2.82	2.16	1.41	19.2852	18.1861	17.1177	15.8923	1
1697	17 19 12.379	-18 30 05.67	0.76	2.76	2.22	1.47	19.2284	18.2450	17.1748	16.0871	1
1701	17 19 12.993	-18 31 42.11	0.64	2.73	2.11	1.46	19.2027	18.1386	17.1758	16.0438	1
1703	17 19 07.922	-18 30 01.75	-0.24	2.47	2.41	2.65	18.9464	18.5257	18.3903	17.9770	1
1717	17 19 10.957	-18 29 43.63	-0.08	2.12	1.92	2.01	18.5937	18.0221	17.7439	17.3635	1
1718	17 19 11.980	-18 30 33.23	0.19	2.13	2.30	2.11	18.5973	18.3727	17.8358	17.3846	1
1726	17 19 11.920	-18 30 15.12	0.61	2.86	2.08	1.46	19.3265	18.1101	17.1752	15.9169	1
1735	17 19 11.308	-18 30 17.31	0.73	2.99	2.20	1.47	19.4582	18.2273	17.1833	15.8993	1
1747	17 19 14.826	-18 31 44.97	-0.19	1.98	2.04	2.23	18.4592	18.1537	17.9722	17.7460	1
1763	17 19 11.286	-18 32 21.95	0.73	3.03	2.25	1.51	19.4977	18.2700	17.2223	15.8852	1
1775	17 19 08.922	-18 31 21.77	0.83	3.04	2.35	1.52	19.5045	18.3662	17.2320	15.8696	1
1779	17 19 14.850	-18 29 58.14	-0.10	2.12	1.84	1.94	18.5982	17.9431	17.6757	17.3063	1
1783	17 19 13.351	-18 30 21.03	0.71	3.12	2.23	1.52	19.5857	18.2522	17.2289	15.9335	1
1796	17 19 07.936	-18 31 02.35	0.71	3.03	2.23	1.52	19.4946	18.2572	17.2349	15.9601	1
1801	17 19 08.721	-18 31 12.80	0.73	2.96	2.26	1.53	19.4305	18.2831	17.2363	15.9523	1
1807	17 19 10.064	-18 30 00.92	0.64	2.91	2.22	1.58	19.3802	18.2479	17.2887	16.0338	1
1813	17 19 09.579	-18 30 34.93	0.47	2.71	2.03	1.57	19.1789	18.0805	17.2846	16.2069	1
1815	17 19 09.898	-18 29 30.84	0.55	2.81	2.13	1.58	19.2810	18.1734	17.2981	16.0349	1
1832	17 19 14.602	-18 32 03.48	0.67	2.95	2.25	1.58	19.4190	18.2820	17.2903	16.0338	1
1844	17 19 05.538	-18 31 18.31	0.69	3.10	2.29	1.60	19.5651	18.3161	17.3145	16.0155	1
1853	17 19 13.336	-18 31 24.51	0.85	2.93	2.43	1.58	19.3993	18.4444	17.2893	16.1243	1
1855	17 19 15.290	-18 31 08.62	0.63	2.98	2.20	1.57	19.4433	18.2376	17.2865	16.0220	1
1858	17 19 11.358	-18 31 48.38	0.51	2.83	2.16	1.65	19.3017	18.2011	17.3674	16.0862	1
1872	17 19 16.563	-18 31 01.27	0.52	2.86	2.17	1.65	19.3265	18.2146	17.3637	16.0399	1
1875	17 19 14.364	-18 31 37.05	0.62	2.86	2.24	1.62	19.3325	18.2763	17.3324	16.0817	1
1877	17 19 09.073	-18 30 48.11	0.37	83.53	2.01	1.64	99.9999	18.0646	17.3608	16.0222	1
1882	17 19 11.633	-18 30 32.79	0.20	2.63	2.04	1.83	19.1021	18.1088	17.5620	16.5528	1
1895	17 19 11.617	-18 31 22.77	0.69	3.11	2.27	1.58	19.5759	18.2985	17.2906	16.0525	1
1896	17 19 09.310	-18 31 11.23	0.57	2.83	2.32	1.75	19.2989	18.3628	17.4695	16.3525	1
1900	17 19 13.329	-18 30 18.65	0.71	2.86	2.37	1.66	19.3266	18.3952	17.3729	16.0637	1
1901	17 19 06.106	-18 31 31.42	0.60	3.01	2.26	1.66	19.4790	18.3003	17.3790	16.0894	1
1908	17 19 14.106	-18 32 17.95	0.74	3.12	2.39	1.65	19.5898	18.4119	17.3634	16.0321	1
1913	17 19 07.955	-18 31 17.63	0.75	3.11	2.45	1.70	19.5776	18.4715	17.4076	16.0033	1
1915	17 19 06.666	-18 30 38.66	0.49	2.67	2.12	1.63	19.1399	18.1657	17.3500	16.3290	1
1942	17 19 05.579	-18 31 05.84	-0.18	2.58	2.62	2.80	19.0496	18.7269	18.5363	18.0227	1
1943	17 19 13.032	-18 32 07.92	0.63	2.97	2.29	1.66	19.4356	18.3274	17.3736	16.1375	1
1945	17 19 13.236	-18 30 39.53	0.64	2.99	2.36	1.72	19.4624	18.3917	17.4307	16.1256	1
1949	17 19 08.740	-18 30 59.59	0.58	3.26	2.24	1.66	19.7294	18.2776	17.3707	16.1325	1
1951	17 19 09.770	-18 30 10.35	0.59	2.98	2.30	1.71	19.4529	18.3342	17.4228	16.1098	1
1958	17 19 15.207	-18 30 22.67	0.53	3.05	2.29	1.76	19.5214	18.3338	17.4738	16.1185	1
1962	17 19 13.573	-18 30 55.72	1.04	3.18	2.63	1.59	19.6447	18.6267	17.2946	16.0595	1
1978	17 19 07.247	-18 30 40.57	0.21	83.53	1.93	1.72	99.9999	17.9979	17.4450	16.0895	0
1980	17 19 09.425	-18 30 55.80	0.67	3.06	2.39	1.73	19.5230	18.4247	17.4411	16.1366	1
1986	17 19 17.306	-18 31 06.73	0.73	3.16	2.42	1.69	19.6252	18.4463	17.4023	16.1173	1
1990	17 19 06.410	-18 31 25.56	0.06	2.89	2.00	1.94	19.3647	18.0858	17.6735	17.0091	1
1993	17 19 13.329	-18 30 22.09	0.75	3.02	2.44	1.69	19.4846	18.4655	17.4016	16.1645	1
2005	17 19 10.277	-18 30 20.30	0.75	3.16	2.47	1.72	19.6251	18.4919	17.4326	16.1463	1
2013	17 19 14.542	-18 32 13.78	-0.46	2.38	2.47	2.92	18.8524	18.6001	18.6725	17.6215	0
2018	17 19 08.356	-18 32 10.21	0.72	3.34	2.46	1.74	19.8101	18.4871	17.4521	16.1073	1
2022	17 19 08.101	-18 31 19.73	0.64	83.53	2.44	1.80	99.9999	18.4693	17.5146	16.0827	1
2027	17 19 06.882	-18 30 07.22	0.76	83.53	2.50	1.74	99.9999	18.5217	17.4488	16.2007	1
2028	17 19 09.569	-18 31 38.02	0.59	3.02	2.38	1.79	19.4918	18.4152	17.5048	16.2498	1
2032	17 19 16.697	-18 30 35.76	0.71	3.11	2.45	1.74	19.5730	18.4769	17.4509	16.1801	1
2033	17 19 12.272	-18 32 23.42	0.62	3.07	2.36	1.74	19.5408	18.3958	17.4583	16.2924	1
2034	17 19 10.967	-18 32 20.95	0.67	83.53	2.41	1.75	99.9999	18.4428	17.4601	16.1359	1
2036	17 19 11.587	-18 31 29.76	0.63	2.94	2.42	1.78	19.4116	18.4514	17.4976	16.2182	1
2037	17 19 14.456	-18 30 45.83	0.67	2.98	2.46	1.79	19.4497	18.4932	17.5042	16.1977	1
2038	17 19 09.532	-18 31 22.09	0.71	3.02	2.42	1.71	19.4833	18.4488	17.4210	16.1953	1
2044	17 19 11.217	-18 30 19.22	0.48	2.89	2.53	2.05	19.3546	18.5790	17.7660	16.6023	1
2047	17 19 05.938	-18 30 28.73	0.57	3.14	2.37	1.80	19.6101	18.4066	17.5115	16.1968	1
2056	17 19 13.883	-18 32 16.24	0.58	3.05	2.36	1.78	19.5142	18.4007	17.4957	16.2202	1
2065	17 19 13.991	-18 30 32.91	0.44	3.00	2.27	1.83	19.4708	18.3244	17.5493	16.2456	1
2070	17 19 16.848	-18 30 31.20	0.78	3.06	2.59	1.81	19.5271	18.6080	17.5162	16.1398	1
2081	17 19 08.410	-18 30 31.52	0.69	3.17	2.49	1.80	19.6333	18.5150	17.5125	16.1870	1
2084	17 19 06.638	-18 30 45.62	0.45	3.07	2.34	1.89	19.5407	18.3915	17.6074	16.3371	1
2092	17 19 14.261	-18 31 09.29	0.32	2.77	2.28	1.96	19.2429	18.3430	17.6870	16.2892	0
2095	17 19 05.337	-18 30 43.48	0.79	3.33	2.60	1.81	19.8008	18.6165	17.5193	16.1162	1
2115	17 19 07.474	-18 30 20.26	0.72	3.24	2.50	1.78	19.7102	18.5290	17.4931	16.2152	1
2119	17 19 11.441	-18 31 26.73	0.73	2.97	2.70	1.97	19.4355	18.7221	17.6753	16.3637	1
2130	17 19 14.673	-18 30 48.51	0.40	3.01	2.31	1.91	19.4828	18.3681	17.6355	16.3710	1
2131	17 19 05.275	-18 31 33.24	0.65	3.12	2.50	1.85	19.5927	18.5338	17.5619	16.4918	1
2138	17 19 06.672	-18 31 18.95	0.83	3.26	2.65	1.82	19.7219	18.6660	17.5290	16.2148	1
2142	17 19 08.022	-18 30 11.54	0.63	3.08	2.48	1.84	19.5506	18.5084	17.5546	16.3116	1
2158	17 19 09.715	-18 30 03.58	0.76	3.31	2.58	1.82	19.7733	18.5980	17.5287	16.2876	1
2168	17 19 11.685	-18 30 09.34	-0.10	3.03	2.40	2.50	19.5049	18.4995	18.2367	16.8392	0
2177	17 19 06.316	-18 31 07.43	0.81	3.17	2.93	2.12	19.6336	18.9486	17.8297	16.3249	1
2185	17 19 14.876	-18 30 56.09	0.61	3.07	2.45	1.85	19.5388	18.4896	17.5611	16.3570	1
2199	17 19 08.688	-18 32 15.75	-0.08	2.41	2.32	2.40	18.8868	18.4170	18.1370	17.8293	1
2203	17 19 08.268	-18 30 01.40	0.54	3.18	2.46	1.91	19.6463	18.4990	17.6310	16.3719	1
2205	17 19 05.120	-18 30 29.33	0.73	3.10	2.66	1.93	19.5714	18.6821	17.6363	16.4251	1
2225	17 19 13.962	-18 31 12.91	-0.29	2.81	2.06	2.35	19.2846	18.1842	18.0994	17.5030	0
2227	17 19 12.044	-18 30 18.40	0.27	3.10	2.49	2.22	19.5719	18.5543	17.9462	16.5757	0
2234	17 19 12.750	-18 31 52.37	0.64	3.20	2.53	1.89	19.6708	18.5622	17.6066	16.3794	1
2238	17 19 09.849	-18 31 33.59	0.36	3.17	2.43	2.07	19.6362	18.4887	17.7957	16.4247	0
2244	17 19 17.725	-18 30 38.44	0.59	3.28	2.55	1.95	19.7515	18.5847	17.6679	16.5073	1
2250	17 19 09.912	-18 31 21.51	0.75	3.39	2.63	1.89	19.8560	18.6560	17.5975	16.3103	1
2258	17 19 07.723	-18 29 58.63	0.70	3.04	2.60	1.90	19.5049	18.6318	17.6157	16.3933	1
2266	17 19 09.361	-18 30 00.84	0.72	3.18	2.63	1.91	19.6441	18.6561	17.6211	16.4111	1
2267	17 19 12.033	-18 30 31.25	0.44	3.10	2.56	2.12	19.5694	18.6128	17.8422	16.5071	1
2268	17 19 13.033	-18 31 16.93	0.55	2.92	2.44	1.89	19.3930	18.4784	17.6031	16.5820	1
2273	17 19 09.002	-18 31 24.95	0.71	3.33	2.64	1.93	19.7979	18.6630	17.6379	16.3474	1
2275	17 19 12.804	-18 32 06.83	0.60	3.23	2.52	1.92	19.6952	18.5601	17.6370	16.3730	1
2279	17 19 06.860	-18 30 57.54	0.12	2.75	2.17	2.04	19.2206	18.2465	17.7756	17.2558	1
2284	17 19 15.860	-18 30 36.70	0.42	2.99	2.43	2.01	19.4573	18.4817	17.7328	16.4552	1
2291	17 19 09.652	-18 30 41.48	0.53	3.54	2.50	1.97	20.0070	18.5401	17.6838	16.3422	1
2296	17 19 14.295	-18 30 24.82	0.59	3.31	2.51	1.92	19.7738	18.5492	17.6388	16.4320	1
2300	17 19 07.632	-18 29 45.21	0.60	3.20	2.56	1.97	19.6648	18.6014	17.6820	16.4347	1
2317	17 19 07.325	-18 31 13.74	0.61	3.53	2.57	1.96	19.9983	18.6032	17.6702	16.3971	1
2320	17 19 14.535	-18 29 58.78	0.80	3.62	2.73	1.93	20.0864	18.7504	17.6405	16.3661	1
2325	17 19 09.042	-18 32 08.41	0.62	3.32	2.62	2.00	19.7853	18.6564	17.7144	16.3742	1
2327	17 19 12.682	-18 30 29.51	0.40	3.06	2.42	2.02	19.5338	18.4781	17.7455	16.5577	1
2335	17 19 10.398	-18 31 40.75	0.66	3.34	2.65	2.00	19.8112	18.6854	17.7090	16.3613	1
2342	17 19 15.102	-18 30 27.32	0.66	3.42	2.67	2.00	19.8905	18.6961	17.7171	16.3575	1
2346	17 19 06.009	-18 31 35.09	0.67	3.48	2.66	1.99	19.9514	18.6905	17.7042	16.3711	1
2349	17 19 06.352	-18 31 50.60	0.78	83.53	2.74	1.97	99.9999	18.7633	17.6741	16.3854	1
2350	17 19 15.679	-18 30 32.20	0.65	3.30	2.64	1.98	19.7647	18.6688	17.6969	16.4202	1
2352	17 19 12.920	-18 31 20.70	0.68	3.14	2.64	1.96	19.6116	18.6725	17.6754	16.5467	1
2353	17 19 12.203	-18 30 25.51	-0.37	2.69	2.80	3.17	19.1634	18.9266	18.9141	99.9999	1
2354	17 19 13.502	-18 31 19.94	0.69	3.15	2.69	1.99	19.6212	18.7163	17.7056	16.5098	1
2369	17 19 07.639	-18 29 49.35	0.65	3.35	2.71	2.06	19.8215	18.7409	17.7709	16.4558	1
2378	17 19 12.861	-18 30 19.54	0.37	3.02	2.69	2.32	19.4945	18.7474	18.0400	16.6441	0
2381	17 19 12.988	-18 32 21.05	0.91	3.33	2.88	1.98	19.7983	18.8907	17.6813	16.4416	1
2382	17 19 14.345	-18 30 20.00	0.64	3.33	2.75	2.10	19.8018	18.7795	17.8158	16.3788	1
2389	17 19 14.775	-18 31 32.62	0.43	3.08	2.48	2.05	19.5535	18.5346	17.7740	16.5847	1
2398	17 19 05.065	-18 31 07.79	0.58	3.45	2.61	2.03	19.9210	18.6469	17.7437	16.4357	1
2426	17 19 10.138	-18 31 12.40	0.41	83.53	2.38	1.97	99.9999	18.4340	17.6885	16.6769	1
2427	17 19 11.320	-18 30 31.59	0.56	3.42	2.67	2.11	19.8919	18.7057	17.8223	16.3986	1
2433	17 19 11.552	-18 30 34.01	0.57	3.05	2.52	1.95	19.5207	18.5590	17.6684	16.5309	1
2440	17 19 13.290	-18 32 04.10	0.75	3.44	2.75	2.00	19.9059	18.7764	17.7107	16.5070	1
2446	17 19 09.546	-18 30 58.24	0.66	3.14	2.69	2.03	19.6082	18.7214	17.7450	16.5243	1
2449	17 19 13.263	-18 31 46.91	0.05	83.53	2.63	2.57	99.9999	18.7147	18.3073	16.9879	0
2460	17 19 14.332	-18 31 02.82	0.49	3.02	2.68	2.19	19.4849	18.7226	17.9060	17.1408	1
2463	17 19 13.476	-18 30 26.92	0.42	3.37	2.61	2.19	19.8440	18.6660	17.9099	16.4610	0
2469	17 19 12.421	-18 31 23.60	0.52	3.60	2.53	2.01	20.0675	18.5744	17.7325	16.5565	1
2487	17 19 05.989	-18 30 53.63	0.73	3.70	2.81	2.08	20.1638	18.8326	17.7922	16.4404	1
2489	17 19 08.375	-18 32 01.28	0.77	3.51	2.84	2.07	19.9733	18.8626	17.7770	16.4589	1
2491	17 19 13.963	-18 29 37.80	0.64	3.49	2.75	2.11	19.9602	18.7869	17.8277	16.4469	1
2494	17 19 10.702	-18 31 23.86	0.72	3.65	2.79	2.07	20.1128	18.8124	17.7801	16.4678	1
2495	17 19 08.705	-18 30 43.07	0.60	3.44	2.69	2.09	19.9113	18.7310	17.8070	16.4820	1
2497	17 19 11.343	-18 31 28.65	0.44	3.22	2.60	2.16	19.6858	18.6554	17.8812	16.5609	1
2500	17 19 17.151	-18 30 54.83	0.50	3.17	2.69	2.19	19.6402	18.7345	17.9053	16.5632	1
2502	17 19 13.126	-18 31 40.14	-0.10	2.22	2.16	2.27	18.6978	18.2638	18.0046	17.6442	1
2526	17 19 13.709	-18 31 21.27	0.54	2.88	2.73	2.19	19.3480	18.7743	17.9089	16.7493	1
2537	17 19 05.220	-18 31 17.32	0.15	1.96	2.32	2.17	18.4315	18.3981	17.9001	17.6208	1
2541	17 19 09.443	-18 32 17.54	0.70	3.56	2.79	2.09	20.0225	18.8190	17.8057	16.5321	1
2546	17 19 09.288	-18 31 44.40	0.52	3.46	2.66	2.14	19.9311	18.7079	17.8606	16.5163	1
2554	17 19 05.717	-18 31 06.15	-0.13	2.40	2.40	2.53	18.8755	18.5022	18.2701	17.8531	1
2566	17 19 15.277	-18 30 45.54	0.75	3.44	2.87	2.11	19.9075	18.8876	17.8246	16.5295	1
2585	17 19 07.256	-18 32 00.55	0.61	3.39	2.77	2.16	19.8589	18.8046	17.8751	16.5795	1
2588	17 19 13.958	-18 30 55.42	0.49	3.30	2.69	2.20	19.7648	18.7358	17.9210	16.9610	1
2591	17 19 16.090	-18 30 13.70	0.62	3.41	2.79	2.17	19.8735	18.8243	17.8804	16.7645	1
2593	17 19 09.465	-18 30 59.56	0.45	3.54	2.69	2.25	20.0131	18.7441	17.9663	16.6065	1
2627	17 19 12.989	-18 30 40.51	0.54	3.16	2.74	2.20	19.6251	18.7822	17.9160	16.6441	1
2637	17 19 15.436	-18 31 14.88	0.43	3.54	2.66	2.24	20.0055	18.7166	17.9560	16.5700	1
2651	17 19 06.891	-18 31 56.75	0.54	3.54	2.78	2.24	20.0095	18.8217	17.9609	16.6232	1
2656	17 19 06.097	-18 31 03.10	0.77	3.53	2.97	2.20	19.9928	18.9870	17.9060	16.5524	1
2663	17 19 17.129	-18 31 30.30	0.72	3.54	2.90	2.17	20.0085	18.9229	17.8852	16.7036	1
2669	17 19 09.926	-18 30 22.13	-0.16	2.87	2.85	3.01	19.3402	18.9526	18.7476	18.6528	1
2675	17 19 16.322	-18 30 47.21	-0.16	2.54	2.63	2.79	19.0172	18.7387	18.5346	18.1446	1
2690	17 19 07.969	-18 31 04.46	0.64	3.48	2.86	2.21	19.9498	18.8885	17.9248	16.6305	1
2697	17 19 11.170	-18 30 26.24	0.82	3.45	3.03	2.21	19.9137	19.0448	17.9168	16.6805	1
2718	17 19 07.345	-18 31 49.66	0.68	3.63	2.90	2.22	20.0950	18.9302	17.9295	16.6168	1
2724	17 19 09.375	-18 29 37.54	0.50	3.15	2.70	2.20	19.6230	18.7447	17.9172	16.7553	1
2727	17 19 15.935	-18 30 59.39	0.48	3.44	2.74	2.26	19.9083	18.7852	17.9749	16.7100	1
2731	17 19 16.801	-18 31 28.99	0.76	3.45	2.98	2.22	19.9202	18.9991	17.9307	16.6797	1
2741	17 19 07.898	-18 30 16.16	0.62	3.56	2.86	2.24	20.0318	18.8948	17.9573	16.6654	1
2755	17 19 11.351	-18 29 56.16	0.66	3.63	2.90	2.24	20.0927	18.9310	17.9501	16.6564	1
2772	17 19 12.801	-18 29 39.74	0.79	83.53	3.04	2.25	99.9999	19.0567	17.9612	16.6350	1
2776	17 19 10.959	-18 32 27.88	0.54	3.64	2.85	2.31	20.1076	18.8906	18.0289	16.6361	1
2795	17 19 07.064	-18 31 47.98	0.61	83.53	2.88	2.27	99.9999	18.9137	17.9861	16.6708	1
2803	17 19 13.434	-18 31 01.30	0.48	3.42	2.71	2.23	19.8880	18.7595	17.9529	16.8503	1
2826	17 19 10.202	-18 32 30.37	0.35	83.53	2.79	2.44	99.9999	18.8529	18.1635	99.9999	1
2830	17 19 12.862	-18 32 01.74	0.62	3.54	2.89	2.27	20.0061	18.9206	17.9803	16.7661	1
2833	17 19 13.252	-18 30 46.92	0.37	83.53	2.71	2.34	99.9999	18.7646	18.0607	16.7035	1
2848	17 19 11.494	-18 31 40.29	0.73	3.67	3.02	2.29	20.1410	19.0395	17.9972	16.6946	1
2854	17 19 10.263	-18 31 59.27	0.75	3.73	3.04	2.29	20.1971	19.0639	18.0046	16.7046	1
2860	17 19 12.064	-18 32 11.16	0.43	3.48	2.89	2.47	19.9461	18.9440	18.1869	16.9426	1
2869	17 19 06.937	-18 32 00.40	0.69	3.77	3.01	2.32	20.2369	19.0385	18.0306	16.6853	1
2874	17 19 09.150	-18 31 56.17	0.70	3.81	3.03	2.33	20.2752	19.0566	18.0378	16.6775	1
2883	17 19 07.578	-18 31 11.31	0.44	3.26	2.84	2.40	19.7338	18.8944	18.1193	16.9150	1
2894	17 19 12.721	-18 29 47.30	0.77	3.83	3.06	2.30	20.2953	19.0843	18.0069	16.7066	1
2899	17 19 08.730	-18 30 23.27	0.51	3.89	2.83	2.32	20.3549	18.8739	18.0384	16.8320	1
2902	17 19 06.428	-18 30 33.74	0.73	3.78	3.05	2.32	20.2487	19.0747	18.0352	16.7041	1
2906	17 19 14.949	-18 31 47.57	0.69	3.51	3.04	2.35	19.9736	19.0668	18.0615	16.8117	1
2918	17 19 13.856	-18 29 45.91	0.58	3.56	2.94	2.36	20.0313	18.9827	18.0767	16.8740	1
2924	17 19 08.886	-18 31 38.44	0.78	3.64	3.07	2.29	20.1039	19.0932	18.0031	16.7931	1
2951	17 19 13.988	-18 30 52.14	0.60	3.57	2.93	2.33	20.0352	18.9651	18.0420	16.7701	1
2966	17 19 12.001	-18 31 49.23	0.58	4.01	2.87	2.29	20.4758	18.9091	18.0076	16.7882	1
3006	17 19 12.571	-18 29 52.97	0.69	3.54	3.07	2.38	20.0074	19.0939	18.0905	16.9155	1
3022	17 19 12.555	-18 30 12.24	0.67	3.86	3.06	2.39	20.3268	19.0881	18.0983	16.7562	1
3024	17 19 16.523	-18 30 09.44	0.47	3.49	3.00	2.53	19.9586	19.0508	18.2478	16.8482	1
3027	17 19 14.045	-18 31 43.60	1.02	3.34	3.55	2.53	19.8008	19.5465	18.2342	17.0930	1
3044	17 19 09.767	-18 32 09.16	0.66	3.80	3.10	2.44	20.2696	19.1320	18.1521	16.7640	1
3046	17 19 14.793	-18 31 47.13	0.46	3.67	2.88	2.42	20.1434	18.9299	18.1386	16.9684	1
3062	17 19 15.413	-18 30 46.14	0.51	3.67	2.96	2.44	20.1364	19.0005	18.1595	16.9432	1
3072	17 19 06.884	-18 30 24.79	0.67	3.58	3.03	2.36	20.0502	19.0615	18.0762	16.9182	1
3074	17 19 14.755	-18 32 12.23	0.48	3.53	2.83	2.36	20.0029	18.8826	18.0768	16.9842	1
3086	17 19 17.481	-18 31 16.13	0.43	3.63	2.99	2.56	20.0976	19.0385	18.2760	16.8044	0
3127	17 19 10.321	-18 30 38.44	0.95	3.71	3.41	2.46	20.1803	19.4148	18.1621	16.7878	1
3146	17 19 14.473	-18 30 37.27	0.64	3.78	3.04	2.40	20.2499	19.0681	18.1116	16.8529	1
3171	17 19 14.019	-18 29 40.08	0.68	3.84	3.10	2.42	20.3040	19.1312	18.1305	16.9211	1
3173	17 19 12.048	-18 32 21.54	0.59	3.78	3.06	2.46	20.2503	19.0948	18.1799	16.8432	1
3178	17 19 13.102	-18 29 57.21	0.66	3.75	3.11	2.45	20.2192	19.1364	18.1600	16.9166	1
3182	17 19 12.622	-18 29 47.11	0.72	3.83	3.18	2.46	20.2995	19.2059	18.1682	16.8439	1
3189	17 19 14.224	-18 31 59.50	0.51	3.71	3.02	2.52	20.1836	19.0692	18.2363	16.8982	1
3202	17 19 08.458	-18 30 01.65	0.55	3.80	3.02	2.47	20.2645	19.0568	18.1860	16.9151	1
3206	17 19 10.904	-18 31 51.04	1.07	83.54	3.65	2.58	99.9999	19.6401	18.2802	16.7395	1
3221	17 19 07.661	-18 31 57.64	0.72	3.92	3.19	2.47	20.3898	19.2104	18.1781	16.8539	1
3222	17 19 17.170	-18 31 13.20	0.54	3.65	3.01	2.47	20.1176	19.0486	18.1869	16.9230	1
3226	17 19 14.451	-18 31 20.74	0.21	3.46	2.82	2.61	19.9286	18.8951	18.3411	17.6653	1
3259	17 19 11.947	-18 32 13.43	0.54	3.66	3.13	2.59	20.1320	19.1693	18.3039	17.1846	1
3260	17 19 05.777	-18 30 36.53	0.80	4.07	3.24	2.44	20.5408	19.2562	18.1435	16.9016	1
3270	17 19 07.171	-18 31 40.92	0.52	3.72	3.06	2.54	20.1884	19.1067	18.2567	16.9438	1
3275	17 19 11.872	-18 29 35.04	0.69	3.92	3.19	2.50	20.3900	19.2214	18.2126	16.8771	1
3295	17 19 09.918	-18 30 28.34	0.69	3.97	3.08	2.39	20.4376	19.1038	18.0985	17.0111	1
3303	17 19 07.684	-18 29 59.45	0.89	83.53	3.46	2.57	99.9999	19.4692	18.2790	16.8516	1
3309	17 19 14.685	-18 31 48.84	0.20	3.47	2.87	2.67	19.9437	18.9413	18.3999	17.3396	1
3318	17 19 08.430	-18 30 53.07	0.83	3.91	3.32	2.49	20.3793	19.3317	18.1921	16.9063	1
3339	17 19 13.297	-18 29 53.15	0.86	83.53	3.36	2.50	99.9999	19.3706	18.2065	16.8898	1
3351	17 19 15.222	-18 30 59.52	0.75	4.03	3.24	2.49	20.4983	19.2638	18.2026	16.9183	1
3364	17 19 08.894	-18 31 27.21	0.64	4.04	3.16	2.52	20.5044	19.1957	18.2347	16.9306	1
3367	17 19 05.348	-18 31 13.14	0.64	3.81	3.20	2.56	20.2737	19.2323	18.2776	16.9402	1
3375	17 19 16.715	-18 30 20.38	0.62	3.73	3.19	2.57	20.2005	19.2283	18.2844	16.9727	1
3399	17 19 10.590	-18 30 12.13	0.83	83.53	3.33	2.49	99.9999	19.3397	18.2001	17.0235	1
3409	17 19 06.997	-18 30 23.65	0.55	3.87	3.09	2.54	20.3392	19.1312	18.2542	16.9624	1
3413	17 19 08.863	-18 30 00.15	-0.23	83.53	2.99	3.21	99.9999	19.1019	18.9565	17.2945	0
3415	17 19 17.221	-18 31 22.41	0.67	3.83	3.18	2.51	20.2997	19.2112	18.2222	16.9422	1
3423	17 19 10.215	-18 31 57.08	0.66	3.91	3.20	2.55	20.3749	19.2346	18.2610	17.0865	1
3425	17 19 14.036	-18 31 10.14	0.69	3.75	3.18	2.50	20.2141	19.2091	18.2075	17.1575	1
3428	17 19 14.728	-18 30 09.10	0.90	4.01	3.46	2.56	20.4802	19.4644	18.2632	16.9252	1
3441	17 19 14.694	-18 30 41.33	0.37	3.63	3.02	2.65	20.1017	19.0802	18.3710	17.1109	1
3443	17 19 14.966	-18 31 22.87	0.69	4.09	3.26	2.57	20.5556	19.2888	18.2835	16.9275	1
3462	17 19 14.466	-18 30 48.61	0.64	3.73	3.21	2.57	20.1960	19.2430	18.2857	17.0121	1
3485	17 19 14.326	-18 32 02.86	0.19	3.64	3.20	3.02	20.1111	19.2790	18.7458	18.3241	1
3492	17 19 11.311	-18 30 10.75	0.83	4.08	3.38	2.55	20.5491	19.3908	18.2520	17.0283	1
3497	17 19 15.175	-18 31 01.66	0.71	3.75	3.19	2.48	20.2131	19.2178	18.1910	17.0804	1
3514	17 19 16.812	-18 30 46.06	0.69	4.05	3.27	2.58	20.5204	19.2949	18.2915	17.1008	1
3539	17 19 16.271	-18 30 09.84	0.60	3.68	3.20	2.60	20.1459	19.2354	18.3150	17.0962	1
3554	17 19 11.789	-18 30 36.85	0.19	3.19	3.07	2.88	19.6650	19.1441	18.6117	17.4709	0
3561	17 19 09.842	-18 29 43.55	1.01	4.79	3.59	2.58	21.2540	19.5900	18.2831	16.9875	1
3576	17 19 06.810	-18 30 43.77	0.48	4.12	3.06	2.58	20.5878	19.1087	18.3038	17.1354	1
3599	17 19 07.364	-18 30 41.24	-0.00	83.53	2.77	2.77	99.9999	18.8642	18.5074	18.3528	1
3600	17 19 12.975	-18 31 30.22	0.64	3.97	3.25	2.62	20.4337	19.2843	18.3296	17.0787	1
3612	17 19 15.095	-18 31 55.28	0.61	3.95	3.20	2.59	20.4178	19.2346	18.3061	17.1276	1
3617	17 19 12.453	-18 30 18.30	0.77	3.86	3.39	2.61	20.3262	19.4067	18.3220	17.1809	1
3630	17 19 12.273	-18 32 19.58	0.55	4.02	3.19	2.64	20.4934	19.2309	18.3610	17.0891	1
3644	17 19 16.785	-18 31 05.34	0.76	4.07	3.40	2.65	20.5381	19.4262	18.3587	17.0300	1
3653	17 19 08.319	-18 30 24.36	0.49	3.84	3.21	2.72	20.3089	19.2546	18.4380	17.0992	1
3664	17 19 11.756	-18 32 06.48	0.61	3.84	3.26	2.65	20.3053	19.2932	18.3602	17.0960	1
3672	17 19 07.335	-18 30 59.31	0.39	3.77	3.17	2.77	20.2424	19.2235	18.4954	17.1749	1
3675	17 19 06.586	-18 30 57.45	0.42	3.58	3.27	2.86	20.0545	19.3275	18.5768	17.4901	1
3681	17 19 13.630	-18 31 48.89	0.51	83.53	3.27	2.76	99.9999	19.3141	18.4792	17.0694	1
3689	17 19 10.357	-18 30 35.01	0.71	3.95	3.40	2.70	20.4154	19.4314	18.4108	17.1991	1
3694	17 19 17.311	-18 31 19.45	0.70	3.92	3.35	2.65	20.3895	19.3750	18.3617	17.1157	1
3699	17 19 08.274	-18 30 13.84	0.56	3.83	3.22	2.66	20.2988	19.2577	18.3753	17.1670	1
3705	17 19 07.482	-18 29 59.77	0.86	4.14	3.52	2.66	20.6072	19.5327	18.3705	17.0460	1
3714	17 19 05.674	-18 30 39.68	0.44	83.53	3.11	2.67	99.9999	19.1639	18.3949	17.0897	1
3736	17 19 09.084	-18 32 06.37	0.81	4.02	3.47	2.66	20.4820	19.4840	18.3696	17.0892	1
3738	17 19 09.340	-18 31 46.35	0.74	4.12	3.41	2.68	20.5868	19.4339	18.3854	17.0787	1
3743	17 19 17.090	-18 31 15.74	0.79	3.98	3.35	2.57	20.4497	19.3716	18.2752	17.2235	1
3772	17 19 14.357	-18 30 57.47	0.46	3.41	3.14	2.68	19.8789	19.1854	18.3995	17.4183	1
3809	17 19 10.818	-18 31 34.00	0.33	3.94	3.43	3.10	20.4100	19.4920	18.8243	18.5035	1
3856	17 19 08.270	-18 30 48.18	0.44	3.76	3.24	2.80	20.2315	19.2867	18.5152	17.7104	1
3878	17 19 08.406	-18 32 05.56	0.73	3.99	3.48	2.75	20.4573	19.5052	18.4603	17.2294	1
3891	17 19 07.103	-18 31 45.57	0.76	83.53	3.47	2.71	99.9999	19.4900	18.4198	17.1382	1
3892	17 19 11.238	-18 32 27.79	0.65	3.96	3.32	2.67	20.4295	19.3489	18.3789	17.1917	1
3906	17 19 10.042	-18 29 35.45	0.59	3.84	3.31	2.72	20.3080	19.3491	18.4368	17.2015	1
3908	17 19 15.353	-18 30 30.79	0.64	3.98	3.40	2.75	20.4458	19.4315	18.4678	17.2256	1
3911	17 19 08.140	-18 30 57.85	0.45	4.01	3.24	2.79	20.4809	19.2893	18.5133	17.1899	1
3914	17 19 14.218	-18 30 22.32	0.52	3.76	3.32	2.81	20.2276	19.3673	18.5245	17.3574	1
3916	17 19 08.216	-18 31 34.35	0.75	4.54	3.50	2.75	21.0034	19.5237	18.4616	17.1301	1
3921	17 19 09.271	-18 31 57.98	0.93	4.16	3.64	2.71	20.6276	19.6495	18.4158	17.1697	1
3994	17 19 10.660	-18 29 54.16	0.76	4.36	3.49	2.73	20.8238	19.5117	18.4388	17.2674	1
3998	17 19 14.361	-18 31 47.22	0.40	3.88	3.14	2.74	20.3458	19.1911	18.4585	17.3258	1
4003	17 19 06.144	-18 30 42.07	0.80	4.09	3.55	2.75	20.5560	19.5667	18.4604	17.2009	1
4011	17 19 08.065	-18 32 10.98	0.52	3.92	3.36	2.83	20.3875	19.3996	18.5487	17.2525	1
4041	17 19 13.712	-18 32 11.22	0.62	3.84	3.47	2.85	20.3046	19.5062	18.5614	17.2802	1
4054	17 19 06.956	-18 30 32.92	0.41	4.05	3.27	2.86	20.5190	19.3270	18.5817	17.2087	1
4091	17 19 08.986	-18 31 00.82	0.59	3.75	3.40	2.81	20.2211	19.4370	18.5238	17.3465	1
4093	17 19 14.701	-18 32 02.24	1.00	83.53	3.95	2.94	99.9999	19.9462	18.6441	17.1084	1
4104	17 19 10.498	-18 30 05.09	0.77	3.70	3.61	2.84	20.1640	19.6308	18.5480	17.3430	1
4117	17 19 07.128	-18 30 32.12	0.69	4.18	3.45	2.76	20.6428	19.4826	18.4756	17.3310	1
4134	17 19 12.292	-18 30 16.42	0.49	3.93	3.41	2.92	20.3958	19.4568	18.6420	17.4232	1
4203	17 19 11.874	-18 29 38.02	0.69	4.49	3.52	2.84	20.9543	19.5520	18.5495	17.2791	1
4212	17 19 14.660	-18 32 13.96	0.34	3.97	3.16	2.81	20.4428	19.2161	18.5384	17.6095	1
4214	17 19 11.127	-18 29 27.32	0.74	4.16	3.55	2.81	20.6268	19.5732	18.5165	17.3907	1
4219	17 19 07.246	-18 30 24.05	0.70	4.01	3.49	2.80	20.4743	19.5202	18.5087	17.4073	1
4225	17 19 05.381	-18 31 01.28	0.59	4.12	3.46	2.87	20.5874	19.5018	18.5859	17.2570	1
4231	17 19 08.109	-18 32 17.32	0.73	83.53	3.61	2.89	99.9999	19.6376	18.5972	17.2326	1
4237	17 19 15.221	-18 30 26.92	0.80	4.24	3.64	2.85	20.7091	19.6607	18.5534	17.2949	1
4263	17 19 07.600	-18 30 51.50	0.63	83.53	3.67	3.05	99.9999	19.7071	18.7614	17.1880	1
4282	17 19 13.813	-18 31 45.17	0.59	3.83	3.52	2.93	20.3017	19.5553	18.6458	17.6220	1
4287	17 19 06.539	-18 30 59.56	0.20	3.74	3.20	3.00	20.2148	19.2751	18.7319	17.5024	0
4290	17 19 15.748	-18 30 21.85	0.40	4.45	3.31	2.91	20.9162	19.3678	18.6315	17.3748	1
4295	17 19 13.073	-18 29 38.10	0.78	4.20	3.64	2.86	20.6635	19.6555	18.5691	17.2981	1
4317	17 19 14.644	-18 30 55.44	-0.05	3.71	3.24	3.29	20.1837	19.3418	19.0306	17.6066	0
4318	17 19 10.449	-18 31 38.47	0.60	4.06	3.56	2.96	20.5280	19.5923	18.6710	17.3292	1
4322	17 19 07.796	-18 31 55.46	0.70	4.10	3.66	2.96	20.5631	19.6916	18.6738	17.2850	1
4327	17 19 16.520	-18 31 33.96	0.56	4.05	3.49	2.93	20.5174	19.5303	18.6424	17.4439	1
4340	17 19 09.035	-18 31 28.98	0.73	4.12	3.58	2.84	20.5907	19.6000	18.5523	17.3677	1
4341	17 19 13.628	-18 32 01.24	0.60	4.26	3.45	2.85	20.7303	19.4840	18.5600	17.4121	1
4344	17 19 08.362	-18 31 21.12	0.72	4.51	3.60	2.88	20.9749	19.6253	18.5921	17.3280	1
4352	17 19 14.959	-18 31 46.59	0.54	4.18	3.38	2.84	20.6495	19.4227	18.5619	17.4446	1
4359	17 19 09.384	-18 31 08.76	0.52	4.16	3.46	2.93	20.6275	19.5006	18.6497	17.4292	1
4376	17 19 09.246	-18 30 25.42	0.89	4.38	3.78	2.89	20.8465	19.7939	18.5981	17.2917	1
4389	17 19 15.170	-18 31 05.94	1.01	4.25	3.86	2.85	20.7105	19.8563	18.5531	17.3529	1
4392	17 19 14.904	-18 29 48.74	0.76	4.33	3.65	2.89	20.7997	19.6708	18.5988	17.3232	1
4409	17 19 09.220	-18 30 58.13	0.65	4.13	3.56	2.91	20.5992	19.5892	18.6218	17.3570	1
4432	17 19 15.522	-18 30 35.34	0.35	4.09	3.42	3.06	20.5559	19.4769	18.7867	17.6135	1
4449	17 19 15.358	-18 31 43.81	1.01	83.53	3.90	2.89	99.9999	19.8970	18.5921	17.3398	1
4463	17 19 12.429	-18 31 46.58	0.46	3.75	3.58	3.12	20.2217	19.6297	18.8356	17.4539	1
4467	17 19 13.817	-18 31 29.09	0.59	3.89	3.55	2.96	20.3614	19.5898	18.6739	17.3942	1
4471	17 19 08.141	-18 30 36.60	0.31	4.21	3.20	2.89	20.6852	19.2608	18.6139	17.3736	1
4477	17 19 14.292	-18 30 13.06	0.83	4.19	3.73	2.90	20.6601	19.7418	18.6030	17.3941	1
4502	17 19 07.821	-18 31 14.15	0.66	4.26	3.52	2.85	20.7268	19.5459	18.5641	17.5026	1
4503	17 19 16.172	-18 30 47.64	0.65	4.38	3.57	2.92	20.8441	19.6042	18.6378	17.3651	1
4518	17 19 06.685	-18 29 55.90	0.59	4.24	3.59	3.00	20.7075	19.6277	18.7109	17.3368	1
4522	17 19 13.639	-18 32 18.98	0.57	4.10	3.46	2.89	20.5699	19.5038	18.6105	17.4444	1
4537	17 19 16.418	-18 30 10.50	0.26	3.85	3.37	3.11	20.3254	19.4358	18.8340	17.5218	0
4540	17 19 07.904	-18 31 21.38	0.54	4.18	3.47	2.93	20.6521	19.5162	18.6500	17.4814	1
4549	17 19 14.764	-18 29 56.29	1.02	4.96	3.99	2.96	21.4267	19.9839	18.6653	17.3075	1
4565	17 19 04.892	-18 30 50.14	0.75	4.26	3.70	2.96	20.7262	19.7259	18.6656	17.3823	1
4588	17 19 08.712	-18 31 19.23	0.34	4.22	3.35	3.01	20.6867	19.4071	18.7304	17.5378	1
4592	17 19 05.629	-18 30 57.72	0.52	4.18	3.50	2.98	20.6489	19.5441	18.6986	17.4792	1
4609	17 19 05.355	-18 30 36.27	0.93	4.61	3.75	2.82	21.0781	19.7558	18.5257	17.6093	1
4625	17 19 09.119	-18 32 22.22	0.63	4.36	3.59	2.96	20.8259	19.6239	18.6765	17.4543	1
4626	17 19 06.454	-18 30 39.65	0.61	4.18	3.49	2.88	20.6501	19.5284	18.5972	17.4589	1
4647	17 19 16.136	-18 30 35.33	0.79	83.53	3.74	2.95	99.9999	19.7621	18.6594	17.4205	1
4681	17 19 16.921	-18 31 05.19	0.57	4.35	3.64	3.07	20.8220	19.6807	18.7865	17.3537	1
4693	17 19 14.993	-18 29 49.92	0.46	4.17	3.50	3.04	20.6380	19.5463	18.7595	17.5048	1
4702	17 19 16.654	-18 30 27.03	0.44	4.14	3.43	2.99	20.6144	19.4768	18.7062	17.5679	1
4703	17 19 06.381	-18 31 42.64	0.57	4.12	3.62	3.04	20.5903	19.6545	18.7575	17.4516	1
4704	17 19 10.912	-18 32 14.16	0.77	4.43	3.68	2.91	20.8953	19.7036	18.6180	17.5163	1
4729	17 19 16.642	-18 31 07.95	0.27	4.08	3.45	3.18	20.5481	19.5151	18.9052	17.7030	1
4734	17 19 13.203	-18 31 52.77	0.74	4.30	3.69	2.95	20.7678	19.7172	18.6605	17.4776	1
4751	17 19 16.775	-18 30 09.09	0.71	4.23	3.73	3.02	20.7006	19.7552	18.7329	17.4719	1
4755	17 19 16.153	-18 30 40.25	0.45	4.06	3.55	3.10	20.5269	19.5993	18.8233	17.5816	1
4756	17 19 13.349	-18 29 39.16	0.74	4.52	3.71	2.97	20.9851	19.7307	18.6794	17.4435	1
4776	17 19 06.905	-18 31 22.90	0.49	4.13	3.78	3.29	20.5971	19.8265	19.0081	18.0706	1
4780	17 19 12.987	-18 29 58.09	0.34	4.04	3.42	3.08	20.5129	19.4790	18.8005	17.7544	1
4813	17 19 05.368	-18 31 33.86	1.41	83.54	4.53	3.12	99.9999	20.4950	18.8102	17.3846	1
4823	17 19 07.049	-18 31 13.88	0.79	4.34	3.74	2.95	20.8106	19.7630	18.6594	17.5002	1
4824	17 19 15.836	-18 30 44.26	0.60	3.98	3.65	3.05	20.4502	19.6831	18.7600	17.7577	1
4837	17 19 16.571	-18 31 19.86	0.80	83.53	3.93	3.13	99.9999	19.9473	18.8365	17.3850	1
4844	17 19 15.734	-18 31 32.45	0.55	4.30	3.66	3.11	20.7718	19.7046	18.8311	18.1209	1
4853	17 19 06.639	-18 30 04.69	-0.24	3.80	3.19	3.43	20.2774	19.3037	19.1683	18.1588	0
4869	17 19 14.461	-18 30 03.10	0.78	4.06	3.81	3.03	20.5279	19.8262	18.7361	17.4592	1
4872	17 19 14.695	-18 32 04.10	0.65	4.38	3.67	3.02	20.8433	19.6991	18.7309	17.5329	1
4891	17 19 16.417	-18 30 00.12	0.45	83.53	3.51	3.06	99.9999	19.5621	18.7841	17.5229	1
4903	17 19 15.626	-18 31 34.34	0.51	4.35	3.53	3.01	20.8142	19.5716	18.7325	17.6244	1
4904	17 19 11.877	-18 31 40.67	0.43	3.96	3.51	3.07	20.4340	19.5612	18.7951	17.7868	1
4910	17 19 07.896	-18 30 10.59	0.51	4.40	3.79	3.28	20.8642	19.8357	18.9974	17.4437	1
4920	17 19 09.835	-18 30 15.34	0.37	4.33	3.37	3.01	20.7959	19.4330	18.7319	17.5772	1
4930	17 19 07.021	-18 30 55.13	0.41	83.53	3.46	3.06	99.9999	19.5164	18.7764	17.6527	1
4931	17 19 09.789	-18 29 27.41	0.69	4.31	3.74	3.05	20.7743	19.7670	18.7645	17.5767	1
4933	17 19 08.180	-18 29 57.14	0.50	83.53	3.58	3.09	99.9999	19.6281	18.8049	17.4928	1
4945	17 19 16.932	-18 31 26.64	0.51	3.97	3.56	3.05	20.4411	19.6078	18.7704	17.5837	1
4946	17 19 07.279	-18 30 26.90	1.04	83.54	4.13	3.09	99.9999	20.1239	18.7848	17.4304	1
4948	17 19 16.506	-18 31 06.33	0.42	4.43	3.61	3.20	20.8983	19.6657	18.9168	17.4158	0
4973	17 19 07.376	-18 30 24.32	0.72	4.28	3.76	3.04	20.7501	19.7831	18.7481	17.5174	1
4981	17 19 11.260	-18 32 26.47	0.38	4.15	3.46	3.08	20.6244	19.5145	18.7972	17.6058	1
5005	17 19 16.776	-18 31 12.26	1.00	83.53	4.14	3.14	99.9999	20.1380	18.8449	17.4137	1
5026	17 19 06.652	-18 31 07.46	0.38	4.00	3.46	3.08	20.4677	19.5172	18.8071	17.8007	1
5035	17 19 11.473	-18 29 32.82	0.60	4.29	3.66	3.06	20.7608	19.6924	18.7730	17.6251	1
5056	17 19 09.400	-18 32 12.68	0.73	4.56	3.79	3.06	21.0222	19.8123	18.7683	17.5059	1
5065	17 19 08.750	-18 30 18.35	0.60	4.49	3.69	3.09	20.9542	19.7281	18.8050	17.5508	1
5090	17 19 10.859	-18 30 19.25	0.35	3.98	3.57	3.23	20.4465	19.6344	18.9496	17.8847	1
5118	17 19 17.511	-18 30 28.93	0.74	83.53	3.79	3.05	99.9999	19.8154	18.7615	17.5599	1
5120	17 19 07.598	-18 30 05.23	0.67	4.49	3.78	3.11	20.9620	19.8097	18.8261	17.5265	1
5125	17 19 09.464	-18 32 10.89	0.68	4.31	3.73	3.05	20.7771	19.7589	18.7663	17.6279	1
5161	17 19 11.077	-18 29 47.58	0.71	83.53	3.85	3.14	99.9999	19.8738	18.8460	17.4973	1
5169	17 19 10.956	-18 29 41.94	0.45	4.32	3.56	3.11	20.7860	19.6062	18.8293	17.8621	1
5210	17 19 09.878	-18 30 16.88	0.69	83.53	3.78	3.08	99.9999	19.8036	18.7966	17.5674	1
5232	17 19 14.085	-18 31 32.23	0.04	4.07	3.63	3.58	20.5438	19.7160	19.3173	18.5547	1
5246	17 19 14.178	-18 30 05.61	0.53	83.53	3.72	3.19	99.9999	19.7644	18.9105	17.5191	1
5257	17 19 10.572	-18 30 09.16	0.77	4.22	3.90	3.13	20.6887	19.9231	18.8429	18.1890	1
5278	17 19 05.839	-18 30 43.37	0.68	83.53	3.77	3.09	99.9999	19.7967	18.8023	17.6216	1
5294	17 19 12.476	-18 29 33.47	0.66	3.98	3.77	3.11	20.4457	19.8050	18.8241	18.0637	1
5304	17 19 15.454	-18 31 02.07	0.33	3.78	3.73	3.40	20.2519	19.7880	19.1212	17.7094	0
5330	17 19 14.620	-18 31 13.33	0.67	4.36	3.86	3.19	20.8282	19.8875	18.9022	17.5573	1
5346	17 19 08.115	-18 31 28.63	0.72	4.48	3.94	3.21	20.9473	19.9619	18.9251	17.5163	1
5350	17 19 14.373	-18 31 31.10	0.05	4.31	3.64	3.60	20.7841	19.7325	19.3284	17.7127	0
5436	17 19 16.649	-18 31 37.05	0.63	83.53	3.79	3.15	99.9999	19.8186	18.8675	18.0083	1
5486	17 19 08.485	-18 31 07.93	0.21	83.53	3.45	3.24	99.9999	19.5188	18.9640	17.6567	0
5487	17 19 12.567	-18 32 16.68	1.05	4.23	4.20	3.15	20.6933	20.1918	18.8488	17.6863	1
5511	17 19 12.502	-18 32 10.39	1.14	83.54	4.46	3.32	99.9999	20.4455	19.0125	17.5168	1
5536	17 19 16.056	-18 31 04.25	0.36	4.20	3.64	3.28	20.6693	19.6956	19.0017	17.6888	1
5554	17 19 12.365	-18 32 15.31	0.74	4.55	3.94	3.20	21.0144	19.9624	18.9085	17.6371	1
5564	17 19 15.514	-18 31 21.51	0.41	4.32	3.72	3.31	20.7940	19.7720	19.0267	17.7443	1
5634	17 19 10.994	-18 29 54.11	0.24	4.28	3.57	3.33	20.7557	19.6387	19.0576	17.7379	0
5636	17 19 15.309	-18 30 08.09	0.62	4.40	3.82	3.20	20.8694	19.8573	18.9144	17.7257	1
5647	17 19 14.834	-18 31 38.03	0.68	83.53	3.86	3.18	99.9999	19.8873	18.8874	17.7617	1
5650	17 19 15.156	-18 32 11.28	0.17	83.53	3.67	3.50	99.9999	19.7453	19.2303	18.7216	1
5671	17 19 09.901	-18 32 02.53	0.73	4.75	3.92	3.19	21.2133	19.9462	18.9013	17.6852	1
5680	17 19 09.575	-18 29 53.90	0.49	4.20	3.72	3.23	20.6709	19.7687	18.9530	17.9831	1
5705	17 19 15.728	-18 30 10.35	1.24	83.54	4.51	3.28	99.9999	20.4889	18.9701	17.5436	1
5742	17 19 17.179	-18 30 31.41	0.38	83.53	3.70	3.31	99.9999	19.7544	19.0370	17.7445	1
5756	17 19 13.884	-18 31 34.74	0.21	3.90	3.57	3.36	20.3694	19.6384	19.0871	17.9971	1
5759	17 19 09.857	-18 29 36.12	0.65	4.61	3.85	3.20	21.0753	19.8781	18.9099	17.8142	1
5767	17 19 13.503	-18 32 19.06	0.15	4.19	3.60	3.45	20.6617	19.6778	19.1762	17.9208	0
5823	17 19 08.328	-18 31 42.42	0.76	4.32	3.98	3.23	20.7843	20.0050	18.9357	17.8166	1
5845	17 19 09.754	-18 29 51.90	0.28	4.25	3.72	3.44	20.7226	19.7826	19.1663	17.8626	0
5847	17 19 07.220	-18 30 16.00	0.62	4.55	3.85	3.24	21.0227	19.8879	18.9513	17.7834	1
5859	17 19 07.990	-18 31 45.87	-0.03	83.53	3.39	3.42	99.9999	19.4885	19.1579	18.0730	0
5864	17 19 14.966	-18 30 17.38	0.04	83.53	3.65	3.61	99.9999	19.7341	19.3420	17.5772	0
5886	17 19 13.921	-18 32 04.87	0.23	83.53	3.65	3.42	99.9999	19.7250	19.1504	18.1280	1
5924	17 19 09.672	-18 32 10.48	0.65	4.37	3.93	3.28	20.8350	19.9573	18.9918	17.8086	1
5987	17 19 11.865	-18 32 29.30	0.69	4.57	3.92	3.23	21.0410	19.9504	18.9416	17.7429	1
5988	17 19 06.188	-18 30 53.22	0.90	83.53	4.20	3.31	99.9999	20.2131	19.0102	17.6564	1
5990	17 19 07.347	-18 30 21.82	0.65	83.53	3.91	3.25	99.9999	19.9379	18.9679	17.7679	1
5999	17 19 11.403	-18 32 08.25	0.51	83.53	3.84	3.34	99.9999	19.8891	19.0551	17.7330	1
6046	17 19 09.933	-18 29 57.88	0.37	83.53	3.73	3.36	99.9999	19.7863	19.0788	17.8829	1
6063	17 19 16.577	-18 31 38.66	0.49	83.53	3.79	3.30	99.9999	19.8383	19.0169	17.7195	1
6074	17 19 12.485	-18 31 44.37	0.28	4.37	3.71	3.43	20.8368	19.7773	19.1584	17.8615	0
6077	17 19 17.073	-18 31 36.83	0.47	4.52	3.76	3.28	20.9873	19.8041	19.0037	17.9220	1
6086	17 19 09.651	-18 32 12.88	0.87	4.70	4.14	3.27	21.1648	20.1487	18.9727	17.7483	1
6092	17 19 09.726	-18 31 37.54	0.49	4.31	3.85	3.36	20.7785	19.9002	19.0781	17.8071	1
6095	17 19 15.817	-18 31 31.09	0.75	4.87	3.97	3.23	21.3391	19.9949	18.9356	17.8550	1
6100	17 19 16.090	-18 31 06.32	0.76	4.45	4.10	3.33	20.9179	20.1166	19.0428	17.7672	1
6123	17 19 12.421	-18 31 48.26	0.86	4.34	4.14	3.28	20.8062	20.1497	18.9875	18.3438	1
6135	17 19 11.430	-18 30 20.15	0.82	4.67	4.13	3.31	21.1394	20.1430	19.0178	18.3551	1
6140	17 19 09.397	-18 30 19.74	0.43	4.23	3.91	3.48	20.7044	19.9587	19.1990	17.8602	1
6151	17 19 13.659	-18 29 37.10	0.86	4.68	4.17	3.31	21.1471	20.1808	19.0195	17.7589	1
6152	17 19 13.119	-18 31 31.12	0.50	4.31	3.81	3.31	20.7810	19.8567	19.0292	17.9667	1
6156	17 19 07.084	-18 31 05.94	0.66	4.59	4.01	3.36	21.0530	20.0435	19.0690	17.7322	1
6160	17 19 13.543	-18 30 00.72	0.00	4.15	3.89	3.89	20.6194	19.9835	19.6235	18.4534	0
6173	17 19 08.012	-18 30 26.91	0.51	83.53	3.85	3.34	99.9999	19.8977	19.0592	17.8560	1
6180	17 19 16.959	-18 31 27.95	0.04	83.53	3.31	3.27	99.9999	19.4010	19.0080	18.0086	0
6217	17 19 07.258	-18 30 31.54	0.45	4.48	3.75	3.30	20.9475	19.8047	19.0224	17.9449	1
6234	17 19 11.093	-18 32 06.21	0.59	4.56	3.79	3.20	21.0269	19.8282	18.9168	17.9324	1
6235	17 19 07.460	-18 31 07.89	0.52	4.49	3.82	3.31	20.9636	19.8673	19.0245	18.1329	1
6246	17 19 06.718	-18 31 14.75	0.60	4.41	3.97	3.37	20.8742	20.0031	19.0800	18.0954	1
6257	17 19 12.609	-18 32 11.83	0.09	4.21	3.97	3.89	20.6804	20.0585	19.6200	18.6187	0
6259	17 19 12.069	-18 29 27.40	0.64	4.45	3.96	3.32	20.9186	19.9916	19.0297	17.8860	1
6267	17 19 12.459	-18 29 57.41	0.59	4.11	4.06	3.47	20.5810	20.0991	19.1868	18.0873	1
6335	17 19 11.062	-18 30 03.09	0.16	83.53	3.64	3.48	99.9999	19.7139	19.2061	18.2972	1
6345	17 19 14.222	-18 31 28.81	0.63	83.53	3.96	3.33	99.9999	19.9977	19.0475	17.8568	1
6363	17 19 06.482	-18 30 27.63	0.74	83.53	4.05	3.31	99.9999	20.0771	19.0195	17.8809	1
6413	17 19 06.267	-18 30 44.33	0.66	4.51	3.95	3.29	20.9784	19.9782	19.0000	17.9081	1
6420	17 19 07.648	-18 32 11.57	0.66	83.53	3.85	3.19	99.9999	19.8799	18.8981	17.9754	1
6442	17 19 07.971	-18 30 05.32	0.41	4.39	3.87	3.46	20.8602	19.9279	19.1807	17.8412	1
6445	17 19 13.326	-18 30 24.56	0.60	4.94	3.96	3.36	21.4120	20.0003	19.0790	17.9006	1
6467	17 19 07.790	-18 31 33.23	0.79	4.66	4.21	3.42	21.1260	20.2294	19.1303	17.7863	1
6498	17 19 17.102	-18 31 39.85	0.87	83.53	4.52	3.64	99.9999	20.5263	19.3478	17.6865	1
6520	17 19 10.705	-18 31 46.25	0.59	4.50	3.92	3.33	20.9688	19.9572	19.0468	17.9492	1
6549	17 19 08.362	-18 30 08.03	0.66	4.69	3.98	3.32	21.1563	20.0133	19.0360	17.9638	1
6554	17 19 15.067	-18 31 58.05	0.66	4.46	3.99	3.33	20.9288	20.0219	19.0401	18.0957	1
6560	17 19 14.849	-18 31 11.55	0.44	83.53	3.90	3.46	99.9999	19.9544	19.1800	17.7989	1
6581	17 19 13.476	-18 31 58.14	0.49	83.53	3.88	3.39	99.9999	19.9216	19.1038	17.9728	1
6639	17 19 10.121	-18 29 28.65	0.45	4.27	3.78	3.34	20.7409	19.8323	19.0563	18.2760	1
6668	17 19 14.424	-18 32 09.78	0.38	4.35	3.87	3.49	20.8205	19.9274	19.2092	18.2913	1
6678	17 19 12.194	-18 29 49.66	0.48	83.53	3.88	3.40	99.9999	19.9287	19.1236	17.9987	1
6679	17 19 13.535	-18 31 36.25	0.61	4.32	4.08	3.48	20.7848	20.1186	19.1901	17.9535	1
6718	17 19 06.549	-18 29 55.93	0.50	4.61	4.08	3.58	21.0812	20.1245	19.2953	99.9999	1
6729	17 19 15.684	-18 31 50.06	0.46	4.61	4.04	3.58	21.0804	20.0859	19.2946	99.9999	1
6733	17 19 06.129	-18 30 24.10	0.68	4.93	4.02	3.34	21.3973	20.0507	19.0563	17.9228	1
6770	17 19 06.717	-18 31 25.34	0.65	4.49	4.20	3.54	20.9566	20.2288	19.2579	17.7982	1
6824	17 19 13.322	-18 32 22.29	0.68	4.56	4.05	3.36	21.0230	20.0742	19.0735	18.0785	1
6852	17 19 05.967	-18 30 57.76	1.13	5.04	4.55	3.43	21.4992	20.5413	19.1261	17.8502	1
6858	17 19 15.141	-18 32 03.96	0.57	4.53	4.02	3.44	20.9963	20.0555	19.1585	18.1724	1
6880	17 19 05.835	-18 31 28.52	0.52	83.53	3.96	3.43	99.9999	19.9988	19.1494	17.9204	1
6889	17 19 16.546	-18 31 44.30	0.24	83.53	3.73	3.49	99.9999	19.7974	19.2155	18.1123	1
6904	17 19 05.393	-18 30 32.68	0.67	83.53	4.12	3.46	99.9999	20.1517	19.1681	17.9532	1
6950	17 19 17.030	-18 30 12.19	0.10	83.53	3.84	3.75	99.9999	19.9252	19.4771	18.4727	0
6961	17 19 10.775	-18 31 58.86	1.01	4.61	4.50	3.49	21.0736	20.4982	19.1941	17.9083	1
6996	17 19 07.126	-18 31 10.22	0.43	4.50	3.95	3.51	20.9670	19.9992	19.2331	18.0979	1
7008	17 19 05.878	-18 31 42.98	0.63	4.57	4.11	3.47	21.0356	20.1394	19.1856	17.9603	1
7020	17 19 06.399	-18 31 16.96	0.91	83.53	4.28	3.37	99.9999	20.2892	19.0764	18.2370	1
7023	17 19 12.667	-18 29 26.53	0.28	83.53	3.76	3.49	99.9999	19.8312	19.2132	18.0995	1
7026	17 19 11.373	-18 31 56.53	0.43	4.57	4.02	3.60	21.0391	20.0750	19.3179	18.0284	1
7027	17 19 10.458	-18 29 31.63	0.60	4.65	4.07	3.47	21.1189	20.1054	19.1850	18.0085	1
7056	17 19 13.185	-18 29 40.13	0.31	4.51	4.09	3.77	20.9755	20.1485	19.4979	17.8030	0
7059	17 19 13.493	-18 30 11.93	0.41	83.53	3.94	3.53	99.9999	19.9936	19.2554	18.2704	1
7075	17 19 12.804	-18 29 45.89	0.51	83.53	4.04	3.53	99.9999	20.0829	19.2462	17.9240	1
7108	17 19 08.241	-18 30 54.71	0.41	83.53	3.92	3.51	99.9999	19.9771	19.2335	17.9838	1
7112	17 19 13.763	-18 31 33.72	0.32	4.15	3.77	3.45	20.6253	19.8366	19.1761	18.2622	1
7129	17 19 05.475	-18 31 20.77	0.61	4.72	4.10	3.48	21.1905	20.1301	19.1952	17.9684	1
7134	17 19 07.513	-18 31 58.64	0.53	4.56	4.04	3.50	21.0284	20.0808	19.2208	18.0701	1
7144	17 19 10.058	-18 29 30.92	0.19	83.53	3.74	3.55	99.9999	19.8162	19.2777	18.1724	1
7187	17 19 07.459	-18 29 55.32	0.49	83.53	4.11	3.62	99.9999	20.1595	19.3409	17.8733	1
7242	17 19 06.005	-18 30 38.92	0.73	4.66	4.28	3.55	21.1269	20.3005	19.2592	17.9340	1
7266	17 19 14.601	-18 29 52.19	0.43	83.53	3.98	3.55	99.9999	20.0299	19.2727	18.0198	1
7272	17 19 12.282	-18 29 28.08	0.52	4.61	4.02	3.50	21.0763	20.0617	19.2126	17.9804	1
7296	17 19 11.689	-18 29 36.87	0.58	83.53	4.02	3.44	99.9999	20.0600	19.1576	18.2009	1
7299	17 19 06.900	-18 31 40.14	0.72	4.82	4.21	3.49	21.2862	20.2320	19.1961	18.1543	1
7334	17 19 08.939	-18 30 36.47	0.76	83.53	4.26	3.50	99.9999	20.2796	19.2058	17.9518	1
7350	17 19 13.322	-18 30 10.64	0.26	83.53	3.88	3.62	99.9999	19.9456	19.3439	18.0721	0
7354	17 19 13.514	-18 32 11.39	0.45	4.21	4.09	3.64	20.6747	20.1425	19.3584	18.3980	1
7355	17 19 17.142	-18 31 38.24	0.17	83.53	3.69	3.52	99.9999	19.7664	19.2532	18.3963	1
7363	17 19 15.389	-18 31 38.66	-0.18	83.53	3.87	4.05	99.9999	19.9779	19.7873	19.3179	1
7408	17 19 09.299	-18 29 47.57	0.36	83.53	3.86	3.50	99.9999	19.9212	19.2236	18.2689	1
7433	17 19 10.078	-18 29 26.84	0.43	4.49	3.96	3.52	20.9550	20.0102	19.2441	18.4886	1
7475	17 19 13.333	-18 32 01.66	0.43	83.53	3.97	3.54	99.9999	20.0246	19.2638	18.1279	1
7490	17 19 12.580	-18 30 04.53	0.58	83.53	4.12	3.54	99.9999	20.1597	19.2547	18.0697	1
7532	17 19 05.809	-18 30 24.71	0.41	4.66	4.03	3.62	21.1324	20.0796	19.3406	18.0455	1
7536	17 19 12.378	-18 29 53.78	0.64	83.53	4.16	3.52	99.9999	20.1956	19.2328	18.0870	1
7546	17 19 09.008	-18 29 28.82	0.59	83.53	4.10	3.51	99.9999	20.1380	19.2248	18.0190	1
7560	17 19 15.138	-18 31 17.52	0.55	83.53	4.15	3.59	99.9999	20.1863	19.3089	17.9869	1
7563	17 19 15.018	-18 31 53.70	0.42	4.59	4.03	3.61	21.0580	20.0840	19.3279	18.1368	1
7594	17 19 08.055	-18 30 16.09	0.44	4.85	4.06	3.62	21.3208	20.1094	19.3352	18.0424	1
7626	17 19 12.035	-18 32 28.10	0.22	4.56	3.91	3.69	21.0355	19.9852	19.4203	18.2780	1
7635	17 19 13.651	-18 32 21.97	0.47	83.53	4.07	3.60	99.9999	20.1219	19.3196	18.0186	1
7658	17 19 06.789	-18 31 54.71	0.39	83.53	3.99	3.60	99.9999	20.0475	19.3202	18.2036	1
7678	17 19 09.630	-18 29 41.28	0.24	83.53	3.94	3.70	99.9999	20.0096	19.4305	18.1798	0
7701	17 19 06.689	-18 30 34.70	0.53	83.53	4.08	3.54	99.9999	20.1180	19.2596	18.0462	1
7702	17 19 07.815	-18 31 58.86	-0.08	83.53	3.91	4.00	99.9999	20.0141	19.7359	99.9999	1
7708	17 19 07.294	-18 31 27.50	-0.05	83.53	3.62	3.67	99.9999	19.7190	19.4046	18.1823	0
7720	17 19 08.560	-18 30 47.07	0.95	83.53	4.38	3.43	99.9999	20.3847	19.1322	18.0510	1
7723	17 19 12.634	-18 29 59.36	0.77	83.53	4.30	3.53	99.9999	20.3188	19.2350	18.0359	1
7730	17 19 07.462	-18 31 11.74	0.49	83.53	3.95	3.47	99.9999	20.0008	19.1858	18.1050	1
7759	17 19 06.920	-18 31 52.35	0.55	4.53	4.14	3.59	21.0009	20.1815	19.3071	18.1964	1
7786	17 19 15.960	-18 30 49.18	0.52	83.53	4.08	3.56	99.9999	20.1250	19.2774	18.0474	1
7810	17 19 13.824	-18 30 15.93	0.74	83.53	4.15	3.41	99.9999	20.1755	19.1224	18.1925	1
7860	17 19 09.846	-18 30 02.00	0.55	4.69	4.07	3.52	21.1552	20.1092	19.2322	18.1972	1
7880	17 19 16.850	-18 31 30.68	0.22	4.66	3.87	3.65	21.1333	19.9374	19.3753	18.2940	1
7887	17 19 15.178	-18 31 03.54	0.85	83.53	4.30	3.44	99.9999	20.3091	19.1504	18.1172	1
7925	17 19 17.459	-18 30 38.64	0.40	83.53	4.07	3.67	99.9999	20.1243	19.3942	18.4812	1
7934	17 19 08.045	-18 29 57.27	0.27	83.53	3.97	3.70	99.9999	20.0351	19.4280	18.0902	0
7940	17 19 05.197	-18 30 25.15	0.21	83.53	3.98	3.77	99.9999	20.0532	19.5029	18.3580	0
7974	17 19 08.894	-18 29 51.20	0.45	4.51	4.05	3.60	20.9781	20.1001	19.3223	18.4614	1
7981	17 19 09.374	-18 32 15.45	0.43	83.53	4.05	3.62	99.9999	20.1014	19.3388	18.0897	1
7984	17 19 16.482	-18 31 40.51	0.59	83.53	4.11	3.52	99.9999	20.1449	19.2309	18.2818	1
7990	17 19 16.678	-18 31 12.21	0.31	4.52	3.90	3.59	20.9907	19.9642	19.3110	18.2585	1
7997	17 19 13.554	-18 31 59.13	0.24	83.53	3.85	3.61	99.9999	19.9241	19.3396	18.3544	1
8004	17 19 09.057	-18 32 02.04	0.58	83.53	4.18	3.59	99.9999	20.2136	19.3067	18.0813	1
8007	17 19 15.808	-18 31 21.09	0.50	83.53	4.12	3.62	99.9999	20.1677	19.3400	18.1439	1
8012	17 19 15.918	-18 31 51.12	0.14	83.53	3.80	3.66	99.9999	19.8757	19.3878	18.1122	0
8025	17 19 16.061	-18 31 34.30	0.65	83.53	4.26	3.61	99.9999	20.2912	19.3248	18.1377	1
8034	17 19 14.093	-18 32 01.68	0.03	4.47	3.95	3.91	20.9422	20.0378	19.6481	18.4066	0
8065	17 19 14.893	-18 31 54.81	-0.29	83.52	3.55	3.84	99.9999	19.6694	19.5873	18.5434	0
8067	17 19 13.289	-18 31 45.06	0.14	83.53	3.80	3.66	99.9999	19.8775	19.3878	18.3758	1
8072	17 19 10.366	-18 29 30.40	0.53	4.67	4.11	3.58	21.1423	20.1558	19.2968	18.3881	1
8112	17 19 11.287	-18 32 30.12	0.31	83.53	3.93	3.62	99.9999	19.9942	19.3418	18.2984	1
8131	17 19 15.752	-18 31 47.37	0.60	83.53	4.11	3.51	99.9999	20.1435	19.2249	18.2000	1
8147	17 19 10.626	-18 32 13.89	0.47	83.53	4.10	3.63	99.9999	20.1483	19.3495	18.2828	1
8175	17 19 09.007	-18 30 09.75	0.24	83.53	3.88	3.64	99.9999	19.9491	19.3646	18.2623	1
8176	17 19 07.660	-18 31 33.81	0.94	83.53	4.60	3.66	99.9999	20.6035	19.3600	18.0438	1
8190	17 19 08.232	-18 29 53.09	-0.10	83.53	3.93	4.02	99.9999	20.0301	19.7627	18.6042	0
8242	17 19 06.722	-18 30 40.06	0.56	83.53	4.10	3.54	99.9999	20.1398	19.2561	18.1917	1
8261	17 19 05.972	-18 30 18.11	0.40	4.55	4.16	3.76	21.0195	20.2115	19.4824	18.4531	1
8270	17 19 05.721	-18 31 10.40	0.49	83.53	4.10	3.61	99.9999	20.1473	19.3259	18.2755	1
8277	17 19 14.214	-18 32 21.66	0.41	83.53	4.04	3.63	99.9999	20.0922	19.3495	18.3329	1
8281	17 19 15.824	-18 31 53.90	0.27	83.53	3.85	3.58	99.9999	19.9161	19.3090	18.4326	1
8293	17 19 10.626	-18 29 49.06	0.43	83.53	4.01	3.59	99.9999	20.0668	19.3087	18.2811	1
8295	17 19 13.665	-18 29 41.65	0.03	83.53	3.93	3.90	99.9999	20.0234	19.6350	18.3060	0
8321	17 19 08.428	-18 29 46.02	0.60	4.71	4.20	3.61	21.1757	20.2415	19.3229	18.4456	1
8323	17 19 13.445	-18 30 01.71	0.74	83.53	4.23	3.48	99.9999	20.2521	19.1945	18.1927	1
8362	17 19 15.212	-18 32 06.53	0.67	83.53	4.26	3.59	99.9999	20.2856	19.3012	18.1540	1
8372	17 19 06.470	-18 30 36.09	0.35	4.44	4.00	3.65	20.9095	20.0594	19.3746	18.3313	1
8374	17 19 08.197	-18 29 48.13	0.53	4.68	4.15	3.63	21.1496	20.1954	19.3427	18.7195	1
8382	17 19 07.290	-18 30 57.55	0.91	83.53	4.51	3.60	99.9999	20.5182	19.3054	18.1108	1
8400	17 19 10.506	-18 31 47.76	0.56	4.64	4.12	3.57	21.1036	20.1629	19.2822	18.3584	1
8422	17 19 16.905	-18 31 28.64	0.57	83.53	4.08	3.51	99.9999	20.1180	19.2252	18.2207	1
8451	17 19 07.515	-18 30 48.83	0.55	4.62	4.21	3.65	21.0922	20.2472	19.3702	18.1660	1
8463	17 19 16.980	-18 30 33.04	0.76	83.53	4.34	3.58	99.9999	20.3610	19.2917	18.1470	1
8478	17 19 14.089	-18 31 38.15	0.38	83.53	4.02	3.64	99.9999	20.0797	19.3659	18.3657	1
8516	17 19 13.440	-18 29 43.04	0.55	4.60	4.26	3.71	21.0660	20.3014	19.4261	18.2869	1
8524	17 19 14.921	-18 31 50.59	0.51	83.53	4.10	3.59	99.9999	20.1437	19.3042	18.3922	1
8545	17 19 06.578	-18 31 38.19	0.44	83.53	4.05	3.61	99.9999	20.0996	19.3280	18.2893	1
8548	17 19 14.282	-18 29 42.07	0.43	83.53	4.19	3.75	99.9999	20.2401	19.4739	18.1628	1
8555	17 19 12.117	-18 32 24.29	0.54	83.53	4.16	3.62	99.9999	20.2060	19.3368	18.4292	1
8575	17 19 17.745	-18 31 15.81	0.74	4.38	4.32	3.58	20.8504	20.3444	19.2905	18.4953	1
8577	17 19 07.134	-18 32 08.38	0.34	83.53	4.02	3.68	99.9999	20.0771	19.4012	18.4705	1
8622	17 19 07.929	-18 30 23.47	0.41	4.54	4.19	3.77	21.0142	20.2409	19.4937	18.3510	1
8624	17 19 15.721	-18 30 43.10	-0.02	83.53	3.83	3.85	99.9999	19.9238	19.5850	18.3613	0
8666	17 19 14.858	-18 31 18.61	0.65	83.53	4.28	3.62	99.9999	20.3068	19.3359	18.3494	1
8683	17 19 06.819	-18 31 19.91	0.46	4.58	4.28	3.82	21.0463	20.3321	19.5425	18.2494	1
8688	17 19 12.044	-18 31 46.00	0.60	83.53	4.17	3.56	99.9999	20.2039	19.2781	18.4931	1
8693	17 19 12.305	-18 31 48.52	0.48	83.53	4.12	3.64	99.9999	20.1720	19.3588	18.3459	1
8721	17 19 05.204	-18 30 57.11	0.53	83.53	4.20	3.68	99.9999	20.2473	19.3925	18.2333	1
8734	17 19 14.675	-18 30 59.63	0.58	83.53	4.26	3.69	99.9999	20.3013	19.4013	18.1577	1
8737	17 19 15.378	-18 32 03.44	0.47	83.53	4.08	3.61	99.9999	20.1256	19.3304	18.4271	1
8746	17 19 05.157	-18 30 47.98	0.59	83.53	4.32	3.73	99.9999	20.3568	19.4409	18.1573	1
8775	17 19 10.836	-18 32 24.14	0.42	4.77	4.12	3.70	21.2420	20.1770	19.4209	18.4295	1
8802	17 19 07.131	-18 32 04.70	0.26	83.53	4.12	3.85	99.9999	20.1835	19.5799	18.3927	1
8835	17 19 16.214	-18 31 20.50	0.52	83.53	4.18	3.66	99.9999	20.2270	19.3794	18.2400	1
8897	17 19 05.209	-18 31 29.68	0.45	83.53	4.09	3.64	99.9999	20.1380	19.3591	18.2770	1
8904	17 19 12.483	-18 32 05.99	0.77	4.80	4.29	3.51	21.2642	20.3077	19.2230	18.4450	1
8918	17 19 09.802	-18 31 49.44	0.59	83.53	4.19	3.60	99.9999	20.2292	19.3178	18.2921	1
8924	17 19 16.250	-18 31 32.79	0.42	5.11	4.12	3.70	21.5818	20.1733	19.4199	18.4560	1
8951	17 19 15.881	-18 29 49.92	0.36	83.53	4.07	3.71	99.9999	20.1306	19.4375	18.7633	1
8970	17 19 15.163	-18 30 15.98	0.95	83.53	4.58	3.63	99.9999	20.5801	19.3321	18.2234	1
8978	17 19 16.749	-18 31 40.58	0.56	4.65	4.22	3.66	21.1210	20.2626	19.3783	18.2960	1
8982	17 19 14.124	-18 29 52.26	0.72	83.53	4.40	3.68	99.9999	20.4241	19.3891	18.1997	1
9006	17 19 05.279	-18 30 49.00	0.69	83.53	4.36	3.66	99.9999	20.3835	19.3756	18.3009	1
9065	17 19 13.381	-18 31 55.14	0.76	83.53	4.45	3.68	99.9999	20.4686	19.3938	18.3238	1
9137	17 19 07.395	-18 31 44.62	0.48	83.53	4.16	3.69	99.9999	20.2098	19.4056	18.4883	1
9159	17 19 13.616	-18 32 10.94	0.58	83.53	4.12	3.54	99.9999	20.1568	19.2527	18.3481	1
9167	17 19 07.049	-18 30 16.70	0.48	4.52	4.19	3.71	20.9854	20.2411	19.4299	18.5172	1
9169	17 19 16.232	-18 31 30.53	0.35	4.61	4.19	3.84	21.0823	20.2496	19.5665	18.5253	1
9172	17 19 11.999	-18 29 50.13	1.08	83.54	4.82	3.74	99.9999	20.8141	19.4434	18.2104	1
9182	17 19 07.983	-18 29 52.38	0.56	83.53	4.28	3.72	99.9999	20.3199	19.4380	18.3226	1
9194	17 19 06.658	-18 31 36.39	0.56	83.53	4.30	3.75	99.9999	20.3412	19.4620	18.2954	1
9197	17 19 07.993	-18 32 13.40	0.66	83.53	4.41	3.75	99.9999	20.4420	19.4621	18.3387	1
9201	17 19 06.995	-18 29 49.09	0.49	4.58	4.28	3.78	21.0482	20.3224	19.5031	18.3019	1
9231	17 19 05.330	-18 31 28.01	0.33	83.53	4.14	3.82	99.9999	20.2052	19.5420	18.5574	1
9363	17 19 08.880	-18 29 48.31	0.73	83.53	4.45	3.71	99.9999	20.4710	19.4233	18.3459	1
9372	17 19 10.502	-18 32 29.23	0.41	83.53	4.19	3.78	99.9999	20.2482	19.5055	18.4270	1
9378	17 19 10.824	-18 29 59.73	0.41	83.53	4.16	3.75	99.9999	20.2114	19.4704	18.3595	1
9415	17 19 16.969	-18 31 09.14	0.43	83.53	4.21	3.78	99.9999	20.2587	19.4988	18.4268	1
9454	17 19 15.310	-18 32 10.65	0.48	83.53	4.22	3.74	99.9999	20.2675	19.4597	18.7824	1
9460	17 19 11.982	-18 31 58.47	0.17	83.53	4.04	3.87	99.9999	20.1180	19.5993	18.5849	1
9617	17 19 09.412	-18 29 33.93	0.62	4.82	4.30	3.68	21.2842	20.3325	19.3914	18.4792	1
9649	17 19 06.433	-18 31 19.77	0.13	83.53	4.11	3.98	99.9999	20.1888	19.7136	18.3083	0
9654	17 19 06.776	-18 31 10.24	0.20	83.53	3.97	3.77	99.9999	20.0405	19.4939	18.5517	1
9666	17 19 11.416	-18 29 41.86	0.39	83.53	4.16	3.77	99.9999	20.2195	19.4922	18.4868	1
9796	17 19 12.503	-18 32 15.22	0.31	83.53	4.22	3.91	99.9999	20.2828	19.6377	18.3632	0
9801	17 19 05.223	-18 30 37.98	0.45	83.53	4.25	3.80	99.9999	20.3012	19.5241	18.5650	1
9807	17 19 17.084	-18 31 05.15	0.35	83.53	4.32	3.97	99.9999	20.3801	19.6934	18.2834	0
9810	17 19 14.562	-18 30 02.62	0.64	83.53	4.50	3.85	99.9999	20.5287	19.5677	18.2744	1
9814	17 19 10.955	-18 31 45.95	-0.02	83.53	3.89	3.91	99.9999	19.9877	19.6481	18.5345	0
9860	17 19 12.642	-18 31 59.14	0.50	83.53	4.36	3.86	99.9999	20.4056	19.5770	18.6485	1
9885	17 19 16.820	-18 31 20.51	0.58	83.53	4.38	3.79	99.9999	20.4146	19.5077	18.4447	1
9926	17 19 16.981	-18 30 47.05	0.02	83.53	3.98	3.95	99.9999	20.0671	19.6868	18.6522	0
9933	17 19 15.426	-18 29 53.15	0.70	4.76	4.57	3.87	21.2280	20.6017	19.5848	18.5040	1
9945	17 19 09.963	-18 29 31.86	0.68	83.53	4.49	3.81	99.9999	20.5215	19.5244	18.4843	1
9967	17 19 06.526	-18 30 14.27	0.64	83.53	4.45	3.81	99.9999	20.4793	19.5246	18.6417	1
10037	17 19 08.191	-18 29 36.25	0.38	83.53	4.15	3.78	99.9999	20.2121	19.5019	18.5253	1
10042	17 19 06.971	-18 29 47.56	0.34	83.53	4.23	3.88	99.9999	20.2868	19.6073	18.3479	1
10052	17 19 13.535	-18 29 31.30	0.57	83.53	4.43	3.86	99.9999	20.4668	19.5722	18.3739	1
10066	17 19 10.384	-18 29 35.94	0.51	83.53	4.27	3.76	99.9999	20.3127	19.4732	18.5553	1
10069	17 19 10.821	-18 29 37.39	0.47	83.53	4.37	3.90	99.9999	20.4222	19.6225	18.4170	1
10087	17 19 08.587	-18 31 56.41	0.95	83.53	4.76	3.80	99.9999	20.7624	19.5072	18.3561	1
10090	17 19 11.946	-18 29 43.11	0.92	83.53	4.69	3.77	99.9999	20.7003	19.4776	18.4619	1
10116	17 19 14.011	-18 32 10.37	0.85	83.53	4.63	3.78	99.9999	20.6463	19.4904	18.5516	1
10234	17 19 06.012	-18 31 19.80	0.59	83.53	4.41	3.82	99.9999	20.4520	19.5388	18.4639	1
10311	17 19 15.966	-18 31 32.55	0.54	83.53	4.43	3.89	99.9999	20.4754	19.6107	18.4001	1
10332	17 19 16.728	-18 31 42.31	0.51	4.80	4.34	3.83	21.2733	20.3845	19.5445	18.5968	1
10391	17 19 05.561	-18 31 44.44	0.62	83.53	4.51	3.88	99.9999	20.5432	19.5984	18.5189	1
10411	17 19 16.132	-18 31 39.51	0.41	4.69	4.32	3.91	21.1590	20.3720	19.6267	19.0871	1
10451	17 19 08.555	-18 30 09.64	0.50	83.53	4.35	3.85	99.9999	20.3939	19.5690	18.6031	1
10471	17 19 07.080	-18 32 05.76	0.76	83.53	4.67	3.90	99.9999	20.6895	19.6139	18.3805	1
10493	17 19 07.064	-18 31 42.30	0.61	83.53	4.56	3.94	99.9999	20.5901	19.6552	18.3723	1
10518	17 19 17.259	-18 31 21.35	0.53	83.53	4.42	3.89	99.9999	20.4623	19.6075	18.4807	1
10520	17 19 12.217	-18 29 24.33	0.92	83.53	4.79	3.87	99.9999	20.7936	19.5735	18.4290	1
10545	17 19 07.807	-18 31 50.24	0.21	83.53	4.24	4.03	99.9999	20.3108	19.7570	18.5756	0
10597	17 19 17.617	-18 31 06.93	0.01	83.53	4.11	4.10	99.9999	20.2040	19.8336	18.5965	0
10608	17 19 14.410	-18 32 01.56	0.24	83.53	4.24	4.01	99.9999	20.3147	19.7364	18.7652	1
10613	17 19 17.458	-18 30 30.29	0.51	83.53	4.43	3.92	99.9999	20.4786	19.6383	18.4734	1
10622	17 19 11.133	-18 31 52.56	0.34	83.53	4.26	3.92	99.9999	20.3237	19.6433	18.6958	1
10639	17 19 11.631	-18 32 00.67	0.54	83.53	4.41	3.86	99.9999	20.4473	19.5807	18.4685	1
10644	17 19 16.436	-18 31 39.04	0.30	83.53	4.23	3.93	99.9999	20.2972	19.6566	18.5848	1
10677	17 19 05.291	-18 30 51.90	0.63	83.53	4.55	3.92	99.9999	20.5817	19.6315	18.5146	1
10821	17 19 11.881	-18 32 18.55	0.25	83.53	4.22	3.98	99.9999	20.2918	19.7036	18.5580	1
10829	17 19 15.222	-18 31 42.03	0.60	83.53	4.57	3.96	99.9999	20.6040	19.6791	18.5104	1
10873	17 19 11.457	-18 29 26.94	0.58	83.53	4.43	3.85	99.9999	20.4686	19.5617	18.6571	1
10895	17 19 06.206	-18 30 09.86	0.44	83.53	4.33	3.89	99.9999	20.3817	19.6110	18.7602	1
11059	17 19 08.605	-18 29 43.49	0.52	83.53	4.49	3.97	99.9999	20.5358	19.6864	18.6424	1
11095	17 19 07.666	-18 31 36.12	0.56	83.53	4.49	3.93	99.9999	20.5329	19.6510	18.7441	1
11342	17 19 05.504	-18 31 07.52	0.34	83.53	4.31	3.97	99.9999	20.3673	19.6942	18.7065	1
11496	17 19 12.234	-18 31 54.32	0.71	83.53	4.64	3.93	99.9999	20.6644	19.6438	18.6230	1
11520	17 19 14.938	-18 32 11.09	0.58	83.53	4.54	3.97	99.9999	20.5831	19.6816	18.6472	1
11670	17 19 16.262	-18 31 03.10	0.41	83.53	4.52	4.10	99.9999	20.5719	19.8255	18.4980	1
11714	17 19 14.757	-18 31 51.73	0.39	83.53	4.40	4.01	99.9999	20.4568	19.7321	18.7513	1
11750	17 19 16.053	-18 31 53.42	0.54	83.53	4.56	4.02	99.9999	20.6063	19.7397	18.7938	1
11765	17 19 11.909	-18 32 09.63	0.35	83.53	4.42	4.07	99.9999	20.4799	19.7905	18.9373	1
11822	17 19 05.006	-18 30 51.35	0.27	83.53	4.34	4.07	99.9999	20.4061	19.7980	18.8715	1
11918	17 19 09.987	-18 29 41.74	0.71	83.53	4.68	3.98	99.9999	20.7083	19.6869	18.6158	1
11965	17 19 06.361	-18 30 30.93	0.01	83.53	4.13	4.11	99.9999	20.2189	19.8476	18.8368	0
11994	17 19 12.586	-18 29 32.28	0.60	83.53	4.70	4.10	99.9999	20.7344	19.8140	18.5342	1
12025	17 19 14.953	-18 29 40.78	0.49	83.53	4.57	4.08	99.9999	20.6192	19.7969	18.6028	1
12032	17 19 11.986	-18 29 44.02	0.43	83.53	4.35	3.92	99.9999	20.4035	19.6418	18.6810	1
12103	17 19 06.650	-18 30 00.30	0.36	83.53	4.49	4.14	99.9999	20.5497	19.8585	18.7150	1
12236	17 19 17.764	-18 30 59.26	0.62	83.53	4.70	4.08	99.9999	20.7347	19.7953	18.6480	1
12239	17 19 15.532	-18 31 58.67	0.57	83.53	4.54	3.97	99.9999	20.5827	19.6873	18.6778	1
12436	17 19 14.702	-18 29 41.47	0.43	83.53	4.54	4.11	99.9999	20.5918	19.8328	18.7746	1
12512	17 19 15.712	-18 32 04.50	0.71	83.53	4.91	4.20	99.9999	20.9322	19.9099	99.9999	1
12685	17 19 12.195	-18 32 10.01	0.39	83.53	4.58	4.19	99.9999	20.6318	19.9071	18.7227	1
12754	17 19 16.269	-18 30 40.54	0.61	83.53	4.67	4.06	99.9999	20.7071	19.7722	18.9369	1
12915	17 19 09.753	-18 29 53.53	0.57	83.53	4.74	4.17	99.9999	20.7788	19.8842	18.8473	1
12976	17 19 12.574	-18 32 20.69	0.54	83.53	4.58	4.03	99.9999	20.6173	19.7507	18.9337	1
13006	17 19 08.314	-18 29 42.59	0.35	83.53	4.53	4.18	99.9999	20.5855	19.9034	18.8328	1
13062	17 19 17.155	-18 31 11.90	0.82	83.53	4.97	4.15	99.9999	20.9885	19.8569	18.7868	1
13122	17 19 11.490	-18 29 28.47	0.48	83.53	4.67	4.19	99.9999	20.7135	19.9057	18.8643	1
13190	17 19 09.297	-18 32 05.66	0.44	83.53	4.65	4.20	99.9999	20.6975	19.9240	18.7298	1
13216	17 19 05.538	-18 30 29.00	0.72	83.53	4.73	4.01	99.9999	20.7549	19.7172	19.0354	1
13218	17 19 10.184	-18 32 03.05	0.71	83.53	4.78	4.07	99.9999	20.8051	19.7809	18.8466	1
13229	17 19 09.177	-18 29 35.78	0.40	83.53	4.59	4.19	99.9999	20.6470	19.9133	19.0248	1
13777	17 19 13.151	-18 29 34.37	0.74	83.53	4.98	4.24	99.9999	20.9997	19.9494	18.8178	1
13988	17 19 06.282	-18 29 56.15	0.64	83.53	4.82	4.18	99.9999	20.8516	19.8897	18.8070	1
14357	17 19 08.222	-18 31 59.01	0.65	83.53	5.01	4.37	99.9999	21.0443	20.0788	18.7707	1
15833	17 19 10.032	-18 32 16.64	0.70	83.53	5.17	4.47	99.9999	21.2018	20.1857	19.0125	1
17097	17 19 16.293	-18 31 47.08	0.36	83.53	4.95	4.59	99.9999	21.0053	20.3086	19.2782	1
