# ngc2419 E(B-V)=0.08, m-M = 19.58
# BlueFlag Note: if (V-I)0 > 0.331 + 1.444 * (B-V)0 then BlueFlag = 0
# 	RA		Dec		(B-V)_0	M_u	M_B	M_V	u	B	V	I	BlueFlag
191	07 37 32.890	+38 54 26.18	1.51	80.00	3.25	1.74	99.9999	23.0952	21.5651	19.4436	1
194	07 37 32.989	+38 51 39.78	0.72	2.44	1.43	0.72	22.4394	21.3197	20.5528	19.6251	1
203	07 37 33.357	+38 51 34.43	0.65	-0.02	-1.02	-1.67	19.9828	18.8723	18.1716	17.4148	1
233	07 37 34.779	+38 49 45.79	1.53	80.00	2.30	0.77	99.9999	22.1389	20.5911	18.4680	1
249	07 37 35.385	+38 52 46.14	0.78	1.98	0.92	0.14	21.9760	20.8062	19.9791	18.9341	1
267	07 37 35.898	+38 56 44.42	0.76	0.36	-0.74	-1.50	20.3597	19.1423	18.3333	17.4469	1
273	07 37 36.075	+38 51 21.42	1.35	80.00	2.47	1.11	99.9999	22.3181	20.9373	19.3836	1
280	07 37 36.452	+38 50 14.59	0.68	2.73	1.76	1.08	22.7295	21.6450	20.9153	19.9590	1
286	07 37 36.457	+38 54 17.33	0.76	2.05	0.98	0.23	22.0501	20.8687	20.0622	19.0342	1
329	07 37 38.015	+38 56 38.44	0.73	2.36	1.38	0.65	22.3627	21.2637	20.4841	19.5080	1
336	07 37 38.331	+38 49 44.06	0.71	2.56	1.55	0.84	22.5619	21.4393	20.6791	19.7065	1
344	07 37 38.636	+38 52 09.63	0.04	2.07	0.83	0.79	22.0705	20.7536	20.6347	20.3522	1
371	07 37 39.799	+38 51 33.04	1.20	2.05	0.37	-0.82	22.0492	20.2328	19.0032	17.5544	1
380	07 37 40.206	+38 51 58.06	0.21	2.05	0.80	0.59	22.0484	20.7117	20.4342	19.9846	1
398	07 37 40.969	+38 47 54.62	1.15	2.65	0.86	-0.29	22.6519	20.7180	19.5332	18.2020	1
399	07 37 40.956	+38 51 05.57	1.14	0.83	-0.81	-1.95	20.8288	19.0510	17.8752	16.6022	1
402	07 37 40.996	+38 52 51.81	0.45	1.34	0.66	0.21	21.3372	20.5624	20.0490	19.3379	1
423	07 37 41.902	+38 52 08.37	0.78	2.75	1.87	1.09	22.7466	21.7504	20.9197	19.8495	1
430	07 37 42.334	+38 52 20.43	0.58	0.61	-0.15	-0.74	20.6139	19.7405	19.0999	18.3442	1
437	07 37 42.438	+38 49 44.64	0.76	2.24	1.28	0.52	22.2415	21.1682	20.3571	19.3069	1
439	07 37 42.492	+38 51 11.77	0.80	2.07	1.06	0.26	22.0738	20.9435	20.0985	19.0654	1
453	07 37 43.108	+38 57 25.18	1.47	80.00	3.27	1.80	99.9999	23.1141	21.6226	19.4916	1
464	07 37 43.573	+38 48 01.95	1.05	3.12	1.68	0.63	23.1171	21.5479	20.4594	19.2429	1
474	07 37 43.990	+38 58 08.69	1.38	2.85	0.96	-0.43	22.8442	20.8077	19.3977	17.8297	1
478	07 37 44.164	+38 50 37.00	1.69	80.00	2.86	1.17	99.9999	22.6942	20.9882	19.0025	1
492	07 37 44.488	+38 58 06.82	1.51	80.00	2.85	1.35	99.9999	22.6958	21.1684	19.2996	1
493	07 37 44.558	+38 52 50.78	0.84	2.02	0.69	-0.16	22.0201	20.5666	19.6762	18.5769	1
501	07 37 44.799	+38 57 20.67	1.56	80.00	3.09	1.53	99.9999	22.9276	21.3515	19.3184	1
511	07 37 45.147	+38 53 19.25	0.87	2.33	0.89	0.02	22.3282	20.7669	19.8501	18.7839	1
512	07 37 45.170	+38 51 39.74	0.09	2.08	0.86	0.77	22.0834	20.7816	20.6188	20.4082	1
515	07 37 45.203	+38 52 55.39	0.73	2.73	1.42	0.69	22.7332	21.3094	20.5304	19.4429	1
521	07 37 45.308	+38 56 35.47	1.40	2.98	1.10	-0.31	22.9761	20.9452	19.5175	17.8714	1
527	07 37 45.405	+38 52 11.79	0.19	2.24	0.71	0.52	22.2383	20.6221	20.3632	19.9240	1
530	07 37 45.441	+38 54 23.50	0.83	2.04	0.95	0.13	22.0390	20.8329	19.9597	18.9120	1
541	07 37 45.644	+38 54 30.35	0.77	2.77	2.00	1.23	22.7661	21.8825	21.0667	20.0538	1
543	07 37 45.661	+38 56 23.41	0.71	0.92	0.06	-0.65	20.9235	19.9455	19.1835	18.3933	1
546	07 37 45.730	+38 50 07.02	0.17	1.90	0.63	0.46	21.8987	20.5434	20.3048	19.9968	1
576	07 37 46.061	+38 51 41.35	0.94	1.25	-0.00	-0.95	21.2538	19.8705	18.8860	17.7988	1
596	07 37 46.332	+38 55 22.95	0.76	2.52	1.65	0.89	22.5192	21.5294	20.7213	19.6983	1
608	07 37 46.531	+38 53 25.10	1.59	80.00	2.86	1.27	99.9999	22.6983	21.0898	19.0239	1
617	07 37 46.687	+38 50 19.59	0.89	1.57	0.39	-0.50	21.5734	20.2635	19.3315	18.2511	1
625	07 37 46.808	+38 50 02.35	0.92	1.47	0.30	-0.62	21.4644	20.1742	19.2130	18.1242	1
629	07 37 46.852	+38 55 41.91	1.30	2.21	0.45	-0.85	22.2113	20.3043	18.9705	17.4537	1
635	07 37 46.999	+38 50 23.60	1.41	80.00	2.96	1.55	99.9999	22.8091	21.3697	19.3559	1
641	07 37 47.091	+38 50 16.47	1.51	1.15	-1.13	-2.64	21.1419	18.7176	17.1828	15.5935	1
647	07 37 47.133	+38 58 10.60	0.84	1.81	0.74	-0.09	21.8045	20.6219	19.7387	18.6972	1
661	07 37 47.385	+38 49 40.48	0.33	-0.43	-0.55	-0.88	19.5702	19.3617	18.9659	18.5134	1
665	07 37 47.437	+38 54 41.24	0.76	2.47	1.63	0.87	22.4736	21.5108	20.7036	19.7033	1
666	07 37 47.487	+38 48 12.61	0.62	-0.54	-1.46	-2.08	19.4646	18.4344	17.7614	16.9820	1
673	07 37 47.612	+38 49 15.32	0.78	2.38	1.40	0.62	22.3798	21.2875	20.4548	19.4630	1
703	07 37 47.987	+38 53 49.82	0.83	3.17	2.17	1.35	23.1653	22.0548	21.1820	20.1472	1
783	07 37 49.287	+38 49 29.29	1.14	3.35	1.66	0.52	23.3473	21.5212	20.3445	19.0060	1
787	07 37 49.303	+38 55 19.27	0.65	2.62	1.50	0.85	22.6210	21.3881	20.6888	19.7940	1
797	07 37 49.467	+38 55 42.33	0.93	80.00	2.18	1.26	99.9999	22.0577	21.0870	19.9834	1
814	07 37 49.724	+38 49 56.51	0.73	2.37	1.42	0.68	22.3720	21.3009	20.5164	19.5740	1
878	07 37 50.667	+38 58 05.75	0.53	1.20	0.54	0.01	21.1965	20.4391	19.8533	19.0715	1
887	07 37 50.936	+38 50 26.45	0.76	2.39	1.48	0.71	22.3889	21.3603	20.5484	19.4897	1
894	07 37 51.073	+38 54 29.98	0.87	1.93	1.05	0.18	21.9324	20.9280	20.0161	18.9099	1
902	07 37 51.261	+38 53 07.34	0.85	1.66	0.44	-0.41	21.6604	20.3213	19.4268	18.2572	1
913	07 37 51.415	+38 59 31.69	1.60	80.00	2.83	1.23	99.9999	22.6690	21.0512	18.8457	1
918	07 37 51.547	+38 53 53.52	0.12	2.06	0.87	0.75	22.0628	20.7920	20.5958	20.2479	1
928	07 37 51.828	+38 53 22.30	0.67	2.79	1.98	1.31	22.7892	21.8700	21.1456	20.0611	1
931	07 37 51.937	+38 51 50.15	0.66	80.00	1.13	0.47	99.9999	21.0233	20.3110	19.2345	1
940	07 37 52.084	+38 51 51.09	0.58	-0.41	-1.35	-1.93	19.5868	18.5401	17.9057	17.1508	1
947	07 37 52.137	+38 54 17.03	1.43	3.31	1.39	-0.04	23.3020	21.2334	19.7788	18.1044	1
955	07 37 52.327	+38 47 14.87	0.70	2.62	1.68	0.99	22.6230	21.5715	20.8211	19.8376	1
958	07 37 52.354	+38 55 33.09	0.82	2.51	1.55	0.74	22.5117	21.4339	20.5694	19.5128	1
984	07 37 52.955	+38 54 12.55	0.26	1.86	0.73	0.47	21.8594	20.6374	20.3135	19.7976	1
993	07 37 53.167	+38 51 21.04	0.08	2.14	0.89	0.81	22.1420	20.8069	20.6561	20.3950	1
1007	07 37 53.509	+38 50 35.50	0.75	2.64	1.87	1.12	22.6377	21.7513	20.9531	19.9507	1
1009	07 37 53.540	+38 48 54.49	0.58	0.34	-0.48	-1.06	20.3412	19.4148	18.7827	18.0605	1
1015	07 37 53.607	+38 55 14.31	0.80	2.59	1.77	0.97	22.5906	21.6500	20.7992	19.8054	1
1020	07 37 53.646	+38 56 23.85	0.84	2.36	1.46	0.62	22.3582	21.3350	20.4506	19.4307	1
1021	07 37 53.687	+38 51 29.98	0.89	1.78	0.48	-0.41	21.7792	20.3525	19.4186	18.2991	1
1023	07 37 53.738	+38 54 39.43	0.96	2.97	2.10	1.14	22.9716	21.9708	20.9703	19.9210	1
1025	07 37 53.810	+38 51 24.89	0.12	2.22	0.78	0.66	22.2272	20.7013	20.5087	20.2036	1
1035	07 37 53.949	+38 48 49.50	0.80	1.85	0.82	0.02	21.8539	20.7024	19.8526	18.8028	1
1036	07 37 53.945	+38 51 57.57	0.54	0.63	-0.16	-0.70	20.6308	19.7328	19.1359	18.3917	1
1039	07 37 53.980	+38 51 02.20	0.68	2.62	1.85	1.17	22.6156	21.7381	21.0090	20.0428	1
1040	07 37 53.954	+38 56 00.76	1.28	0.95	-0.91	-2.19	20.9465	18.9457	17.6365	16.2662	1
1043	07 37 54.012	+38 54 02.36	0.87	1.79	0.81	-0.06	21.7933	20.6894	19.7741	18.6672	1
1044	07 37 54.055	+38 50 16.58	0.83	1.78	0.72	-0.11	21.7785	20.5993	19.7211	18.6559	1
1047	07 37 54.075	+38 52 29.63	0.76	2.63	1.74	0.98	22.6288	21.6250	20.8174	19.7857	1
1052	07 37 54.132	+38 54 32.64	1.17	1.11	-0.53	-1.70	21.1101	19.3303	18.1291	16.8624	1
1055	07 37 54.181	+38 50 38.12	0.82	1.90	0.93	0.11	21.8960	20.8078	19.9424	18.8711	1
1067	07 37 54.315	+38 55 57.20	1.56	3.13	1.18	-0.38	23.1228	21.0188	19.4419	17.5165	1
1071	07 37 54.513	+38 53 59.49	0.58	2.08	1.06	0.48	22.0830	20.9585	20.3207	19.4402	1
1079	07 37 54.655	+38 52 53.28	-0.02	2.14	0.99	1.01	22.1428	20.9198	20.8593	20.7175	1
1080	07 37 54.635	+38 57 33.16	0.04	2.05	0.85	0.81	22.0532	20.7724	20.6533	20.5130	1
1081	07 37 54.673	+38 53 00.16	0.80	2.56	1.76	0.96	22.5634	21.6392	20.7918	19.6764	1
1083	07 37 54.746	+38 50 34.94	0.02	2.05	0.96	0.95	22.0530	20.8856	20.7938	20.5748	1
1085	07 37 54.827	+38 50 50.89	0.91	1.37	0.08	-0.84	21.3701	19.9524	18.9964	17.9011	1
1088	07 37 54.849	+38 57 34.03	0.04	2.02	0.84	0.79	22.0251	20.7597	20.6393	20.4846	1
1090	07 37 54.896	+38 55 20.44	0.90	1.83	0.77	-0.13	21.8262	20.6481	19.7051	18.6147	1
1092	07 37 54.948	+38 57 08.87	0.85	1.88	0.77	-0.07	21.8826	20.6531	19.7613	18.6744	1
1098	07 37 55.029	+38 58 40.59	1.54	80.00	2.83	1.29	99.9999	22.6716	21.1082	19.2134	1
1106	07 37 55.149	+38 54 40.13	0.94	1.59	0.45	-0.49	21.5871	20.3248	19.3409	18.2053	1
1109	07 37 55.161	+38 55 35.15	0.66	1.64	0.80	0.14	21.6386	20.6938	19.9803	19.0824	1
1120	07 37 55.313	+38 51 47.41	0.64	1.99	1.26	0.62	21.9889	21.1484	20.4575	19.6419	1
1127	07 37 55.410	+38 52 45.90	0.83	2.06	1.35	0.53	22.0562	21.2348	20.3615	19.2673	1
1130	07 37 55.457	+38 53 47.71	0.74	1.64	0.69	-0.05	21.6356	20.5758	19.7859	18.7689	1
1133	07 37 55.523	+38 51 31.51	0.03	2.11	1.00	0.97	22.1142	20.9263	20.8205	20.5637	1
1139	07 37 55.801	+38 52 13.40	0.97	1.50	0.15	-0.82	21.5014	20.0197	19.0094	17.8239	1
1142	07 37 55.856	+38 51 09.23	0.81	1.63	0.46	-0.34	21.6247	20.3430	19.4897	18.4302	1
1143	07 37 55.862	+38 51 57.07	0.85	1.94	0.78	-0.07	21.9357	20.6565	19.7616	18.6614	1
1148	07 37 56.009	+38 54 49.42	0.88	1.83	0.77	-0.11	21.8324	20.6428	19.7208	18.6513	1
1149	07 37 56.000	+38 58 28.72	0.80	1.27	0.16	-0.64	21.2683	20.0422	19.1947	18.2406	1
1161	07 37 56.201	+38 56 12.08	0.72	2.69	1.88	1.16	22.6944	21.7665	20.9994	19.9495	1
1162	07 37 56.261	+38 53 04.10	0.76	2.49	1.51	0.74	22.4926	21.3892	20.5797	19.4818	1
1163	07 37 56.282	+38 52 06.51	0.10	2.10	0.87	0.77	22.1030	20.7856	20.6129	20.2857	1
1167	07 37 56.347	+38 49 16.25	0.72	2.37	1.42	0.70	22.3660	21.3085	20.5389	19.5520	1
1169	07 37 56.328	+38 57 15.74	0.47	0.10	-0.69	-1.16	20.0965	19.2147	18.6830	18.0449	1
1181	07 37 56.451	+38 51 22.86	1.24	1.06	-0.80	-2.04	21.0590	19.0570	17.7886	16.4406	1
1185	07 37 56.488	+38 51 53.22	0.99	1.31	0.02	-0.97	21.3041	19.8932	18.8626	17.6860	1
1186	07 37 56.536	+38 47 53.58	0.69	2.37	1.55	0.87	22.3654	21.4420	20.7044	19.7408	1
1195	07 37 56.662	+38 48 46.40	0.66	0.39	-0.49	-1.15	20.3911	19.3998	18.6907	17.9130	1
1199	07 37 56.659	+38 52 36.41	1.45	3.22	1.17	-0.28	23.2174	21.0182	19.5405	17.5950	1
1200	07 37 56.664	+38 53 34.93	0.04	2.11	1.10	1.06	22.1093	21.0261	20.9077	20.7048	1
1203	07 37 56.677	+38 53 54.13	1.08	1.11	-0.43	-1.51	21.1087	19.4382	18.3161	17.0957	1
1222	07 37 56.953	+38 52 52.45	0.13	2.10	0.87	0.73	22.1040	20.7834	20.5765	20.3156	1
1223	07 37 56.979	+38 53 40.86	0.05	2.35	1.19	1.14	22.3557	21.1143	20.9905	20.8344	1
1225	07 37 56.995	+38 56 07.02	0.90	1.76	0.68	-0.22	21.7608	20.5558	19.6142	18.5278	1
1228	07 37 57.040	+38 55 02.35	0.13	2.12	0.91	0.78	22.1204	20.8300	20.6278	20.3362	1
1242	07 37 57.344	+38 47 24.30	1.62	80.00	2.95	1.33	99.9999	22.7852	21.1497	18.8978	1
1247	07 37 57.381	+38 52 20.76	0.84	2.29	1.45	0.62	22.2899	21.3342	20.4496	19.3223	1
1252	07 37 57.411	+38 52 05.38	0.80	2.03	1.09	0.29	22.0284	20.9700	20.1242	19.0090	1
1254	07 37 57.417	+38 52 48.15	0.78	2.43	1.62	0.83	22.4306	21.4994	20.6671	19.6355	1
1260	07 37 57.482	+38 59 06.22	1.34	80.00	2.15	0.81	99.9999	22.0071	20.6381	19.0132	1
1262	07 37 57.570	+38 51 58.78	0.79	2.28	1.31	0.51	22.2796	21.1912	20.3482	19.2641	1
1267	07 37 57.609	+38 53 47.98	0.11	2.09	0.82	0.71	22.0963	20.7370	20.5535	20.2606	1
1268	07 37 57.619	+38 52 48.72	0.83	2.43	1.72	0.89	22.4267	21.6003	20.7194	19.6215	1
1277	07 37 57.758	+38 53 29.21	1.10	1.03	-0.59	-1.69	21.0238	19.2728	18.1373	16.9214	1
1278	07 37 57.790	+38 49 24.79	0.76	2.41	1.45	0.68	22.4126	21.3320	20.5193	19.4973	1
1284	07 37 57.877	+38 49 49.64	1.08	1.06	-0.46	-1.54	21.0615	19.4038	18.2861	17.0729	1
1286	07 37 57.881	+38 51 56.80	1.20	1.01	-0.77	-1.97	21.0097	19.0913	17.8592	16.5563	1
1289	07 37 57.959	+38 52 06.26	0.00	2.25	1.02	1.02	22.2511	20.9473	20.8692	20.6373	1
1291	07 37 57.991	+38 52 43.62	0.65	2.40	1.59	0.95	22.3978	21.4838	20.7822	19.7751	1
1296	07 37 58.060	+38 52 46.01	0.02	2.13	1.09	1.07	22.1350	21.0114	20.9160	20.8279	1
1297	07 37 58.049	+38 55 22.13	1.12	0.97	-0.61	-1.73	20.9659	19.2514	18.0990	16.8875	1
1302	07 37 58.111	+38 53 34.21	0.95	1.53	0.30	-0.65	21.5257	20.1779	19.1821	18.0340	1
1310	07 37 58.190	+38 51 36.46	0.72	2.72	1.85	1.13	22.7166	21.7368	20.9688	19.9335	1
1312	07 37 58.243	+38 52 06.54	0.87	1.80	0.58	-0.28	21.7985	20.4614	19.5479	18.4304	1
1316	07 37 58.260	+38 53 05.36	0.81	2.21	1.18	0.36	22.2129	21.0566	20.1970	19.0996	1
1322	07 37 58.351	+38 51 48.08	0.89	1.55	0.31	-0.57	21.5448	20.1890	19.2592	18.1277	1
1323	07 37 58.321	+38 58 50.15	1.42	80.00	2.01	0.58	99.9999	21.8545	20.4065	18.4744	1
1324	07 37 58.349	+38 52 51.34	0.16	2.29	0.93	0.78	22.2942	20.8488	20.6220	20.2123	1
1325	07 37 58.337	+38 57 47.53	1.04	1.18	-0.23	-1.27	21.1751	19.6428	18.5623	17.3622	1
1327	07 37 58.428	+38 50 21.51	0.76	2.39	1.38	0.62	22.3875	21.2680	20.4543	19.4529	1
1331	07 37 58.456	+38 52 41.12	0.46	2.27	1.18	0.72	22.2754	21.0838	20.5648	19.8135	1
1333	07 37 58.493	+38 48 34.93	1.36	3.14	1.09	-0.26	23.1381	20.9457	19.5620	18.0203	1
1347	07 37 58.671	+38 50 04.45	0.86	0.85	-0.39	-1.25	20.8520	19.4917	18.5815	17.6443	1
1349	07 37 58.669	+38 55 48.00	0.79	2.51	1.54	0.75	22.5078	21.4261	20.5875	19.5604	1
1355	07 37 58.788	+38 52 39.67	0.81	2.96	2.15	1.34	22.9591	22.0289	21.1723	20.0758	1
1362	07 37 58.860	+38 53 09.23	0.73	2.39	1.42	0.69	22.3927	21.3101	20.5268	19.5514	1
1367	07 37 58.919	+38 51 09.60	0.83	2.04	0.96	0.13	22.0428	20.8390	19.9669	18.8886	1
1369	07 37 58.919	+38 51 53.54	0.77	2.76	1.90	1.13	22.7581	21.7844	20.9637	19.9455	1
1378	07 37 59.005	+38 52 28.89	0.84	2.01	0.99	0.15	22.0098	20.8745	19.9857	18.8795	1
1385	07 37 59.075	+38 52 13.97	0.44	1.96	1.00	0.56	21.9635	20.9003	20.4041	19.7279	1
1386	07 37 59.096	+38 55 41.23	0.86	2.60	1.67	0.81	22.6032	21.5530	20.6477	19.5967	1
1387	07 37 59.125	+38 53 36.89	0.75	2.85	1.94	1.19	22.8457	21.8256	21.0273	20.0231	1
1388	07 37 59.140	+38 53 09.13	0.83	1.92	0.83	-0.01	21.9233	20.7056	19.8275	18.7403	1
1399	07 37 59.347	+38 53 00.86	0.74	1.64	0.62	-0.12	21.6428	20.5016	19.7145	18.6774	1
1407	07 37 59.445	+38 50 39.94	0.80	2.09	1.05	0.25	22.0850	20.9311	20.0801	19.0293	1
1418	07 37 59.530	+38 51 43.54	0.81	2.51	1.50	0.69	22.5120	21.3823	20.5289	19.4773	1
1419	07 37 59.536	+38 53 28.87	1.17	0.99	-0.64	-1.81	20.9919	19.2243	18.0221	16.7492	1
1423	07 37 59.605	+38 53 41.40	-0.04	1.34	0.24	0.28	21.3397	20.1646	20.1298	19.9769	1
1431	07 37 59.772	+38 51 48.07	0.02	2.20	0.92	0.91	22.1985	20.8492	20.7541	20.4703	1
1435	07 37 59.804	+38 52 26.83	0.16	2.10	0.85	0.69	22.1012	20.7655	20.5327	20.0942	1
1436	07 37 59.801	+38 54 25.80	0.77	3.06	2.09	1.32	23.0607	21.9782	21.1574	20.1507	1
1444	07 37 59.906	+38 53 13.06	0.82	2.18	1.17	0.35	22.1768	21.0525	20.1884	19.1234	1
1455	07 38 00.029	+38 53 26.27	0.85	2.35	1.34	0.49	22.3531	21.2198	20.3229	19.2572	1
1463	07 38 00.175	+38 53 31.43	0.79	2.05	1.05	0.26	22.0513	20.9289	20.0896	19.0430	1
1468	07 38 00.217	+38 51 40.67	0.05	2.20	0.98	0.94	22.2010	20.9068	20.7834	20.6251	1
1472	07 38 00.252	+38 52 47.92	0.95	1.41	0.09	-0.86	21.4139	19.9633	18.9692	17.7971	1
1482	07 38 00.385	+38 59 52.86	0.42	-0.24	-1.08	-1.50	19.7643	18.8207	18.3397	17.6972	1
1483	07 38 00.412	+38 56 41.13	1.12	0.65	-1.05	-2.16	20.6439	18.8189	17.6672	16.4344	1
1484	07 38 00.420	+38 54 38.53	0.87	2.02	1.03	0.17	22.0185	20.9095	19.9988	18.9242	1
1491	07 38 00.461	+38 53 29.21	0.06	2.08	0.90	0.83	22.0850	20.8182	20.6788	20.3693	1
1493	07 38 00.510	+38 55 04.03	0.87	2.08	1.12	0.25	22.0835	20.9986	20.0836	19.0181	1
1498	07 38 00.570	+38 53 09.52	0.70	2.11	1.26	0.56	22.1112	21.1428	20.3953	19.4082	1
1505	07 38 00.619	+38 55 45.91	0.85	2.49	1.58	0.73	22.4857	21.4606	20.5678	19.5159	1
1510	07 38 00.696	+38 52 12.23	-0.02	2.32	1.01	1.03	22.3274	20.9331	20.8751	20.6731	1
1517	07 38 00.752	+38 53 24.58	0.53	1.24	0.28	-0.25	21.2376	20.1811	19.5895	18.7440	1
1518	07 38 00.764	+38 51 22.73	1.02	1.33	-0.11	-1.13	21.3302	19.7579	18.6979	17.5355	1
1519	07 38 00.772	+38 52 57.93	1.04	1.24	-0.23	-1.27	21.2340	19.6397	18.5638	17.3583	1
1520	07 38 00.779	+38 51 57.26	0.86	1.59	0.38	-0.47	21.5862	20.2636	19.3600	18.2671	1
1521	07 38 00.781	+38 53 09.17	0.05	2.23	1.02	0.97	22.2362	20.9419	20.8204	20.6239	1
1527	07 38 00.833	+38 53 22.89	0.91	2.13	1.19	0.28	22.1265	21.0639	20.1097	19.0010	1
1530	07 38 00.872	+38 51 36.88	0.19	2.10	0.88	0.69	22.1072	20.7960	20.5314	20.1104	1
1536	07 38 00.985	+38 50 05.14	0.75	2.74	1.91	1.16	22.7435	21.7920	20.9904	20.0157	1
1537	07 38 00.978	+38 52 20.29	0.99	1.39	0.03	-0.96	21.3840	19.9002	18.8719	17.6919	1
1543	07 38 01.016	+38 53 58.64	1.02	1.29	-0.01	-1.03	21.2930	19.8606	18.8039	17.6331	1
1544	07 38 01.043	+38 52 39.76	0.72	1.68	0.69	-0.03	21.6762	20.5723	19.8038	18.7316	1
1545	07 38 01.041	+38 53 48.61	0.90	1.58	0.36	-0.53	21.5799	20.2395	19.2990	18.1964	1
1546	07 38 01.051	+38 53 24.40	0.78	2.91	2.13	1.35	22.9137	22.0088	21.1844	20.0408	1
1547	07 38 01.059	+38 53 06.26	0.76	2.82	1.98	1.21	22.8182	21.8605	21.0493	20.0344	1
1555	07 38 01.106	+38 53 52.79	0.78	2.10	1.00	0.23	22.0966	20.8866	20.0618	18.9919	1
1559	07 38 01.168	+38 52 20.47	1.04	1.27	-0.21	-1.24	21.2663	19.6636	18.5860	17.3908	1
1560	07 38 01.193	+38 50 38.91	0.96	1.34	0.13	-0.82	21.3415	20.0082	19.0109	17.8562	1
1572	07 38 01.282	+38 52 34.95	0.74	1.64	0.63	-0.11	21.6404	20.5112	19.7258	18.6926	1
1575	07 38 01.293	+38 50 41.37	0.75	2.40	1.44	0.69	22.4035	21.3236	20.5201	19.5023	1
1581	07 38 01.345	+38 53 27.53	0.87	1.90	0.87	0.00	21.8947	20.7474	19.8331	18.7349	1
1582	07 38 01.342	+38 54 29.13	0.12	2.14	0.90	0.78	22.1401	20.8193	20.6226	20.3667	1
1587	07 38 01.400	+38 52 50.54	0.87	2.55	1.62	0.75	22.5516	21.4988	20.5836	19.4592	1
1590	07 38 01.397	+38 55 13.93	1.25	0.95	-0.78	-2.03	20.9524	19.0805	17.7972	16.4730	1
1593	07 38 01.421	+38 52 26.45	0.77	1.69	0.68	-0.09	21.6913	20.5601	19.7446	18.6947	1
1594	07 38 01.441	+38 52 56.45	0.89	2.20	1.17	0.27	22.2005	21.0424	20.1054	19.0016	1
1595	07 38 01.452	+38 52 07.52	0.80	1.60	0.59	-0.20	21.6025	20.4763	19.6309	18.5773	1
1597	07 38 01.453	+38 54 37.13	0.55	1.84	1.02	0.47	21.8442	20.9184	20.3118	19.4665	1
1603	07 38 01.504	+38 53 34.71	0.78	2.76	1.89	1.11	22.7625	21.7773	20.9477	19.9717	1
1605	07 38 01.515	+38 54 57.11	0.85	2.27	1.27	0.42	22.2672	21.1493	20.2555	19.1638	1
1610	07 38 01.551	+38 52 46.32	0.87	1.80	0.69	-0.18	21.8018	20.5692	19.6556	18.5288	1
1614	07 38 01.564	+38 53 15.53	0.90	1.41	0.29	-0.61	21.4098	20.1654	19.2242	18.0939	1
1619	07 38 01.591	+38 54 02.71	0.08	2.20	0.94	0.86	22.2010	20.8628	20.7096	20.4517	1
1624	07 38 01.648	+38 52 34.39	0.04	2.17	1.00	0.96	22.1748	20.9219	20.8092	20.7119	1
1627	07 38 01.659	+38 52 37.74	0.58	1.76	0.83	0.26	21.7639	20.7290	20.0954	19.2077	1
1632	07 38 01.688	+38 52 54.08	0.74	1.74	0.74	-0.00	21.7361	20.6269	19.8329	18.7828	1
1636	07 38 01.729	+38 53 03.00	0.83	2.71	1.83	1.00	22.7115	21.7112	20.8307	19.8280	1
1638	07 38 01.728	+38 55 23.93	0.19	2.15	0.93	0.73	22.1548	20.8423	20.5795	20.2300	1
1642	07 38 01.779	+38 53 07.80	0.80	2.02	1.12	0.31	22.0172	20.9985	20.1471	19.1000	1
1643	07 38 01.785	+38 52 48.59	0.05	2.31	1.02	0.97	22.3116	20.9396	20.8188	20.5659	1
1650	07 38 01.841	+38 52 30.99	0.98	0.99	-0.38	-1.36	20.9891	19.4885	18.4679	17.2965	1
1658	07 38 01.906	+38 51 17.41	0.84	1.96	0.90	0.06	21.9568	20.7804	19.8972	18.8374	1
1668	07 38 01.924	+38 55 29.71	0.93	1.48	0.30	-0.63	21.4811	20.1711	19.2003	18.1015	1
1671	07 38 01.955	+38 52 43.88	-0.17	2.17	0.73	0.90	22.1741	20.6605	20.7482	20.5671	1
1676	07 38 01.995	+38 52 33.47	0.16	1.97	0.77	0.61	21.9736	20.6916	20.4578	20.0302	1
1692	07 38 02.091	+38 53 03.40	1.00	0.41	-1.02	-2.02	20.4056	18.8479	17.8086	16.6403	1
1693	07 38 02.096	+38 53 19.17	0.80	1.52	0.38	-0.42	21.5196	20.2659	19.4145	18.3446	1
1694	07 38 02.105	+38 52 03.22	0.05	2.24	0.82	0.78	22.2396	20.7467	20.6237	20.2956	1
1699	07 38 02.125	+38 53 11.33	0.80	2.58	1.79	0.99	22.5809	21.6744	20.8224	19.7783	1
1707	07 38 02.186	+38 53 25.71	0.73	2.93	2.15	1.43	22.9304	22.0376	21.2610	20.2415	1
1708	07 38 02.191	+38 52 31.74	-0.02	2.31	0.96	0.98	22.3141	20.8861	20.8292	20.6660	1
1713	07 38 02.247	+38 52 30.00	0.70	2.95	1.98	1.28	22.9471	21.8651	21.1170	20.0863	1
1714	07 38 02.248	+38 53 00.89	0.48	0.99	-0.01	-0.48	20.9915	19.8942	19.3589	18.5648	1
1719	07 38 02.282	+38 58 59.24	0.00	2.08	0.92	0.92	22.0802	20.8481	20.7685	20.6039	1
1722	07 38 02.325	+38 51 30.98	1.04	1.10	-0.31	-1.35	21.1011	19.5586	18.4819	17.2979	1
1731	07 38 02.357	+38 53 38.92	0.84	2.63	1.86	1.02	22.6323	21.7411	20.8583	19.8398	1
1732	07 38 02.374	+38 52 04.19	0.92	1.45	0.24	-0.68	21.4533	20.1113	19.1498	18.0234	1
1733	07 38 02.375	+38 52 54.45	0.93	1.05	-0.22	-1.15	21.0461	19.6562	18.6835	17.5401	1
1735	07 38 02.393	+38 50 47.40	0.85	1.87	0.83	-0.02	21.8676	20.7055	19.8112	18.7383	1
1738	07 38 02.393	+38 53 55.62	0.11	2.34	1.10	0.98	22.3473	21.0150	20.8276	20.6065	1
1741	07 38 02.397	+38 59 33.31	0.51	0.44	-0.40	-0.91	20.4368	19.5007	18.9339	18.2405	1
1748	07 38 02.460	+38 52 31.80	0.80	2.06	0.99	0.19	22.0576	20.8701	20.0231	18.9131	1
1750	07 38 02.474	+38 51 13.72	0.97	1.09	-0.28	-1.24	21.0938	19.5978	18.5894	17.4530	1
1756	07 38 02.504	+38 53 59.15	0.72	2.70	1.83	1.11	22.7004	21.7202	20.9493	19.9833	1
1761	07 38 02.551	+38 54 24.54	0.08	2.13	0.94	0.86	22.1283	20.8605	20.7030	20.4450	1
1764	07 38 02.582	+38 51 52.17	0.74	2.41	1.44	0.70	22.4064	21.3250	20.5387	19.5701	1
1766	07 38 02.597	+38 50 05.71	-0.01	2.09	1.07	1.08	22.0952	20.9940	20.9311	20.8529	1
1767	07 38 02.589	+38 53 33.79	0.09	2.25	1.14	1.05	22.2553	21.0600	20.8979	20.8211	1
1768	07 38 02.590	+38 54 32.16	0.76	2.78	2.12	1.36	22.7847	22.0054	21.1985	20.2052	1
1769	07 38 02.615	+38 51 44.92	0.02	2.23	0.87	0.85	22.2371	20.7993	20.7001	20.5709	1
1770	07 38 02.632	+38 51 43.17	0.04	2.09	0.85	0.81	22.0911	20.7768	20.6574	20.4349	1
1771	07 38 02.629	+38 53 26.19	0.90	1.99	0.92	0.02	21.9912	20.8000	19.8536	18.7486	1
1777	07 38 02.671	+38 55 17.57	1.24	1.10	-0.73	-1.97	21.0941	19.1307	17.8568	16.5669	1
1781	07 38 02.698	+38 50 03.15	-0.01	2.14	1.00	1.02	22.1398	20.9313	20.8663	20.7217	1
1784	07 38 02.708	+38 53 15.12	0.10	2.18	0.98	0.88	22.1812	20.9005	20.7315	20.4629	1
1786	07 38 02.737	+38 52 14.34	1.09	1.15	-0.43	-1.53	21.1522	19.4341	18.3038	17.0829	1
1797	07 38 02.818	+38 53 42.45	0.18	1.95	0.74	0.56	21.9517	20.6577	20.4095	20.0163	1
1798	07 38 02.818	+38 54 04.79	1.00	1.40	0.11	-0.90	21.3997	19.9773	18.9327	17.7821	1
1799	07 38 02.819	+38 54 01.57	0.98	1.06	-0.25	-1.24	21.0557	19.6172	18.5918	17.4448	1
1805	07 38 02.862	+38 52 24.08	1.31	1.03	-0.94	-2.25	21.0257	18.9108	17.5745	16.1753	1
1806	07 38 02.878	+38 49 32.83	0.18	1.98	0.76	0.58	21.9793	20.6755	20.4281	20.0650	1
1809	07 38 02.890	+38 53 18.51	0.91	2.05	0.93	0.01	22.0453	20.8023	19.8465	18.7497	1
1815	07 38 02.925	+38 52 31.51	0.86	2.57	1.67	0.81	22.5721	21.5455	20.6397	19.5295	1
1821	07 38 02.966	+38 53 15.73	0.77	2.58	1.71	0.95	22.5779	21.5985	20.7806	19.7093	1
1823	07 38 02.986	+38 51 10.07	0.09	2.13	0.86	0.77	22.1318	20.7810	20.6152	20.3474	1
1833	07 38 03.050	+38 53 24.21	0.76	2.97	1.90	1.14	22.9736	21.7839	20.9704	19.9270	1
1839	07 38 03.081	+38 54 56.46	0.80	2.21	1.17	0.37	22.2130	21.0518	20.2078	19.1626	1
1856	07 38 03.181	+38 53 20.04	0.88	2.10	1.02	0.13	22.1022	20.8944	19.9662	18.8896	1
1857	07 38 03.190	+38 53 11.82	0.12	1.97	0.78	0.66	21.9725	20.6982	20.5093	20.2850	1
1861	07 38 03.203	+38 53 23.09	0.16	1.99	0.82	0.66	21.9901	20.7332	20.5057	20.1653	1
1867	07 38 03.245	+38 52 12.80	0.85	2.47	1.59	0.74	22.4735	21.4732	20.5769	19.5224	1
1869	07 38 03.267	+38 53 42.24	0.73	2.78	1.79	1.05	22.7759	21.6730	20.8879	19.8735	1
1871	07 38 03.286	+38 51 57.16	1.08	1.12	-0.47	-1.56	21.1166	19.3956	18.2732	17.0626	1
1873	07 38 03.291	+38 53 02.46	0.12	2.01	0.81	0.69	22.0126	20.7330	20.5391	20.1649	1
1874	07 38 03.301	+38 52 46.01	0.42	2.27	1.25	0.83	22.2707	21.1567	20.6721	19.8291	1
1876	07 38 03.305	+38 54 43.25	0.68	2.29	1.27	0.59	22.2935	21.1578	20.4299	19.4850	1
1884	07 38 03.365	+38 52 05.89	0.81	2.72	1.79	0.98	22.7184	21.6701	20.8166	19.7868	1
1889	07 38 03.385	+38 52 55.81	-0.01	2.24	0.97	0.98	22.2381	20.8931	20.8257	20.5131	1
1894	07 38 03.435	+38 46 33.80	0.59	2.30	1.39	0.80	22.2996	21.2884	20.6428	19.8530	1
1911	07 38 03.497	+38 49 59.92	0.80	2.08	0.99	0.18	22.0825	20.8705	20.0185	18.9489	1
1913	07 38 03.506	+38 55 20.94	0.59	-0.11	-0.96	-1.55	19.8921	18.9367	18.2873	17.5287	1
1917	07 38 03.532	+38 52 45.67	0.05	2.13	0.83	0.79	22.1322	20.7576	20.6343	20.3468	1
1918	07 38 03.529	+38 54 18.77	0.11	2.19	0.93	0.81	22.1966	20.8461	20.6585	20.4512	1
1919	07 38 03.539	+38 51 51.90	1.09	1.12	-0.47	-1.55	21.1167	19.3994	18.2754	17.0859	1
1923	07 38 03.569	+38 52 16.10	0.13	1.89	0.67	0.53	21.8974	20.5850	20.3796	19.9840	1
1935	07 38 03.636	+38 53 33.13	0.14	2.05	0.82	0.68	22.0501	20.7368	20.5247	20.2217	1
1936	07 38 03.647	+38 52 17.67	0.08	2.15	0.93	0.85	22.1564	20.8544	20.6985	20.4815	1
1940	07 38 03.651	+38 54 42.69	0.84	1.87	0.86	0.01	21.8694	20.7356	19.8450	18.7827	1
1944	07 38 03.652	+38 56 43.18	0.81	2.08	1.04	0.24	22.0843	20.9237	20.0701	19.0180	1
1952	07 38 03.701	+38 55 21.86	0.98	1.47	0.22	-0.75	21.4644	20.0954	19.0777	17.9838	1
1957	07 38 03.730	+38 52 34.05	0.83	2.26	1.19	0.36	22.2550	21.0703	20.1900	19.0853	1
1961	07 38 03.748	+38 54 02.66	0.08	2.14	0.92	0.84	22.1477	20.8379	20.6874	20.5126	1
1962	07 38 03.749	+38 53 39.46	0.99	1.25	-0.12	-1.11	21.2513	19.7520	18.7168	17.5561	1
1966	07 38 03.750	+38 57 07.85	0.73	1.94	1.16	0.43	21.9378	21.0454	20.2644	19.4598	1
1969	07 38 03.774	+38 54 13.80	0.84	1.49	0.41	-0.42	21.4863	20.2942	19.4092	18.3591	1
1971	07 38 03.786	+38 53 10.72	0.98	2.84	2.05	1.07	22.8397	21.9219	20.9049	19.8957	1
1977	07 38 03.860	+38 52 35.16	0.76	2.47	1.49	0.73	22.4728	21.3725	20.5674	19.5178	1
1979	07 38 03.862	+38 53 37.23	0.81	1.98	0.85	0.04	21.9821	20.7310	19.8766	18.7702	1
1981	07 38 03.865	+38 53 43.83	0.79	2.04	1.11	0.32	22.0431	20.9926	20.1520	19.1503	1
1986	07 38 03.924	+38 50 34.61	0.02	2.15	1.04	1.02	22.1578	20.9651	20.8651	20.7065	1
1987	07 38 03.924	+38 51 28.32	0.10	2.12	0.88	0.79	22.1201	20.8032	20.6320	20.4514	1
1993	07 38 03.944	+38 53 54.67	0.74	2.44	1.66	0.92	22.4377	21.5465	20.7538	19.7850	1
1998	07 38 03.975	+38 52 18.13	0.84	2.06	0.92	0.08	22.0587	20.7950	19.9104	18.8621	1
2000	07 38 03.970	+38 54 46.57	0.88	1.85	0.84	-0.04	21.8525	20.7129	19.7888	18.7189	1
2002	07 38 04.012	+38 53 34.81	0.82	1.34	0.21	-0.61	21.3360	20.0902	19.2207	18.1723	1
2008	07 38 04.047	+38 53 14.36	0.13	2.06	0.88	0.75	22.0663	20.8020	20.5999	20.1384	1
2009	07 38 04.062	+38 51 49.82	0.82	2.29	1.34	0.53	22.2907	21.2243	20.3611	19.3079	1
2012	07 38 04.077	+38 53 47.17	0.70	2.51	1.56	0.86	22.5132	21.4504	20.6982	19.7115	1
2014	07 38 04.103	+38 52 45.01	0.04	1.99	0.77	0.72	21.9888	20.6899	20.5726	20.2003	1
2020	07 38 04.136	+38 54 44.67	1.29	1.02	-0.94	-2.22	21.0144	18.9176	17.6020	16.2412	1
2021	07 38 04.148	+38 52 35.66	0.20	1.80	0.62	0.41	21.8047	20.5299	20.2573	19.7042	1
2022	07 38 04.138	+38 56 19.32	0.80	2.49	1.57	0.76	22.4860	21.4469	20.5954	19.6225	1
2024	07 38 04.157	+38 52 10.61	0.99	1.30	-0.05	-1.04	21.3034	19.8218	18.7899	17.6293	1
2025	07 38 04.165	+38 51 08.20	1.03	0.97	-0.51	-1.54	20.9639	19.3586	18.2860	17.1052	1
2028	07 38 04.177	+38 49 09.64	0.73	2.68	1.69	0.96	22.6753	21.5774	20.7944	19.8148	1
2035	07 38 04.195	+38 48 05.65	1.56	80.00	3.10	1.55	99.9999	22.9451	21.3667	19.1857	1
2036	07 38 04.183	+38 52 19.89	0.85	2.07	0.94	0.08	22.0659	20.8152	19.9149	18.7848	1
2039	07 38 04.201	+38 51 00.53	0.97	1.20	-0.15	-1.12	21.2033	19.7234	18.7097	17.5830	1
2041	07 38 04.196	+38 53 17.17	0.68	0.96	-0.09	-0.77	20.9649	19.7939	19.0619	18.1564	1
2042	07 38 04.223	+38 53 03.41	0.71	2.83	1.87	1.17	22.8278	21.7612	21.0014	19.9342	1
2044	07 38 04.224	+38 52 55.04	0.94	1.18	-0.12	-1.07	21.1768	19.7506	18.7633	17.6566	1
2046	07 38 04.256	+38 48 55.39	0.17	2.00	0.70	0.53	22.0063	20.6184	20.3806	99.9999	1
2054	07 38 04.284	+38 55 16.37	0.75	1.96	1.12	0.37	21.9643	21.0015	20.2037	19.2189	1
2065	07 38 04.377	+38 51 38.38	0.18	1.98	0.74	0.57	21.9852	20.6569	20.4105	19.9304	1
2070	07 38 04.390	+38 53 24.85	0.15	0.97	0.93	0.78	20.9700	20.8482	20.6267	19.8381	0
2072	07 38 04.399	+38 53 42.96	0.89	1.83	0.68	-0.20	21.8326	20.5583	19.6284	18.5299	1
2075	07 38 04.411	+38 52 20.26	0.15	2.16	0.90	0.75	22.1601	20.8200	20.5988	20.2612	1
2079	07 38 04.426	+38 52 06.23	1.50	80.00	2.98	1.48	99.9999	22.8268	21.3026	19.4913	1
2082	07 38 04.449	+38 51 31.85	0.79	2.66	1.82	1.03	22.6573	21.6998	20.8633	19.8453	1
2085	07 38 04.455	+38 53 12.37	0.03	2.17	0.80	0.77	22.1756	20.7258	20.6172	20.3315	1
2089	07 38 04.481	+38 53 18.49	0.67	2.42	1.55	0.88	22.4208	21.4376	20.7121	19.7389	1
2090	07 38 04.493	+38 54 10.23	0.96	1.64	0.52	-0.44	21.6378	20.3920	19.3903	18.2748	1
2091	07 38 04.495	+38 54 30.71	1.02	1.44	0.10	-0.91	21.4383	19.9722	18.9165	17.7835	1
2094	07 38 04.519	+38 53 00.74	0.78	2.32	1.20	0.42	22.3236	21.0829	20.2520	19.1663	1
2095	07 38 04.527	+38 50 54.31	0.82	2.53	1.71	0.89	22.5341	21.5861	20.7207	19.7095	1
2101	07 38 04.546	+38 54 58.60	0.81	2.67	1.78	0.97	22.6719	21.6573	20.8046	19.8251	1
2110	07 38 04.593	+38 53 56.13	0.22	2.10	0.95	0.73	22.0999	20.8666	20.5776	20.1912	1
2116	07 38 04.643	+38 54 03.87	0.93	1.76	0.65	-0.27	21.7636	20.5291	19.5597	18.4507	1
2117	07 38 04.647	+38 52 53.07	-0.01	2.10	1.09	1.10	22.0988	21.0129	20.9452	20.7106	1
2119	07 38 04.659	+38 52 17.69	-0.00	2.31	1.03	1.03	22.3159	20.9582	20.8813	20.6653	1
2124	07 38 04.664	+38 53 25.18	0.92	1.74	0.48	-0.45	21.7387	20.3504	19.3844	18.2512	1
2125	07 38 04.669	+38 51 30.82	0.02	2.06	0.78	0.76	22.0651	20.7085	20.6127	20.3851	1
2128	07 38 04.663	+38 54 33.68	0.94	1.42	0.26	-0.68	21.4223	20.1342	19.1550	18.0541	1
2133	07 38 04.700	+38 52 11.40	0.82	2.27	1.20	0.38	22.2673	21.0820	20.2104	19.1340	1
2137	07 38 04.725	+38 50 11.01	0.79	2.16	1.18	0.40	22.1612	21.0660	20.2301	19.1825	1
2148	07 38 04.780	+38 53 40.85	0.08	2.32	1.09	1.01	22.3271	21.0144	20.8556	20.6551	1
2155	07 38 04.825	+38 53 04.07	1.00	1.37	0.02	-0.99	21.3688	19.8867	18.8422	17.6914	1
2157	07 38 04.845	+38 53 14.94	0.74	2.60	1.78	1.04	22.6025	21.6641	20.8777	19.8710	1
2159	07 38 04.850	+38 52 51.20	0.95	1.06	-0.27	-1.21	21.0541	19.6085	18.6204	17.4893	1
2163	07 38 04.861	+38 51 07.63	0.92	1.49	0.26	-0.66	21.4926	20.1358	19.1759	18.0747	1
2173	07 38 04.921	+38 50 35.66	0.10	2.07	0.84	0.74	22.0739	20.7588	20.5884	20.3325	1
2182	07 38 04.968	+38 54 54.87	0.84	1.93	0.90	0.06	21.9271	20.7815	19.8957	18.8125	1
2184	07 38 04.979	+38 52 45.47	0.51	1.74	0.72	0.21	21.7420	20.6143	20.0454	19.1491	1
2186	07 38 04.982	+38 53 32.60	0.97	2.21	1.31	0.34	22.2122	21.1834	20.1732	19.1208	1
2191	07 38 05.004	+38 52 59.89	0.73	1.98	1.00	0.28	21.9819	20.8870	20.1105	19.0226	1
2196	07 38 05.045	+38 53 18.02	0.99	1.52	0.32	-0.67	21.5180	20.1948	19.1654	18.0485	1
2199	07 38 05.063	+38 52 51.04	1.00	1.23	-0.09	-1.09	21.2299	19.7777	18.7386	17.5794	1
2201	07 38 05.066	+38 53 24.94	0.96	1.72	0.45	-0.51	21.7204	20.3235	19.3251	18.2017	1
2205	07 38 05.092	+38 51 00.07	0.79	2.17	1.16	0.37	22.1647	21.0432	20.2057	19.1588	1
2209	07 38 05.103	+38 54 39.24	0.82	2.46	1.59	0.77	22.4553	21.4741	20.6075	19.5763	1
2210	07 38 05.117	+38 52 13.44	-0.01	2.10	0.88	0.89	22.1015	20.8073	20.7395	20.4896	1
2214	07 38 05.126	+38 52 11.47	0.93	1.37	0.16	-0.77	21.3701	20.0354	19.0633	17.9626	1
2217	07 38 05.130	+38 51 52.00	0.17	2.16	0.85	0.68	22.1578	20.7710	20.5277	20.2235	1
2219	07 38 05.137	+38 51 48.30	0.68	2.18	1.11	0.42	22.1756	20.9966	20.2600	19.2712	1
2223	07 38 05.153	+38 53 00.67	0.93	1.00	-0.29	-1.22	21.0017	19.5872	18.6148	17.4469	1
2230	07 38 05.170	+38 55 50.56	0.15	2.07	0.81	0.66	22.0704	20.7249	20.5045	20.2096	1
2233	07 38 05.195	+38 53 58.50	0.77	1.67	0.69	-0.08	21.6655	20.5733	19.7591	18.7847	1
2242	07 38 05.253	+38 52 15.49	0.63	1.85	1.01	0.38	21.8482	20.9004	20.2158	19.3659	1
2244	07 38 05.257	+38 52 31.38	0.08	2.09	0.84	0.76	22.0972	20.7625	20.6095	20.3617	1
2253	07 38 05.294	+38 53 40.57	1.09	1.16	-0.42	-1.51	21.1535	19.4418	18.3180	17.1415	1
2255	07 38 05.297	+38 53 48.64	0.10	2.37	1.12	1.01	22.3713	21.0366	20.8587	20.6554	1
2258	07 38 05.307	+38 53 05.42	0.03	1.96	0.89	0.85	21.9587	20.8120	20.7019	20.2771	1
2259	07 38 05.313	+38 51 32.52	0.02	2.16	0.92	0.90	22.1641	20.8463	20.7497	20.5118	1
2260	07 38 05.311	+38 52 49.85	0.77	1.32	0.36	-0.41	21.3172	20.2389	19.4233	18.3244	1
2261	07 38 05.313	+38 55 06.92	0.83	2.75	1.99	1.15	22.7512	21.8668	20.9882	19.9651	1
2265	07 38 05.326	+38 54 10.45	1.01	1.62	0.40	-0.61	21.6146	20.2696	19.2217	18.0708	1
2268	07 38 05.340	+38 54 07.67	0.75	2.19	1.17	0.42	22.1943	21.0567	20.2576	19.2466	1
2280	07 38 05.397	+38 51 45.12	1.37	2.70	1.23	-0.14	22.6981	21.0794	19.6868	18.5689	1
2286	07 38 05.421	+38 52 30.30	0.60	1.61	0.78	0.18	21.6150	20.6773	20.0194	19.1389	1
2289	07 38 05.444	+38 48 48.20	0.70	2.68	1.70	1.00	22.6810	21.5877	20.8384	19.8439	1
2294	07 38 05.464	+38 52 49.14	1.03	2.57	2.17	1.14	22.5670	22.0399	20.9736	19.7356	1
2298	07 38 05.478	+38 53 23.95	-0.02	2.15	0.86	0.88	22.1576	20.7879	20.7312	20.5283	1
2303	07 38 05.492	+38 52 06.06	0.76	2.63	1.54	0.78	22.6264	21.4262	20.6178	19.6189	1
2313	07 38 05.550	+38 52 22.99	0.81	1.65	0.75	-0.06	21.6525	20.6333	19.7721	18.6949	1
2323	07 38 05.608	+38 53 32.51	0.82	1.76	0.71	-0.11	21.7569	20.5868	19.7239	18.6253	1
2326	07 38 05.633	+38 49 45.41	0.00	2.07	0.93	0.93	22.0779	20.8578	20.7797	20.5717	1
2328	07 38 05.634	+38 52 55.51	0.23	2.03	1.06	0.83	22.0312	20.9687	20.6736	20.1627	1
2331	07 38 05.646	+38 52 15.96	0.47	1.66	0.41	-0.07	21.6628	20.3062	19.7744	18.8460	1
2336	07 38 05.671	+38 49 49.76	0.72	2.66	1.73	1.01	22.6597	21.6186	20.8434	19.8480	1
2339	07 38 05.668	+38 53 15.15	0.17	2.00	0.86	0.68	22.0002	20.7715	20.5297	99.9999	1
2341	07 38 05.683	+38 50 57.55	0.76	1.72	0.70	-0.06	21.7234	20.5798	19.7721	18.7444	1
2349	07 38 05.709	+38 54 03.07	0.88	2.30	1.29	0.42	22.3010	21.1723	20.2510	19.1871	1
2352	07 38 05.721	+38 53 34.83	1.06	1.17	-0.33	-1.39	21.1638	19.5422	18.4425	17.2417	1
2368	07 38 05.795	+38 47 19.93	0.70	2.62	1.70	0.99	22.6155	21.5848	20.8289	19.8660	1
2377	07 38 05.813	+38 55 11.16	0.19	2.09	0.87	0.68	22.0965	20.7857	20.5218	20.1670	1
2380	07 38 05.826	+38 56 47.06	0.13	2.06	0.82	0.69	22.0645	20.7381	20.5329	20.2542	1
2381	07 38 05.843	+38 52 26.48	0.91	2.67	2.22	1.30	22.6741	22.0917	21.1351	19.9788	1
2382	07 38 05.844	+38 53 03.53	0.88	1.93	0.76	-0.12	21.9287	20.6330	19.7125	18.6020	1
2391	07 38 05.893	+38 53 01.50	0.95	1.57	0.47	-0.48	21.5697	20.3450	19.3503	18.3037	1
2398	07 38 05.915	+38 53 20.11	0.90	1.48	0.43	-0.47	21.4805	20.3054	19.3615	18.2768	1
2400	07 38 05.927	+38 53 50.68	1.21	1.06	-0.68	-1.89	21.0542	19.1827	17.9361	16.6523	1
2401	07 38 05.934	+38 52 12.82	1.01	1.02	-0.38	-1.39	21.0192	19.4905	18.4367	17.2701	1
2407	07 38 05.964	+38 51 09.07	0.91	1.58	0.45	-0.46	21.5751	20.3259	19.3717	18.2775	1
2411	07 38 05.976	+38 55 57.70	0.87	2.03	0.97	0.10	22.0339	20.8490	19.9361	18.8590	1
2415	07 38 05.991	+38 51 49.47	0.82	1.92	0.86	0.04	21.9205	20.7393	19.8732	18.8539	1
2417	07 38 05.993	+38 53 37.39	1.35	0.92	-1.12	-2.46	20.9143	18.7344	17.3598	15.9531	1
2419	07 38 06.008	+38 53 03.13	0.78	1.25	0.01	-0.77	21.2506	19.8920	19.0666	18.0133	1
2424	07 38 06.018	+38 54 04.28	0.68	2.56	1.64	0.97	22.5554	21.5325	20.8022	19.8166	1
2425	07 38 06.029	+38 51 54.62	0.79	1.96	0.89	0.10	21.9618	20.7710	19.9357	18.8729	1
2427	07 38 06.038	+38 52 42.03	0.13	1.58	0.50	0.37	21.5818	20.4178	20.2147	19.3500	0
2434	07 38 06.050	+38 56 37.79	0.78	2.46	1.53	0.75	22.4585	21.4125	20.5864	19.5810	1
2435	07 38 06.069	+38 50 38.06	0.75	2.54	1.68	0.93	22.5406	21.5598	20.7602	19.7484	1
2452	07 38 06.143	+38 50 25.62	0.74	2.20	1.21	0.47	22.1967	21.0935	20.3013	19.2987	1
2460	07 38 06.190	+38 50 52.22	0.57	1.86	0.99	0.42	21.8576	20.8830	20.2572	19.4535	1
2465	07 38 06.203	+38 54 00.20	0.88	1.81	0.66	-0.22	21.8043	20.5398	19.6122	18.5295	1
2467	07 38 06.211	+38 53 20.57	0.33	1.86	0.88	0.56	21.8627	20.7923	20.4015	19.9373	1
2468	07 38 06.210	+38 54 31.20	0.85	1.55	0.49	-0.37	21.5542	20.3662	19.4672	18.4230	1
2469	07 38 06.227	+38 51 59.78	1.00	1.30	-0.02	-1.02	21.3015	19.8542	18.8154	17.6494	1
2470	07 38 06.240	+38 51 42.25	0.64	2.23	1.28	0.64	22.2333	21.1672	20.4766	19.5916	1
2472	07 38 06.242	+38 52 26.97	0.87	2.02	1.15	0.27	22.0189	21.0254	20.1070	18.9242	1
2473	07 38 06.241	+38 52 50.33	1.14	0.94	-0.64	-1.78	20.9378	19.2223	18.0449	16.7645	1
2482	07 38 06.275	+38 52 12.76	1.01	1.21	-0.16	-1.17	21.2097	19.7075	18.6567	17.4879	1
2499	07 38 06.318	+38 54 43.02	0.93	1.70	0.51	-0.43	21.6945	20.3803	19.4033	18.2917	1
2504	07 38 06.357	+38 52 09.47	0.90	1.40	0.12	-0.79	21.3964	19.9928	19.0472	17.9454	1
2505	07 38 06.365	+38 51 25.14	0.05	2.07	0.83	0.78	22.0730	20.7538	20.6288	20.3669	1
2506	07 38 06.358	+38 54 22.87	0.87	1.26	0.10	-0.77	21.2551	19.9820	19.0634	18.0048	1
2509	07 38 06.375	+38 53 07.05	0.78	1.38	0.10	-0.68	21.3821	19.9876	19.1570	18.1153	1
2516	07 38 06.417	+38 51 49.68	0.77	2.50	1.70	0.93	22.4949	21.5846	20.7654	19.7623	1
2519	07 38 06.424	+38 53 24.45	1.00	2.24	1.45	0.45	22.2382	21.3249	20.2799	19.2804	1
2527	07 38 06.461	+38 55 08.30	0.04	2.18	1.05	1.01	22.1830	20.9755	20.8605	20.6300	1
2537	07 38 06.514	+38 52 18.80	0.02	2.09	0.66	0.64	22.0960	20.5823	20.4839	20.4719	1
2541	07 38 06.546	+38 51 59.06	1.12	1.02	-0.58	-1.70	21.0135	19.2850	18.1288	16.8831	1
2542	07 38 06.543	+38 53 35.50	0.88	1.69	0.71	-0.18	21.6884	20.5842	19.6566	18.5890	1
2549	07 38 06.572	+38 52 21.48	0.66	2.48	1.98	1.32	22.4851	21.8701	21.1588	20.1765	1
2551	07 38 06.585	+38 51 08.70	0.72	2.22	1.21	0.49	22.2153	21.0941	20.3270	19.3452	1
2553	07 38 06.579	+38 57 21.09	0.73	2.58	1.69	0.95	22.5833	21.5732	20.7897	19.7903	1
2561	07 38 06.632	+38 51 51.68	0.08	2.03	0.74	0.66	22.0292	20.6596	20.5069	20.1912	1
2569	07 38 06.662	+38 52 11.67	0.98	2.90	2.35	1.37	22.8988	22.2185	21.1996	20.1334	1
2572	07 38 06.663	+38 54 37.45	0.70	2.44	1.61	0.91	22.4412	21.4966	20.7433	19.7524	1
2575	07 38 06.680	+38 53 18.08	0.15	2.40	1.17	1.01	22.4006	21.0829	20.8604	20.1842	0
2591	07 38 06.749	+38 52 00.69	0.13	1.77	0.55	0.42	21.7761	20.4726	20.2661	19.8222	1
2593	07 38 06.744	+38 54 56.25	0.07	2.15	1.00	0.93	22.1573	20.9196	20.7757	20.5883	1
2599	07 38 06.775	+38 50 43.53	0.93	1.46	0.21	-0.72	21.4555	20.0861	19.1132	17.9942	1
2600	07 38 06.771	+38 52 48.43	0.70	80.00	0.02	-0.67	99.9999	19.9101	19.1629	18.1151	1
2606	07 38 06.796	+38 52 03.14	1.01	1.14	-0.36	-1.37	21.1369	19.5068	18.4601	17.2771	1
2613	07 38 06.810	+38 51 09.01	0.88	1.59	0.46	-0.42	21.5894	20.3366	19.4145	18.3300	1
2614	07 38 06.810	+38 53 19.31	0.10	2.00	0.99	0.89	22.0017	20.9126	20.7377	20.6111	1
2620	07 38 06.838	+38 51 52.99	0.75	1.77	0.62	-0.13	21.7720	20.5073	19.7041	18.6707	1
2627	07 38 06.865	+38 50 48.11	0.69	2.88	1.90	1.22	22.8842	21.7897	21.0512	20.0450	1
2630	07 38 06.862	+38 54 15.75	0.84	2.87	2.16	1.32	22.8720	22.0432	21.1572	20.1096	1
2648	07 38 06.946	+38 45 50.78	0.48	0.17	-0.75	-1.23	20.1740	19.1492	18.6095	17.9552	1
2656	07 38 06.962	+38 53 55.96	1.21	0.98	-0.77	-1.99	20.9768	19.0861	17.8400	16.5355	1
2658	07 38 06.965	+38 53 21.97	0.64	1.44	0.59	-0.06	21.4373	20.4776	19.7808	18.8770	1
2669	07 38 06.996	+38 52 00.22	0.66	1.60	0.54	-0.12	21.5960	20.4275	19.7126	18.7475	1
2670	07 38 06.997	+38 52 16.98	1.02	1.60	0.34	-0.68	21.5950	20.2101	19.1545	18.0286	1
2681	07 38 07.029	+38 51 40.32	1.03	1.16	-0.34	-1.38	21.1548	19.5267	18.4540	17.3002	1
2683	07 38 07.047	+38 53 52.72	1.13	80.00	2.50	1.37	99.9999	22.3651	21.1976	19.8626	1
2701	07 38 07.114	+38 50 45.94	0.80	1.92	0.81	0.01	21.9189	20.6966	19.8446	18.7814	1
2704	07 38 07.122	+38 54 56.70	0.84	2.21	1.33	0.49	22.2117	21.2061	20.3194	19.2949	1
2706	07 38 07.119	+38 58 08.19	0.11	2.10	0.82	0.71	22.1053	20.7355	20.5571	20.3535	1
2707	07 38 07.148	+38 45 50.01	0.43	-0.12	-1.07	-1.49	19.8795	18.8358	18.3477	17.7337	1
2710	07 38 07.145	+38 53 33.82	0.81	2.49	1.61	0.79	22.4863	21.4898	20.6286	19.5956	1
2711	07 38 07.153	+38 51 59.60	0.65	2.41	1.51	0.86	22.4100	21.3960	20.6969	19.7043	1
2715	07 38 07.176	+38 48 25.31	0.04	2.07	0.83	0.79	22.0731	20.7572	20.6413	20.4315	1
2722	07 38 07.199	+38 52 38.34	0.82	1.56	0.56	-0.26	21.5607	20.4399	19.5702	18.5279	1
2725	07 38 07.207	+38 54 45.97	0.40	0.34	-0.77	-1.18	20.3463	19.1301	18.6647	18.1207	1
2731	07 38 07.241	+38 51 35.41	0.08	2.02	0.76	0.68	22.0262	20.6776	20.5238	20.2920	1
2737	07 38 07.279	+38 48 11.48	0.73	2.58	1.64	0.91	22.5769	21.5306	20.7486	19.7555	1
2741	07 38 07.279	+38 53 40.54	0.26	2.09	0.88	0.62	22.0910	20.7960	20.4660	20.1195	1
2742	07 38 07.294	+38 52 32.00	0.21	2.38	1.43	1.22	22.3831	21.3430	21.0650	19.7187	0
2749	07 38 07.305	+38 57 28.26	0.76	2.74	1.92	1.17	22.7432	21.8087	21.0013	20.0410	1
2756	07 38 07.336	+38 51 51.96	0.67	2.41	1.52	0.85	22.4128	21.4109	20.6904	19.6853	1
2762	07 38 07.359	+38 52 21.11	1.01	1.75	0.68	-0.33	21.7513	20.5527	19.4979	18.3235	1
2763	07 38 07.359	+38 53 28.31	1.17	1.08	-0.62	-1.79	21.0800	19.2368	18.0332	16.7707	1
2766	07 38 07.370	+38 52 29.27	0.97	1.00	0.02	-0.95	20.9967	19.8972	18.8843	17.8021	1
2773	07 38 07.393	+38 53 35.37	0.80	2.19	1.11	0.31	22.1848	20.9946	20.1480	19.1269	1
2776	07 38 07.400	+38 52 13.84	0.03	2.11	1.10	1.07	22.1152	21.0255	20.9152	20.7332	1
2779	07 38 07.404	+38 54 20.27	0.82	2.84	1.96	1.15	22.8368	21.8417	20.9792	20.0190	1
2784	07 38 07.423	+38 49 26.22	0.77	2.60	1.68	0.91	22.5989	21.5631	20.7439	19.7384	1
2785	07 38 07.424	+38 49 29.02	0.84	1.87	0.74	-0.10	21.8647	20.6190	19.7357	18.6761	1
2792	07 38 07.433	+38 51 59.02	0.73	2.17	1.15	0.42	22.1709	21.0370	20.2522	19.1756	1
2808	07 38 07.489	+38 55 01.43	1.09	1.17	-0.25	-1.33	21.1670	19.6209	18.4950	17.2921	1
2810	07 38 07.507	+38 51 52.74	0.88	1.00	-0.23	-1.10	21.0016	19.6493	18.7282	17.6616	1
2818	07 38 07.531	+38 51 29.60	0.72	2.63	1.68	0.97	22.6256	21.5713	20.8020	19.8914	1
2836	07 38 07.592	+38 53 45.50	0.06	2.36	1.19	1.13	22.3662	21.1104	20.9751	20.8199	1
2838	07 38 07.611	+38 50 57.80	0.88	1.70	0.48	-0.40	21.6951	20.3557	19.4305	18.3527	1
2846	07 38 07.629	+38 57 15.40	0.49	-0.76	-1.60	-2.09	19.2418	18.2979	17.7482	17.0769	1
2849	07 38 07.653	+38 53 29.92	0.78	2.23	1.37	0.59	22.2268	21.2516	20.4265	19.3146	1
2850	07 38 07.662	+38 49 44.82	0.96	1.40	0.06	-0.89	21.3994	19.9369	18.9371	17.8220	1
2858	07 38 07.680	+38 51 53.22	0.87	1.74	0.52	-0.35	21.7364	20.4014	19.4826	18.3758	1
2859	07 38 07.678	+38 53 59.07	0.99	1.29	0.07	-0.92	21.2863	19.9374	18.9082	17.7859	1
2869	07 38 07.731	+38 51 15.09	1.09	80.00	2.47	1.37	99.9999	22.3319	21.2004	19.7148	1
2906	07 38 07.864	+38 54 37.55	0.88	1.90	0.89	0.01	21.8975	20.7650	19.8444	18.7794	1
2908	07 38 07.864	+38 57 05.37	0.14	2.01	0.75	0.61	22.0146	20.6679	20.4569	20.2009	1
2909	07 38 07.872	+38 53 37.26	1.03	1.50	0.14	-0.88	21.4981	20.0117	18.9466	17.7902	1
2916	07 38 07.913	+38 57 14.64	0.62	1.11	0.37	-0.26	21.1143	20.2569	19.5823	18.7938	1
2920	07 38 07.946	+38 50 34.73	0.72	2.75	1.77	1.05	22.7476	21.6575	20.8848	19.8865	1
2924	07 38 07.947	+38 53 51.86	1.16	0.82	-0.80	-1.95	20.8160	19.0663	17.8758	16.5895	1
2925	07 38 07.950	+38 52 13.41	0.49	2.09	1.16	0.67	22.0952	21.0577	20.5126	19.5036	1
2935	07 38 07.981	+38 54 47.17	0.17	2.14	0.95	0.78	22.1376	20.8666	20.6268	20.3904	1
2938	07 38 07.985	+38 53 35.08	0.05	2.11	0.91	0.86	22.1124	20.8298	20.7065	20.3186	1
2943	07 38 07.995	+38 54 02.86	0.84	2.20	1.36	0.52	22.2014	21.2434	20.3528	19.3109	1
2947	07 38 08.018	+38 55 31.82	1.02	1.40	0.04	-0.99	21.3955	19.9063	18.8444	17.7222	1
2955	07 38 08.052	+38 53 32.80	0.73	2.37	1.56	0.83	22.3701	21.4431	20.6629	19.5398	1
2957	07 38 08.064	+38 52 17.40	0.90	1.83	0.73	-0.17	21.8289	20.6029	19.6611	18.5451	1
2963	07 38 08.075	+38 52 15.76	0.91	1.87	0.89	-0.02	21.8736	20.7706	19.8150	18.6625	1
2966	07 38 08.076	+38 53 59.01	1.09	3.15	2.36	1.27	23.1527	22.2251	21.0954	20.0291	1
2997	07 38 08.172	+38 55 22.85	0.87	1.97	1.03	0.17	21.9644	20.9110	19.9995	18.9380	1
3004	07 38 08.191	+38 52 20.06	0.69	2.30	1.21	0.53	22.2990	21.1029	20.3643	19.2461	1
3009	07 38 08.215	+38 53 44.64	0.96	1.43	0.32	-0.65	21.4305	20.1887	19.1838	18.0833	1
3013	07 38 08.233	+38 52 16.49	0.86	2.20	1.54	0.68	22.1998	21.4187	20.5152	19.3476	1
3018	07 38 08.259	+38 52 23.80	0.92	2.00	1.14	0.22	21.9974	21.0197	20.0561	18.9872	1
3019	07 38 08.272	+38 46 55.19	0.63	-0.21	-1.18	-1.81	19.7891	18.7090	18.0258	17.1645	1
3026	07 38 08.279	+38 53 38.18	1.05	2.67	1.94	0.90	22.6644	21.8112	20.7251	19.6580	1
3032	07 38 08.291	+38 53 35.17	0.92	2.39	1.81	0.89	22.3895	21.6809	20.7182	19.5663	1
3035	07 38 08.317	+38 54 24.66	0.09	2.14	1.05	0.96	22.1462	20.9669	20.8057	20.7098	1
3038	07 38 08.323	+38 54 00.65	0.86	1.45	0.24	-0.62	21.4490	20.1209	19.2147	18.1484	1
3041	07 38 08.335	+38 54 05.21	0.94	2.04	1.12	0.17	22.0421	20.9903	20.0028	18.9538	1
3047	07 38 08.349	+38 53 42.81	-0.05	2.34	1.24	1.29	22.3437	21.1698	21.1365	21.0831	1
3049	07 38 08.354	+38 52 13.20	0.83	2.46	1.91	1.08	22.4552	21.7903	20.9145	19.8104	1
3057	07 38 08.382	+38 51 25.06	0.80	1.98	0.91	0.11	21.9802	20.7927	19.9452	18.8626	1
3070	07 38 08.432	+38 54 17.90	0.16	2.12	0.86	0.70	22.1269	20.7796	20.5503	20.2864	1
3084	07 38 08.510	+38 51 23.95	0.82	1.91	0.90	0.08	21.9063	20.7795	19.9114	18.8459	1
3085	07 38 08.507	+38 53 39.74	0.10	2.23	1.20	1.11	22.2363	21.1229	20.9524	20.7810	1
3086	07 38 08.523	+38 55 31.02	0.83	1.70	0.57	-0.26	21.7037	20.4486	19.5752	18.5754	1
3087	07 38 08.527	+38 54 03.37	0.14	2.05	0.84	0.70	22.0573	20.7584	20.5422	20.2780	1
3089	07 38 08.540	+38 50 13.07	0.65	2.34	1.32	0.66	22.3393	21.2072	20.5001	19.5988	1
3093	07 38 08.543	+38 54 00.51	0.06	2.18	1.07	1.02	22.1789	20.9951	20.8644	20.7607	1
3095	07 38 08.550	+38 52 11.93	0.85	1.30	0.30	-0.55	21.2985	20.1760	19.2836	18.2650	1
3102	07 38 08.565	+38 55 32.97	0.72	2.60	1.73	1.01	22.5970	21.6123	20.8457	19.9081	1
3116	07 38 08.614	+38 51 59.10	0.67	2.59	1.73	1.06	22.5902	21.6201	20.8952	19.9946	1
3125	07 38 08.653	+38 49 09.69	0.77	1.64	0.68	-0.09	21.6379	20.5590	19.7424	18.6826	1
3131	07 38 08.686	+38 53 27.69	0.74	2.87	1.52	0.78	22.8716	21.4039	20.6179	19.4053	1
3137	07 38 08.713	+38 51 45.99	0.90	1.76	0.63	-0.28	21.7543	20.5029	19.5549	18.4612	1
3144	07 38 08.729	+38 53 36.40	1.08	1.26	-0.10	-1.18	21.2605	19.7696	18.6484	17.4918	1
3152	07 38 08.752	+38 49 40.27	0.74	2.66	1.55	0.81	22.6612	21.4357	20.6451	19.6584	1
3154	07 38 08.751	+38 54 25.31	0.85	2.23	1.25	0.40	22.2263	21.1279	20.2318	19.1730	1
3161	07 38 08.769	+38 54 28.92	0.89	1.50	0.42	-0.47	21.4988	20.2995	19.3603	18.3068	1
3169	07 38 08.806	+38 51 56.02	0.80	2.57	1.60	0.80	22.5683	21.4795	20.6315	19.5411	1
3171	07 38 08.812	+38 51 59.33	0.08	1.93	0.87	0.79	21.9297	20.7936	20.6348	20.3472	1
3194	07 38 08.900	+38 53 54.38	0.19	2.28	1.03	0.84	22.2848	20.9472	20.6859	20.5024	1
3200	07 38 08.927	+38 53 31.82	1.03	0.94	-0.51	-1.53	20.9370	19.3628	18.2975	17.1159	1
3202	07 38 08.941	+38 50 14.53	0.84	1.73	0.51	-0.34	21.7293	20.3851	19.4945	18.4444	1
3204	07 38 08.947	+38 52 13.26	-0.08	1.96	0.70	0.78	21.9642	20.6279	20.6295	20.3162	1
3213	07 38 08.976	+38 53 43.97	1.12	1.10	-0.34	-1.46	21.1001	19.5273	18.3720	17.1878	1
3223	07 38 09.036	+38 51 39.81	0.80	2.09	1.01	0.21	22.0893	20.8925	20.0456	19.0224	1
3224	07 38 09.032	+38 55 49.68	0.07	2.15	0.95	0.88	22.1559	20.8728	20.7256	20.5529	1
3226	07 38 09.042	+38 53 48.62	0.75	2.44	1.60	0.84	22.4362	21.4803	20.6762	19.7152	1
3227	07 38 09.047	+38 51 52.67	0.71	2.29	1.33	0.62	22.2922	21.2193	20.4550	19.5164	1
3230	07 38 09.060	+38 53 15.49	0.99	1.15	0.03	-0.96	21.1482	19.9026	18.8750	17.7149	1
3232	07 38 09.063	+38 53 33.92	0.84	2.25	1.19	0.35	22.2527	21.0680	20.1836	19.1612	1
3241	07 38 09.103	+38 51 32.64	0.76	2.06	1.11	0.35	22.0560	20.9982	20.1877	19.1344	1
3242	07 38 09.102	+38 53 28.02	-0.06	2.30	0.96	1.02	22.3065	20.8860	20.8682	20.3517	0
3253	07 38 09.152	+38 52 06.58	1.08	0.99	-0.54	-1.62	20.9868	19.3279	18.2077	17.0133	1
3254	07 38 09.155	+38 53 41.22	0.23	1.95	0.81	0.57	21.9503	20.7192	20.4187	19.9631	1
3258	07 38 09.156	+38 56 20.48	0.51	1.94	1.01	0.50	21.9449	20.9075	20.3378	19.5900	1
3261	07 38 09.167	+38 54 08.92	0.87	2.16	1.17	0.30	22.1625	21.0465	20.1295	19.0597	1
3267	07 38 09.194	+38 53 58.47	0.11	2.29	1.09	0.98	22.2942	21.0104	20.8255	20.5861	1
3280	07 38 09.245	+38 52 12.79	0.19	2.02	0.81	0.62	22.0203	20.7222	20.4641	20.0844	1
3293	07 38 09.309	+38 51 11.81	0.70	1.81	0.89	0.19	21.8094	20.7777	20.0295	19.1634	1
3296	07 38 09.322	+38 52 27.24	0.81	1.56	0.52	-0.29	21.5641	20.4021	19.5489	18.5423	1
3301	07 38 09.330	+38 53 43.77	0.27	1.94	0.81	0.54	21.9443	20.7254	20.3870	19.9499	1
3305	07 38 09.352	+38 52 10.00	1.37	1.07	-1.00	-2.37	21.0704	18.8529	17.4521	15.9962	1
3307	07 38 09.358	+38 52 20.98	0.59	1.05	-0.07	-0.67	21.0526	19.8198	19.1704	18.3849	1
3317	07 38 09.386	+38 50 56.09	0.78	2.04	0.98	0.20	22.0368	20.8641	20.0386	19.0071	1
3319	07 38 09.383	+38 53 55.11	1.00	1.32	-0.04	-1.04	21.3207	19.8303	18.7872	17.6620	1
3324	07 38 09.413	+38 51 37.57	1.20	3.15	1.89	0.69	23.1471	21.7516	20.5177	19.4348	1
3339	07 38 09.452	+38 56 10.17	0.08	2.09	0.92	0.83	22.0897	20.8370	20.6820	20.4928	1
3344	07 38 09.475	+38 52 13.16	0.05	2.35	1.11	1.06	22.3557	21.0294	20.9084	20.7707	1
3346	07 38 09.483	+38 51 40.11	0.82	2.43	1.44	0.61	22.4266	21.3183	20.4475	19.3675	1
3353	07 38 09.517	+38 54 19.79	0.16	2.08	0.96	0.80	22.0804	20.8778	20.6500	20.4146	1
3354	07 38 09.524	+38 50 31.80	1.09	0.98	-0.57	-1.65	20.9828	19.2996	18.1751	16.9603	1
3366	07 38 09.555	+38 53 38.64	1.31	0.98	-1.02	-2.34	20.9763	18.8333	17.4894	16.0693	1
3367	07 38 09.564	+38 52 25.18	0.60	2.03	1.02	0.42	22.0329	20.9120	20.2611	19.1857	1
3368	07 38 09.562	+38 56 29.91	1.15	0.91	-0.77	-1.92	20.9103	19.0893	17.9042	16.6274	1
3369	07 38 09.569	+38 54 38.07	0.12	2.12	0.99	0.87	22.1212	20.9122	20.7187	20.5238	1
3377	07 38 09.603	+38 51 21.78	0.78	2.17	1.23	0.45	22.1734	21.1117	20.2875	19.2696	1
3382	07 38 09.608	+38 52 15.77	0.84	1.66	0.49	-0.34	21.6639	20.3739	19.4920	18.4119	1
3389	07 38 09.641	+38 54 06.27	0.87	2.61	1.75	0.87	22.6049	21.6245	20.7077	19.6867	1
3393	07 38 09.673	+38 52 27.30	0.01	2.04	0.81	0.79	22.0440	20.7332	20.6429	99.9999	1
3408	07 38 09.712	+38 54 02.78	0.06	2.14	0.99	0.93	22.1474	20.9134	20.7825	20.5842	1
3420	07 38 09.763	+38 51 08.88	0.31	1.99	0.91	0.60	21.9918	20.8206	20.4419	19.9734	1
3422	07 38 09.772	+38 50 45.51	1.38	0.89	-1.22	-2.60	20.8913	18.6346	17.2246	15.7328	1
3428	07 38 09.776	+38 54 20.24	0.04	2.20	1.08	1.03	22.1985	20.9998	20.8806	20.6927	1
3430	07 38 09.791	+38 51 27.58	0.89	2.16	1.14	0.25	22.1543	21.0193	20.0848	19.0403	1
3434	07 38 09.802	+38 55 41.08	0.07	2.09	0.99	0.92	22.0905	20.9141	20.7675	20.5859	1
3435	07 38 09.806	+38 54 49.13	0.15	2.13	0.94	0.79	22.1347	20.8606	20.6344	20.4286	1
3436	07 38 09.811	+38 53 15.16	0.31	1.74	1.09	0.78	21.7446	20.9969	20.6203	20.2182	1
3438	07 38 09.823	+38 52 05.20	0.77	2.36	1.31	0.54	22.3640	21.1966	20.3765	19.3568	1
3446	07 38 09.871	+38 51 47.97	0.56	2.55	1.56	0.99	22.5520	21.4524	20.8334	19.8330	1
3449	07 38 09.890	+38 49 27.29	0.50	1.24	0.48	-0.02	21.2367	20.3788	19.8209	19.0889	1
3450	07 38 09.886	+38 52 00.68	1.49	0.88	-1.18	-2.67	20.8813	18.6626	17.1503	15.5590	1
3457	07 38 09.923	+38 49 36.76	1.31	0.90	-1.12	-2.43	20.8999	18.7367	17.3974	15.9678	1
3465	07 38 09.934	+38 52 18.18	1.01	2.00	0.42	-0.59	21.9949	20.2860	19.2382	18.1026	1
3467	07 38 09.938	+38 53 08.05	0.79	1.34	0.01	-0.79	21.3418	19.8877	19.0448	18.0961	1
3468	07 38 09.939	+38 53 04.13	1.03	1.21	0.63	-0.41	21.2054	20.4943	19.4204	18.3606	1
3486	07 38 09.989	+38 54 01.33	1.28	1.11	-0.78	-2.06	21.1056	19.0781	17.7688	16.4109	1
3491	07 38 10.009	+38 53 35.54	0.96	1.28	0.05	-0.90	21.2797	19.9247	18.9267	17.8349	1
3493	07 38 10.013	+38 55 09.19	0.09	2.12	0.97	0.87	22.1224	20.8861	20.7178	20.5660	1
3496	07 38 10.027	+38 54 53.66	0.80	2.50	1.60	0.81	22.4959	21.4843	20.6408	19.6299	1
3502	07 38 10.054	+38 53 32.59	0.67	1.77	0.66	-0.01	21.7728	20.5518	19.8254	18.8298	1
3503	07 38 10.057	+38 52 03.26	0.07	2.15	0.78	0.72	22.1572	20.7067	20.5654	20.1625	1
3511	07 38 10.089	+38 52 33.70	0.68	1.80	1.12	0.44	21.7981	21.0056	20.2724	19.1234	1
3516	07 38 10.131	+38 51 47.74	0.85	2.53	1.51	0.66	22.5307	21.3885	20.4912	19.4274	1
3524	07 38 10.169	+38 53 09.55	1.33	0.69	-1.27	-2.60	20.6921	18.5796	17.2246	15.7861	1
3525	07 38 10.174	+38 53 24.30	0.86	1.89	1.09	0.24	21.8939	20.9716	20.0686	18.9900	1
3529	07 38 10.197	+38 50 50.28	0.07	2.10	0.90	0.83	22.1068	20.8195	20.6753	20.4557	1
3530	07 38 10.193	+38 54 00.49	0.74	3.15	2.24	1.50	23.1491	22.1210	21.3310	20.2085	1
3535	07 38 10.203	+38 54 30.64	0.88	1.97	0.98	0.10	21.9705	20.8537	19.9322	18.8686	1
3539	07 38 10.218	+38 54 22.89	0.76	2.25	1.30	0.54	22.2532	21.1845	20.3795	19.3636	1
3545	07 38 10.237	+38 53 51.40	0.75	1.44	0.48	-0.26	21.4400	20.3687	19.5714	18.5457	1
3557	07 38 10.300	+38 52 16.07	0.37	1.76	0.65	0.27	21.7583	20.5506	20.1124	19.4043	1
3566	07 38 10.323	+38 53 34.73	0.32	1.81	0.74	0.42	21.8132	20.6520	20.2636	19.5639	1
3576	07 38 10.369	+38 55 28.37	0.35	2.03	1.00	0.64	22.0278	20.9018	20.4829	19.8495	1
3604	07 38 10.484	+38 45 45.17	0.69	2.30	1.10	0.41	22.3020	20.9914	20.2487	19.2584	1
3611	07 38 10.488	+38 53 29.09	-0.14	2.35	0.86	1.00	22.3521	20.7890	20.8475	20.4871	0
3614	07 38 10.508	+38 50 52.74	0.67	2.13	1.18	0.51	22.1272	21.0731	20.3495	19.3985	1
3616	07 38 10.505	+38 54 04.00	0.12	2.22	0.94	0.82	22.2257	20.8633	20.6665	20.4164	1
3619	07 38 10.514	+38 52 13.47	1.22	1.09	-0.73	-1.95	21.0852	19.1251	17.8740	16.5738	1
3620	07 38 10.518	+38 51 14.84	0.75	2.14	1.12	0.37	22.1426	21.0066	20.2062	19.2166	1
3623	07 38 10.530	+38 53 14.09	0.75	1.59	0.38	-0.37	21.5931	20.2666	19.4664	18.4092	1
3625	07 38 10.532	+38 55 05.71	0.11	2.14	0.91	0.80	22.1382	20.8281	20.6493	20.4613	1
3631	07 38 10.568	+38 51 17.19	0.70	1.65	0.63	-0.08	21.6459	20.5125	19.7595	18.7774	1
3633	07 38 10.567	+38 53 15.65	1.12	1.43	0.31	-0.81	21.4237	20.1767	19.0196	17.8581	1
3643	07 38 10.620	+38 52 38.93	1.21	0.91	-0.91	-2.12	20.9120	18.9516	17.7117	16.3686	1
3644	07 38 10.633	+38 51 37.89	0.83	2.00	0.97	0.14	22.0012	20.8482	19.9757	18.9187	1
3648	07 38 10.648	+38 53 41.36	0.24	1.91	0.74	0.50	21.9077	20.6551	20.3430	19.9070	1
3649	07 38 10.653	+38 52 11.50	0.97	2.98	2.34	1.37	22.9744	22.2094	21.2024	20.1063	1
3651	07 38 10.660	+38 51 23.45	0.82	2.27	1.35	0.53	22.2742	21.2274	20.3620	19.3411	1
3658	07 38 10.678	+38 53 19.06	0.95	1.59	0.70	-0.25	21.5842	20.5743	19.5844	18.6734	1
3660	07 38 10.692	+38 50 51.07	0.24	1.77	0.57	0.33	21.7759	20.4817	20.1756	19.7099	1
3666	07 38 10.701	+38 53 12.21	0.76	1.79	1.07	0.31	21.7874	20.9576	20.1497	19.0369	1
3668	07 38 10.720	+38 50 37.09	0.83	2.02	1.06	0.23	22.0193	20.9400	20.0656	19.0331	1
3676	07 38 10.748	+38 52 52.92	0.70	1.75	1.25	0.55	21.7529	21.1413	20.3853	19.2402	1
3679	07 38 10.762	+38 54 08.16	0.13	2.09	0.90	0.76	22.0921	20.8148	20.6090	20.4672	1
3682	07 38 10.774	+38 51 26.74	0.67	2.62	1.66	1.00	22.6189	21.5542	20.8340	19.8473	1
3688	07 38 10.789	+38 52 29.32	1.07	0.97	-0.55	-1.62	20.9660	19.3175	18.2124	17.0188	1
3689	07 38 10.793	+38 53 17.00	0.25	1.85	0.75	0.50	21.8502	20.6613	20.3393	19.8008	1
3696	07 38 10.847	+38 53 20.09	1.07	2.73	1.97	0.90	22.7268	21.8353	20.7269	19.6382	1
3701	07 38 10.869	+38 53 54.45	0.86	1.45	-0.06	-0.93	21.4446	19.8141	18.9080	17.7806	1
3702	07 38 10.871	+38 53 28.34	0.22	1.98	0.72	0.50	21.9845	20.6313	20.3398	99.9999	1
3704	07 38 10.896	+38 52 12.45	0.87	1.23	0.06	-0.81	21.2257	19.9381	19.0258	17.9862	1
3711	07 38 10.927	+38 52 17.48	0.73	2.59	1.69	0.96	22.5899	21.5756	20.7921	19.7889	1
3713	07 38 10.942	+38 53 17.35	0.81	1.63	0.48	-0.33	21.6264	20.3625	19.5087	18.4509	1
3714	07 38 10.947	+38 51 23.04	0.81	2.05	1.05	0.24	22.0518	20.9323	20.0711	19.0149	1
3715	07 38 10.962	+38 46 34.21	1.48	80.00	2.96	1.48	99.9999	22.8062	21.2994	19.4453	1
3721	07 38 10.989	+38 52 29.89	1.12	0.98	-0.74	-1.86	20.9786	19.1257	17.9687	16.7155	1
3723	07 38 11.005	+38 53 34.58	0.11	2.22	1.08	0.97	22.2229	20.9990	20.8142	20.7189	1
3735	07 38 11.045	+38 52 54.58	0.60	1.91	1.12	0.52	21.9131	21.0131	20.3578	19.2441	1
3738	07 38 11.055	+38 51 46.70	0.90	2.43	1.32	0.42	22.4326	21.1944	20.2478	19.2216	1
3741	07 38 11.053	+38 53 59.27	0.10	2.24	0.98	0.88	22.2392	20.8972	20.7227	20.4575	1
3743	07 38 11.068	+38 51 58.89	0.81	1.85	0.79	-0.01	21.8515	20.6751	19.8210	18.7517	1
3751	07 38 11.135	+38 51 53.35	1.13	0.97	-0.70	-1.84	20.9648	19.1600	17.9918	16.7422	1
3753	07 38 11.145	+38 52 12.15	0.96	1.85	0.66	-0.30	21.8487	20.5325	19.5295	18.3941	1
3760	07 38 11.162	+38 54 09.01	0.10	2.20	0.97	0.86	22.1978	20.8877	20.7100	20.4822	1
3763	07 38 11.175	+38 52 37.94	0.75	0.70	-0.52	-1.28	20.7011	19.3600	18.5586	17.4773	1
3764	07 38 11.176	+38 52 53.76	0.87	1.29	0.21	-0.66	21.2913	20.0922	19.1744	18.1328	1
3768	07 38 11.189	+38 52 00.94	0.68	2.18	1.02	0.34	22.1818	20.9037	20.1714	19.1243	1
3769	07 38 11.190	+38 52 50.02	0.05	2.31	1.28	1.23	22.3141	21.2018	21.0792	99.9999	1
3771	07 38 11.193	+38 53 19.44	0.88	2.39	1.73	0.85	22.3878	21.6056	20.6808	19.7038	1
3781	07 38 11.250	+38 52 47.93	0.93	2.12	1.54	0.62	22.1237	21.4195	20.4491	19.3366	1
3782	07 38 11.252	+38 51 46.18	0.77	1.50	0.42	-0.36	21.4957	20.2996	19.4785	18.4409	1
3784	07 38 11.267	+38 56 01.16	0.84	2.13	1.19	0.35	22.1301	21.0657	20.1818	19.1404	1
3786	07 38 11.274	+38 54 22.12	0.20	1.98	0.80	0.60	21.9826	20.7133	20.4438	20.0549	1
3788	07 38 11.275	+38 55 56.99	0.09	2.12	0.94	0.85	22.1194	20.8602	20.6936	20.5790	1
3789	07 38 11.279	+38 53 06.96	0.96	1.18	0.02	-0.94	21.1757	19.8941	18.8953	17.7589	1
3791	07 38 11.289	+38 51 10.74	0.82	1.83	0.71	-0.11	21.8283	20.5902	19.7206	18.6758	1
3794	07 38 11.297	+38 56 06.06	0.81	1.40	0.32	-0.49	21.3963	20.1975	19.3424	18.3091	1
3799	07 38 11.328	+38 53 55.67	0.77	2.26	1.23	0.46	22.2568	21.1164	20.2974	19.2213	1
3800	07 38 11.338	+38 46 43.54	1.48	80.00	1.88	0.40	99.9999	21.7238	20.2214	18.2141	1
3806	07 38 11.360	+38 53 10.87	-0.13	2.23	0.95	1.08	22.2307	20.8799	20.9288	99.9999	1
3811	07 38 11.392	+38 53 59.91	0.18	2.06	0.82	0.64	22.0618	20.7389	20.4859	20.2078	1
3812	07 38 11.398	+38 52 06.95	-0.07	1.74	0.61	0.67	21.7435	20.5372	20.5244	20.3962	1
3814	07 38 11.402	+38 52 14.80	-0.20	-0.36	-0.61	-0.42	19.6447	19.3222	19.4361	19.5019	1
3818	07 38 11.423	+38 54 46.82	0.10	2.09	0.81	0.71	22.0964	20.7296	20.5569	20.2829	1
3819	07 38 11.434	+38 53 42.07	-0.03	2.10	0.74	0.77	22.1001	20.6669	20.6233	20.2923	1
3822	07 38 11.458	+38 52 37.23	1.03	3.04	2.33	1.29	23.0403	22.1958	21.1229	20.0396	1
3826	07 38 11.461	+38 55 10.18	0.81	2.72	1.82	1.01	22.7165	21.6979	20.8451	19.8385	1
3827	07 38 11.468	+38 55 27.20	0.78	2.73	1.88	1.09	22.7299	21.7592	20.9264	19.9383	1
3833	07 38 11.485	+38 59 23.65	0.08	2.06	0.71	0.63	22.0602	20.6321	20.4766	20.1920	1
3836	07 38 11.519	+38 53 13.97	0.25	2.25	1.02	0.77	22.2509	20.9294	20.6091	20.2005	1
3840	07 38 11.545	+38 52 16.24	0.16	1.91	0.77	0.61	21.9127	20.6842	20.4557	19.9801	1
3845	07 38 11.555	+38 50 52.61	0.80	1.93	0.78	-0.02	21.9342	20.6618	19.8115	18.7935	1
3849	07 38 11.563	+38 54 48.19	0.74	2.64	1.68	0.95	22.6430	21.5701	20.7806	19.8092	1
3855	07 38 11.595	+38 51 31.54	0.87	1.70	0.50	-0.37	21.7018	20.3758	19.4596	18.3737	1
3858	07 38 11.598	+38 53 21.14	-0.04	1.20	0.31	0.35	21.2053	20.2400	20.2006	20.0280	1
3860	07 38 11.602	+38 51 58.69	1.26	0.12	-1.79	-3.05	20.1188	18.0691	16.7740	15.3513	1
3879	07 38 11.696	+38 52 58.94	1.03	1.27	-0.26	-1.29	21.2647	19.6137	18.5437	17.3460	1
3884	07 38 11.716	+38 52 22.39	0.89	2.00	1.12	0.23	21.9975	20.9969	20.0587	18.9920	1
3888	07 38 11.743	+38 53 17.76	0.07	2.10	0.84	0.78	22.1017	20.7654	20.6237	20.2446	1
3898	07 38 11.795	+38 53 27.70	0.79	2.82	1.87	1.07	22.8149	21.7501	20.9090	19.8960	1
3900	07 38 11.817	+38 51 58.23	0.68	2.43	1.46	0.78	22.4301	21.3497	20.6187	19.6964	1
3907	07 38 11.843	+38 56 15.57	0.21	1.91	0.74	0.53	21.9154	20.6572	20.3793	19.9672	1
3912	07 38 11.854	+38 53 04.46	-0.07	1.38	0.37	0.44	21.3815	20.2972	20.2873	99.9999	1
3918	07 38 11.883	+38 52 42.41	0.15	2.19	1.06	0.91	22.1913	20.9760	20.7570	20.1324	1
3926	07 38 11.909	+38 54 19.30	0.99	1.42	0.13	-0.86	21.4209	19.9969	18.9704	17.8721	1
3928	07 38 11.914	+38 54 30.49	0.72	2.34	1.46	0.74	22.3449	21.3460	20.5740	19.6558	1
3937	07 38 11.966	+38 52 11.01	1.23	1.02	-0.96	-2.19	21.0170	18.8986	17.6334	16.2745	1
3938	07 38 11.971	+38 49 25.33	0.72	2.76	1.81	1.09	22.7615	21.6944	20.9215	19.9282	1
3940	07 38 11.973	+38 51 51.04	0.62	1.87	1.04	0.42	21.8728	20.9359	20.2608	19.3925	1
3941	07 38 11.983	+38 51 36.80	-0.02	2.08	0.78	0.80	22.0790	20.7020	20.6467	20.3903	1
3948	07 38 12.008	+38 52 59.41	0.58	2.45	1.48	0.90	22.4476	21.3701	20.7334	19.8750	1
3955	07 38 12.053	+38 52 22.95	0.10	2.14	0.90	0.80	22.1436	20.8233	20.6488	20.4985	1
3959	07 38 12.066	+38 55 28.95	0.73	2.54	1.69	0.96	22.5401	21.5716	20.7920	19.8267	1
3962	07 38 12.083	+38 54 00.85	0.83	2.75	1.89	1.06	22.7519	21.7745	20.8973	19.9018	1
3966	07 38 12.101	+38 51 58.83	0.42	1.79	0.82	0.40	21.7911	20.7272	20.2444	19.5485	1
3971	07 38 12.128	+38 49 46.05	0.85	1.79	0.68	-0.18	21.7939	20.5550	19.6573	18.5733	1
3973	07 38 12.134	+38 52 11.98	0.91	1.59	0.34	-0.57	21.5898	20.2203	19.2667	18.1970	1
3984	07 38 12.172	+38 57 58.07	0.11	2.05	0.83	0.73	22.0486	20.7519	20.5730	20.3408	1
3989	07 38 12.193	+38 53 22.68	0.83	2.39	1.47	0.65	22.3898	21.3553	20.4792	19.4766	1
3990	07 38 12.198	+38 52 37.32	0.12	2.36	1.17	1.05	22.3600	21.0915	20.8997	20.8784	1
3992	07 38 12.206	+38 50 57.46	0.01	2.04	0.83	0.82	22.0404	20.7539	20.6655	20.5352	1
3994	07 38 12.214	+38 57 17.62	0.73	2.78	1.80	1.07	22.7810	21.6902	20.9072	19.9172	1
3995	07 38 12.229	+38 51 26.00	0.86	2.70	1.88	1.02	22.7012	21.7594	20.8574	19.8418	1
3997	07 38 12.248	+38 53 25.76	0.75	2.29	1.32	0.57	22.2885	21.2061	20.4085	19.4565	1
4000	07 38 12.268	+38 52 33.53	0.31	2.00	0.98	0.67	22.0048	20.8901	20.5124	19.9474	1
4003	07 38 12.289	+38 53 14.79	0.18	2.09	0.80	0.62	22.0895	20.7179	20.4688	20.2843	1
4004	07 38 12.292	+38 52 16.93	0.74	1.89	0.86	0.12	21.8938	20.7470	19.9553	18.9684	1
4005	07 38 12.293	+38 52 09.61	0.99	1.27	-0.18	-1.18	21.2643	19.6864	18.6513	17.4963	1
4007	07 38 12.302	+38 53 31.05	0.03	2.12	0.87	0.84	22.1277	20.7981	20.6912	20.5112	1
4008	07 38 12.317	+38 51 30.14	0.89	1.48	0.25	-0.64	21.4813	20.1251	19.1886	18.0996	1
4012	07 38 12.322	+38 52 30.87	0.74	2.37	1.58	0.85	22.3700	21.4697	20.6822	19.6811	1
4022	07 38 12.392	+38 52 02.56	0.95	1.16	-0.08	-1.03	21.1541	19.7945	18.8021	17.6805	1
4024	07 38 12.395	+38 54 02.86	0.42	2.00	1.01	0.59	22.0038	20.9164	20.4323	19.7696	1
4028	07 38 12.412	+38 54 48.49	0.79	2.13	1.14	0.35	22.1304	21.0247	20.1892	19.1914	1
4029	07 38 12.413	+38 54 30.17	0.12	2.16	0.92	0.80	22.1630	20.8390	20.6497	20.4463	1
4031	07 38 12.418	+38 53 00.16	0.86	2.29	1.24	0.38	22.2894	21.1175	20.2113	19.1189	1
4033	07 38 12.437	+38 52 55.04	0.65	80.00	0.62	-0.03	99.9999	20.5056	19.8029	18.7682	1
4037	07 38 12.459	+38 50 46.88	0.75	2.31	1.65	0.90	22.3068	21.5304	20.7335	19.6807	1
4057	07 38 12.611	+38 51 01.22	0.66	2.49	1.67	1.01	22.4925	21.5552	20.8450	20.0304	1
4058	07 38 12.631	+38 52 14.52	0.90	2.86	2.02	1.12	22.8589	21.8957	20.9482	19.8539	1
4059	07 38 12.636	+38 54 09.80	0.78	2.91	2.08	1.30	22.9077	21.9609	21.1365	20.1485	1
4060	07 38 12.639	+38 52 33.66	0.07	2.13	0.93	0.86	22.1295	20.8503	20.7061	20.5807	1
4070	07 38 12.676	+38 55 04.50	0.92	1.65	0.54	-0.37	21.6467	20.4180	19.4584	18.3551	1
4074	07 38 12.681	+38 55 40.56	0.83	1.90	0.82	-0.01	21.9017	20.7017	19.8286	18.7740	1
4075	07 38 12.681	+38 55 46.63	0.06	2.07	0.93	0.87	22.0761	20.8475	20.7131	20.5049	1
4076	07 38 12.689	+38 53 19.47	0.10	2.22	0.99	0.89	22.2273	20.9113	20.7393	20.4271	1
4077	07 38 12.699	+38 52 27.06	0.25	2.26	1.07	0.83	22.2631	20.9858	20.6697	19.8985	1
4085	07 38 12.733	+38 51 54.02	0.05	2.10	0.91	0.87	22.1017	20.8376	20.7150	20.4174	1
4087	07 38 12.739	+38 53 36.05	1.36	1.10	-0.96	-2.32	21.0925	18.8959	17.5080	16.0920	1
4089	07 38 12.747	+38 52 50.46	1.32	2.95	1.51	0.20	22.9432	21.3672	20.0215	18.8334	1
4090	07 38 12.756	+38 52 16.50	0.92	2.98	1.97	1.05	22.9781	21.8474	20.8810	19.8415	1
4100	07 38 12.801	+38 52 30.33	0.61	2.70	1.74	1.13	22.7037	21.6329	20.9713	19.9520	1
4101	07 38 12.817	+38 54 54.83	0.85	2.20	1.26	0.41	22.1947	21.1415	20.2430	19.1830	1
4110	07 38 12.859	+38 50 43.85	0.32	2.05	0.96	0.64	22.0503	20.8694	20.4839	19.9198	1
4119	07 38 12.907	+38 52 57.65	0.85	2.82	2.03	1.18	22.8146	21.9076	21.0146	19.9725	1
4121	07 38 12.914	+38 53 13.77	0.83	2.67	1.62	0.79	22.6654	21.5004	20.6253	19.5306	1
4136	07 38 12.975	+38 45 45.29	0.33	1.11	0.26	-0.07	21.1150	20.1650	19.7727	19.1897	1
4138	07 38 12.971	+38 52 42.70	0.80	2.24	1.25	0.45	22.2402	21.1311	20.2867	19.3584	1
4149	07 38 13.040	+38 53 11.02	0.99	1.37	-0.19	-1.18	21.3738	19.6779	18.6516	17.4498	1
4161	07 38 13.113	+38 54 25.77	0.79	2.47	1.73	0.94	22.4735	21.6148	20.7755	19.7589	1
4164	07 38 13.123	+38 52 07.93	0.40	2.04	1.04	0.64	22.0419	20.9459	20.4853	19.9031	1
4175	07 38 13.173	+38 53 06.13	1.15	0.94	-0.73	-1.88	20.9374	19.1366	17.9488	16.6719	1
4176	07 38 13.178	+38 53 21.19	1.08	1.27	-0.26	-1.34	21.2686	19.6081	18.4885	17.2958	1
4186	07 38 13.245	+38 52 26.21	1.01	1.38	0.01	-0.99	21.3809	19.8827	18.8370	17.6722	1
4187	07 38 13.259	+38 45 54.68	0.42	0.41	-0.52	-0.94	20.4128	19.3810	18.8963	18.3045	1
4189	07 38 13.278	+38 52 46.06	0.72	2.56	1.57	0.85	22.5605	21.4564	20.6894	19.6242	1
4190	07 38 13.278	+38 52 50.73	0.07	2.12	0.84	0.77	22.1245	20.7624	20.6199	20.4638	1
4205	07 38 13.361	+38 51 16.97	0.88	1.65	0.42	-0.46	21.6448	20.3016	19.3763	18.3053	1
4208	07 38 13.371	+38 51 57.81	0.06	2.15	0.98	0.92	22.1572	20.9038	20.7667	20.5843	1
4209	07 38 13.378	+38 54 19.05	0.80	2.49	1.61	0.81	22.4930	21.4878	20.6402	19.6168	1
4211	07 38 13.381	+38 57 30.62	0.79	2.22	1.18	0.39	22.2239	21.0645	20.2275	19.2194	1
4212	07 38 13.403	+38 53 19.44	0.71	2.51	1.66	0.95	22.5095	21.5505	20.7892	19.8505	1
4213	07 38 13.410	+38 51 41.80	0.80	1.99	0.90	0.10	21.9935	20.7834	19.9330	18.8870	1
4218	07 38 13.427	+38 53 47.07	0.82	1.80	0.74	-0.08	21.8004	20.6167	19.7511	18.7161	1
4223	07 38 13.474	+38 52 57.48	1.29	1.03	-0.98	-2.27	21.0279	18.8788	17.5543	16.1682	1
4227	07 38 13.510	+38 51 34.50	0.08	2.08	0.92	0.84	22.0848	20.8388	20.6893	20.5027	1
4229	07 38 13.515	+38 53 26.52	0.08	2.17	0.89	0.81	22.1777	20.8072	20.6573	20.3883	1
4233	07 38 13.534	+38 52 59.62	0.84	2.63	1.68	0.84	22.6301	21.5606	20.6750	19.6832	1
4240	07 38 13.588	+38 53 22.63	0.83	1.80	0.81	-0.02	21.7965	20.6879	19.8141	18.7591	1
4242	07 38 13.601	+38 51 20.93	0.79	2.06	1.09	0.30	22.0581	20.9714	20.1356	19.0975	1
4254	07 38 13.667	+38 53 30.20	0.46	2.13	1.15	0.69	22.1341	21.0537	20.5289	19.7994	1
4256	07 38 13.684	+38 48 30.22	0.76	1.38	0.23	-0.53	21.3843	20.1103	19.2999	18.3120	1
4259	07 38 13.704	+38 50 00.58	1.03	1.05	-0.54	-1.58	21.0494	19.3256	18.2533	17.0785	1
4261	07 38 13.721	+38 51 31.82	0.18	2.03	0.82	0.64	22.0352	20.7356	20.4880	20.1184	1
4269	07 38 13.773	+38 52 47.62	0.25	2.00	0.79	0.54	22.0063	20.7035	20.3817	19.9472	1
4272	07 38 13.800	+38 50 36.84	0.74	2.89	2.04	1.30	22.8893	21.9257	21.1378	20.1169	1
4279	07 38 13.846	+38 54 13.49	0.07	2.07	0.81	0.74	22.0712	20.7291	20.5873	20.4446	1
4280	07 38 13.850	+38 52 34.04	0.83	1.86	0.68	-0.16	21.8582	20.5565	19.6751	18.5576	1
4284	07 38 13.857	+38 49 23.67	0.88	1.19	-0.06	-0.94	21.1936	19.8169	18.8948	17.8186	1
4288	07 38 13.874	+38 52 41.63	0.10	1.95	0.76	0.66	21.9501	20.6820	20.5047	20.2752	1
4289	07 38 13.885	+38 48 33.01	0.85	0.68	-0.68	-1.53	20.6754	19.2000	18.3043	17.3633	1
4297	07 38 13.932	+38 51 35.87	0.78	2.62	1.80	1.01	22.6171	21.6782	20.8494	19.8472	1
4299	07 38 13.936	+38 52 25.84	0.12	1.87	0.74	0.62	21.8734	20.6580	20.4666	20.1814	1
4302	07 38 13.952	+38 55 26.61	1.00	1.25	-0.07	-1.07	21.2502	19.8000	18.7578	17.6182	1
4305	07 38 13.981	+38 55 15.33	0.16	2.08	0.81	0.65	22.0811	20.7278	20.4975	20.1725	1
4315	07 38 14.022	+38 53 21.48	0.77	1.83	0.84	0.07	21.8326	20.7227	19.9006	18.9057	1
4318	07 38 14.071	+38 52 02.67	0.08	2.05	0.77	0.70	22.0550	20.6946	20.5424	20.2698	1
4321	07 38 14.101	+38 53 10.99	0.98	1.45	0.22	-0.76	21.4525	20.0897	19.0732	17.9472	1
4325	07 38 14.136	+38 51 48.69	0.75	2.35	1.38	0.63	22.3500	21.2676	20.4671	19.4470	1
4334	07 38 14.185	+38 54 00.16	0.75	2.95	2.07	1.31	22.9474	21.9499	21.1461	20.0986	1
4335	07 38 14.189	+38 52 36.00	1.34	0.96	-1.03	-2.36	20.9575	18.8251	17.4615	16.0242	1
4341	07 38 14.204	+38 52 41.15	0.77	2.15	1.15	0.37	22.1512	21.0299	20.2088	19.1699	1
4344	07 38 14.222	+38 53 57.67	0.92	1.64	0.49	-0.43	21.6391	20.3668	19.4044	18.3152	1
4350	07 38 14.248	+38 52 18.31	0.85	1.80	0.54	-0.31	21.7957	20.4214	19.5259	18.4216	1
4351	07 38 14.248	+38 54 48.08	0.80	2.52	1.68	0.88	22.5223	21.5600	20.7136	19.7034	1
4352	07 38 14.249	+38 55 12.95	0.97	1.41	0.20	-0.77	21.4064	20.0758	19.0624	17.9520	1
4355	07 38 14.263	+38 52 51.23	0.77	2.61	1.68	0.91	22.6065	21.5613	20.7440	19.7147	1
4356	07 38 14.266	+38 52 33.04	1.03	1.10	-0.35	-1.39	21.1015	19.5162	18.4434	17.2320	1
4362	07 38 14.289	+38 56 45.18	0.81	2.16	1.17	0.36	22.1626	21.0502	20.1943	19.1561	1
4369	07 38 14.351	+38 52 38.64	0.14	1.98	0.79	0.65	21.9868	20.7089	20.5001	20.1725	1
4370	07 38 14.355	+38 52 27.67	0.83	2.49	1.61	0.78	22.4851	21.4892	20.6134	19.6183	1
4378	07 38 14.408	+38 54 25.02	0.80	2.80	2.01	1.21	22.8032	21.8963	21.0474	20.0376	1
4380	07 38 14.416	+38 52 20.81	0.78	2.53	1.48	0.69	22.5318	21.3594	20.5282	19.4885	1
4384	07 38 14.467	+38 54 34.93	0.75	2.73	1.92	1.17	22.7285	21.8020	21.0007	19.9525	1
4389	07 38 14.497	+38 52 36.99	0.78	1.79	0.70	-0.09	21.7866	20.5804	19.7491	18.6601	1
4396	07 38 14.539	+38 51 55.10	0.14	1.97	0.78	0.65	21.9686	20.7027	20.4922	20.2679	1
4397	07 38 14.553	+38 54 58.55	0.53	-0.39	-1.21	-1.74	19.6090	18.6833	18.0961	17.3769	1
4398	07 38 14.558	+38 55 46.33	0.10	2.10	0.87	0.77	22.0990	20.7856	20.6127	20.4218	1
4403	07 38 14.593	+38 51 29.10	0.06	2.12	0.92	0.86	22.1213	20.8394	20.7069	20.4859	1
4406	07 38 14.594	+38 54 02.21	0.22	2.04	0.86	0.64	22.0406	20.7743	20.4827	20.1692	1
4412	07 38 14.612	+38 51 07.08	-0.04	1.53	0.42	0.45	21.5348	20.3430	20.3004	20.1592	1
4413	07 38 14.617	+38 54 32.42	0.92	1.71	0.64	-0.28	21.7115	20.5148	19.5542	18.4650	1
4417	07 38 14.627	+38 52 26.99	0.87	1.36	0.16	-0.71	21.3642	20.0368	19.1201	18.0318	1
4420	07 38 14.656	+38 52 10.30	0.11	2.06	0.85	0.75	22.0661	20.7738	20.5948	20.3365	1
4430	07 38 14.705	+38 48 31.75	0.38	-1.03	-1.91	-2.29	18.9748	17.9922	17.5506	16.9894	1
4436	07 38 14.743	+38 52 50.46	0.95	1.67	0.43	-0.51	21.6673	20.3085	19.3189	18.1695	1
4439	07 38 14.753	+38 49 51.91	1.10	3.07	1.95	0.85	23.0676	21.8110	20.6758	19.7175	1
4442	07 38 14.800	+38 53 28.39	0.77	2.73	1.88	1.11	22.7275	21.7630	20.9420	19.9691	1
4443	07 38 14.800	+38 52 59.75	0.86	1.91	0.83	-0.03	21.9132	20.7124	19.8070	18.7114	1
4446	07 38 14.820	+38 53 15.40	0.91	1.47	0.26	-0.65	21.4721	20.1327	19.1836	18.0727	1
4447	07 38 14.823	+38 52 24.04	0.18	1.95	0.74	0.55	21.9523	20.6529	20.3991	20.0669	1
4448	07 38 14.829	+38 58 54.26	0.64	0.29	-0.62	-1.27	20.2869	19.2671	18.5716	17.7734	1
4450	07 38 14.840	+38 54 21.43	0.07	2.15	0.94	0.88	22.1507	20.8652	20.7249	20.4200	1
4451	07 38 14.841	+38 56 54.11	0.41	0.29	-0.41	-0.82	20.2954	19.4938	19.0216	18.4316	1
4456	07 38 14.857	+38 55 48.61	0.20	1.90	0.73	0.53	21.9038	20.6449	20.3753	19.9985	1
4462	07 38 14.905	+38 52 36.40	0.93	1.06	-0.20	-1.13	21.0583	19.6742	18.7032	17.5736	1
4467	07 38 14.918	+38 53 11.08	1.08	0.93	-0.72	-1.80	20.9266	19.1429	18.0277	16.7908	1
4468	07 38 14.922	+38 52 17.07	0.62	2.44	1.49	0.86	22.4382	21.3800	20.7022	19.8658	1
4471	07 38 14.941	+38 51 51.55	1.32	0.86	-1.14	-2.46	20.8570	18.7136	17.3608	15.9157	1
4476	07 38 14.969	+38 51 05.00	0.04	2.02	0.93	0.90	22.0199	20.8581	20.7470	20.6284	1
4478	07 38 14.985	+38 51 33.20	0.72	1.97	0.94	0.21	21.9673	20.8231	20.0486	19.0334	1
4481	07 38 15.001	+38 51 25.36	0.95	1.29	-0.12	-1.07	21.2909	19.7573	18.7642	17.6363	1
4484	07 38 15.028	+38 50 34.40	0.73	2.46	1.39	0.66	22.4566	21.2744	20.4918	19.4791	1
4485	07 38 15.044	+38 53 14.77	0.98	1.28	-0.02	-1.00	21.2762	19.8478	18.8289	17.6808	1
4487	07 38 15.054	+38 53 10.20	0.79	1.43	0.33	-0.46	21.4338	20.2171	19.3760	18.3223	1
4490	07 38 15.068	+38 57 44.38	0.20	1.97	0.73	0.53	21.9679	20.6415	20.3704	20.0410	1
4491	07 38 15.071	+38 52 29.30	0.11	2.03	0.82	0.70	22.0278	20.7350	20.5499	20.2786	1
4495	07 38 15.088	+38 52 55.20	0.90	1.69	0.54	-0.35	21.6886	20.4213	19.4778	18.3453	1
4498	07 38 15.102	+38 53 21.46	0.74	2.27	1.36	0.62	22.2663	21.2471	20.4557	19.4932	1
4500	07 38 15.121	+38 52 34.89	0.26	1.90	0.77	0.51	21.9012	20.6855	20.3545	19.7989	1
4515	07 38 15.261	+38 54 57.64	0.66	2.27	1.30	0.64	22.2673	21.1896	20.4757	19.5062	1
4517	07 38 15.269	+38 51 52.59	0.63	0.87	-0.32	-0.96	20.8704	19.5674	18.8809	17.9816	1
4521	07 38 15.303	+38 51 28.49	0.05	2.14	0.87	0.82	22.1380	20.7892	20.6672	20.4274	1
4522	07 38 15.306	+38 50 07.94	0.67	-0.53	-1.61	-2.28	19.4739	18.2790	17.5544	16.7393	1
4524	07 38 15.323	+38 53 02.08	0.10	2.02	0.73	0.63	22.0179	20.6529	20.4802	20.1608	1
4525	07 38 15.331	+38 51 59.64	1.45	80.00	2.94	1.50	99.9999	22.7913	21.3200	19.3562	1
4528	07 38 15.341	+38 52 23.34	0.04	1.97	0.72	0.68	21.9727	20.6477	20.5316	20.3283	1
4534	07 38 15.379	+38 53 14.24	0.75	2.40	1.52	0.77	22.3963	21.4031	20.6081	19.6205	1
4539	07 38 15.436	+38 52 53.60	0.75	1.47	0.43	-0.33	21.4745	20.3119	19.5095	18.4578	1
4541	07 38 15.448	+38 50 57.22	0.08	1.92	0.62	0.54	21.9200	20.5457	20.3876	20.1249	1
4542	07 38 15.448	+38 52 50.82	1.07	0.89	-0.72	-1.80	20.8849	19.1455	18.0340	16.8011	1
4544	07 38 15.475	+38 55 23.00	0.80	2.07	1.05	0.25	22.0745	20.9322	20.0811	19.0455	1
4545	07 38 15.489	+38 52 03.23	0.74	2.79	1.88	1.14	22.7931	21.7627	20.9709	19.9903	1
4547	07 38 15.505	+38 53 20.09	0.93	1.59	0.46	-0.48	21.5930	20.3308	19.3564	18.2494	1
4548	07 38 15.511	+38 52 11.88	0.78	2.53	1.60	0.82	22.5307	21.4809	20.6518	19.6479	1
4552	07 38 15.530	+38 51 13.53	1.05	1.09	-0.43	-1.48	21.0884	19.4375	18.3483	17.1474	1
4555	07 38 15.557	+38 51 28.38	0.72	1.58	0.58	-0.14	21.5779	20.4636	19.6965	18.7007	1
4557	07 38 15.566	+38 54 21.81	0.90	1.49	0.38	-0.53	21.4913	20.2531	19.3054	18.2273	1
4562	07 38 15.610	+38 56 53.67	0.98	1.34	0.06	-0.91	21.3435	19.9347	18.9176	17.8057	1
4566	07 38 15.657	+38 53 37.81	1.02	1.30	0.04	-0.98	21.2979	19.9080	18.8529	17.8356	1
4568	07 38 15.664	+38 50 38.46	0.70	2.73	1.73	1.04	22.7290	21.6213	20.8745	19.8524	1
4573	07 38 15.698	+38 46 40.04	0.06	2.10	0.66	0.60	22.1040	20.5855	20.4468	20.2051	1
4579	07 38 15.769	+38 52 14.88	0.14	2.13	0.82	0.69	22.1374	20.7419	20.5328	20.2292	1
4580	07 38 15.778	+38 54 28.92	0.22	2.04	0.86	0.64	22.0392	20.7768	20.4859	20.0769	1
4585	07 38 15.850	+38 56 04.36	0.73	2.49	1.60	0.88	22.4864	21.4889	20.7123	19.7745	1
4587	07 38 15.866	+38 53 25.33	0.82	1.99	1.00	0.18	21.9917	20.8833	20.0130	18.9703	1
4591	07 38 15.899	+38 51 49.84	0.78	2.15	1.11	0.32	22.1484	20.9892	20.1573	19.1118	1
4595	07 38 15.931	+38 50 35.66	0.05	2.12	0.86	0.81	22.1257	20.7822	20.6535	20.4547	1
4596	07 38 15.943	+38 53 51.38	0.74	2.23	1.29	0.56	22.2255	21.1800	20.3932	19.4084	1
4599	07 38 15.953	+38 50 31.22	1.36	80.00	2.34	0.99	99.9999	22.1951	20.8125	18.9534	1
4603	07 38 15.981	+38 52 37.22	0.12	1.97	0.91	0.79	21.9687	20.8299	20.6391	20.3082	1
4604	07 38 16.006	+38 53 03.88	0.83	2.24	1.30	0.47	22.2421	21.1851	20.3062	19.2523	1
4608	07 38 16.039	+38 51 52.81	0.68	2.53	1.64	0.96	22.5258	21.5274	20.7940	19.8145	1
4611	07 38 16.056	+38 45 43.94	0.70	2.23	0.93	0.23	22.2342	20.8166	20.0615	19.0561	1
4614	07 38 16.092	+38 52 17.25	0.75	2.66	1.65	0.90	22.6582	21.5307	20.7314	19.6845	1
4619	07 38 16.159	+38 54 11.90	0.77	2.47	1.53	0.77	22.4725	21.4183	20.6031	19.6189	1
4622	07 38 16.178	+38 55 02.91	0.12	2.07	0.79	0.67	22.0685	20.7112	20.5177	20.2261	1
4624	07 38 16.191	+38 54 18.37	0.26	1.73	0.59	0.33	21.7325	20.5020	20.1743	19.6548	1
4625	07 38 16.195	+38 53 58.83	0.47	0.72	-0.06	-0.52	20.7173	19.8443	19.3155	18.6582	1
4644	07 38 16.391	+38 53 00.93	0.72	2.07	1.22	0.50	22.0694	21.1068	20.3400	19.3505	1
4650	07 38 16.418	+38 52 42.05	0.13	1.43	0.17	0.04	21.4350	20.0928	19.8863	19.4986	1
4651	07 38 16.417	+38 59 39.36	0.79	1.89	0.65	-0.14	21.8887	20.5329	19.6942	18.6519	1
4653	07 38 16.445	+38 59 11.73	0.72	2.37	1.25	0.53	22.3727	21.1392	20.3686	19.3660	1
4658	07 38 16.475	+38 53 15.63	0.75	2.05	1.08	0.33	22.0520	20.9643	20.1650	19.1770	1
4665	07 38 16.556	+38 53 54.58	0.09	1.95	0.77	0.69	21.9564	20.6957	20.5321	20.3484	1
4669	07 38 16.608	+38 52 17.10	0.82	1.88	0.82	-0.00	21.8829	20.6994	19.8336	18.7503	1
4670	07 38 16.612	+38 53 31.75	0.80	2.50	1.59	0.79	22.4954	21.4718	20.6196	19.5547	1
4671	07 38 16.628	+38 53 17.60	0.78	1.81	0.80	0.03	21.8083	20.6873	19.8609	18.8334	1
4675	07 38 16.683	+38 53 44.66	0.12	2.10	0.87	0.75	22.1064	20.7906	20.6014	20.4061	1
4676	07 38 16.684	+38 52 36.01	1.11	1.07	-0.62	-1.72	21.0713	19.2495	18.1061	16.8659	1
4685	07 38 16.748	+38 51 22.55	0.72	2.29	1.25	0.52	22.2931	21.1330	20.3602	19.3223	1
4686	07 38 16.750	+38 52 47.30	0.12	2.07	0.81	0.69	22.0684	20.7292	20.5352	20.1660	1
4687	07 38 16.760	+38 55 23.55	0.13	2.02	0.79	0.66	22.0180	20.7121	20.5055	20.2411	1
4692	07 38 16.876	+38 58 09.06	0.08	2.08	0.81	0.72	22.0807	20.7265	20.5702	20.4184	1
4695	07 38 16.896	+38 53 34.97	1.26	0.86	-1.00	-2.25	20.8613	18.8617	17.5708	16.2011	1
4696	07 38 16.912	+38 54 25.06	1.11	1.01	-0.67	-1.78	21.0040	19.1954	18.0448	16.8200	1
4697	07 38 16.918	+38 52 43.39	0.73	2.54	1.65	0.92	22.5412	21.5389	20.7583	19.7036	1
4698	07 38 16.919	+38 52 40.02	0.39	1.92	0.89	0.49	21.9246	20.7892	20.3323	19.6247	1
4699	07 38 16.927	+38 52 47.63	0.73	2.38	1.39	0.66	22.3785	21.2791	20.5004	19.4576	1
4703	07 38 16.959	+38 52 08.40	1.31	80.00	1.62	0.31	99.9999	21.4721	20.1302	18.5546	1
4704	07 38 16.962	+38 52 50.73	0.08	2.07	0.87	0.79	22.0685	20.7906	20.6323	20.4207	1
4707	07 38 16.994	+38 54 51.73	0.90	1.60	0.47	-0.43	21.6031	20.3449	19.4038	18.3314	1
4708	07 38 16.994	+38 54 11.32	0.11	1.93	0.76	0.64	21.9357	20.6752	20.4893	20.2687	1
4712	07 38 17.006	+38 52 59.89	0.07	2.07	0.89	0.82	22.0770	20.8103	20.6652	20.4305	1
4718	07 38 17.045	+38 52 20.03	0.74	2.00	0.87	0.13	21.9996	20.7549	19.9628	18.9333	1
4726	07 38 17.113	+38 51 24.53	0.79	2.12	1.06	0.27	22.1190	20.9435	20.1071	19.0748	1
4737	07 38 17.269	+38 52 56.81	0.82	2.05	1.05	0.23	22.0511	20.9291	20.0637	19.0082	1
4744	07 38 17.310	+38 50 09.29	0.76	1.99	0.84	0.08	21.9874	20.7266	19.9132	18.8993	1
4746	07 38 17.321	+38 54 13.43	0.79	2.56	1.65	0.86	22.5568	21.5371	20.6944	19.6810	1
4755	07 38 17.398	+38 55 08.64	0.58	-0.85	-1.78	-2.36	19.1462	18.1164	17.4820	16.7370	1
4760	07 38 17.434	+38 52 04.42	0.98	0.91	-0.48	-1.45	20.9095	19.3965	18.3775	17.2186	1
4766	07 38 17.475	+38 53 27.04	0.92	1.01	-0.35	-1.27	21.0050	19.5253	18.5583	17.4315	1
4768	07 38 17.502	+38 52 26.11	0.06	2.10	0.94	0.87	22.1068	20.8581	20.7199	20.5717	1
4772	07 38 17.538	+38 51 57.42	0.80	1.38	0.27	-0.53	21.3749	20.1522	19.3060	18.2711	1
4779	07 38 17.596	+38 53 18.04	0.90	1.31	0.17	-0.73	21.3124	20.0429	19.0984	18.0048	1
4780	07 38 17.602	+38 54 39.71	0.67	2.70	1.62	0.95	22.6961	21.5092	20.7912	19.7887	1
4781	07 38 17.603	+38 53 04.88	0.88	1.51	0.36	-0.52	21.5049	20.2389	19.3172	18.2259	1
4783	07 38 17.614	+38 51 50.52	0.78	2.05	1.04	0.25	22.0474	20.9202	20.0874	19.0625	1
4786	07 38 17.634	+38 58 27.82	0.75	2.53	1.57	0.82	22.5343	21.4531	20.6581	19.6581	1
4789	07 38 17.643	+38 52 44.16	0.41	2.23	1.22	0.80	22.2318	21.1209	20.6442	19.9149	1
4794	07 38 17.724	+38 52 29.66	0.72	3.00	2.09	1.37	23.0018	21.9754	21.2008	20.2002	1
4796	07 38 17.745	+38 54 40.58	0.57	1.88	1.02	0.45	21.8812	20.9110	20.2875	19.7080	1
4805	07 38 17.809	+38 52 02.30	0.77	2.80	1.98	1.21	22.8044	21.8635	21.0464	20.0291	1
4821	07 38 17.982	+38 55 09.07	0.79	2.48	1.56	0.77	22.4750	21.4467	20.6042	19.6126	1
4826	07 38 18.001	+38 51 23.06	0.89	1.44	0.27	-0.62	21.4420	20.1474	19.2136	18.1287	1
4832	07 38 18.078	+38 52 53.00	0.08	2.04	0.84	0.76	22.0477	20.7612	20.6091	20.3515	1
4836	07 38 18.140	+38 54 04.09	0.79	2.49	1.53	0.74	22.4921	21.4103	20.5745	19.5558	1
4837	07 38 18.153	+38 52 15.92	0.97	1.13	-0.19	-1.16	21.1241	19.6785	18.6701	17.5373	1
4840	07 38 18.176	+38 49 52.94	0.76	1.92	0.77	0.02	21.9238	20.6585	19.8533	18.8258	1
4845	07 38 18.210	+38 51 13.35	1.36	3.27	1.32	-0.05	23.2667	21.1668	19.7749	18.1720	1
4861	07 38 18.329	+38 50 37.11	0.68	2.23	1.34	0.66	22.2303	21.2274	20.4953	19.5227	1
4874	07 38 18.451	+38 50 18.27	0.67	2.64	1.68	1.01	22.6352	21.5659	20.8468	19.8992	1
4875	07 38 18.453	+38 53 31.89	0.83	2.71	1.88	1.05	22.7101	21.7583	20.8835	19.8828	1
4882	07 38 18.529	+38 53 11.72	0.82	1.55	0.49	-0.32	21.5521	20.3736	19.5106	18.4589	1
4891	07 38 18.606	+38 52 08.76	0.12	2.00	0.75	0.62	22.0057	20.6672	20.4713	20.2297	1
4892	07 38 18.608	+38 53 51.94	1.01	1.18	-0.26	-1.28	21.1800	19.6061	18.5515	17.3832	1
4894	07 38 18.617	+38 55 50.87	0.11	2.03	0.82	0.71	22.0298	20.7402	20.5550	20.4080	1
4898	07 38 18.669	+38 52 27.02	-0.03	1.89	0.81	0.83	21.8933	20.7350	20.6823	20.5474	1
4899	07 38 18.676	+38 53 35.77	0.08	2.11	0.94	0.86	22.1160	20.8621	20.7053	20.5176	1
4904	07 38 18.715	+38 51 39.84	0.73	2.75	1.86	1.12	22.7503	21.7438	20.9595	19.9643	1
4913	07 38 18.783	+38 54 49.10	0.11	2.02	0.81	0.70	22.0247	20.7287	20.5425	20.3389	1
4916	07 38 18.834	+38 53 58.88	0.21	2.03	0.80	0.59	22.0328	20.7156	20.4322	20.0627	1
4919	07 38 18.852	+38 53 29.89	0.85	1.62	0.48	-0.38	21.6186	20.3552	19.4544	18.3889	1
4922	07 38 18.873	+38 52 31.70	1.01	1.12	-0.42	-1.43	21.1147	19.4479	18.3976	17.2128	1
4923	07 38 18.887	+38 47 16.30	0.79	1.33	0.06	-0.73	21.3248	19.9415	19.1032	18.0624	1
4925	07 38 18.921	+38 51 01.17	0.80	1.89	0.77	-0.02	21.8880	20.6564	19.8132	18.7707	1
4938	07 38 19.072	+38 53 34.58	0.79	1.94	0.94	0.15	21.9364	20.8232	19.9846	18.9767	1
4945	07 38 19.173	+38 50 47.81	1.00	1.16	-0.30	-1.31	21.1546	19.5663	18.5242	17.3515	1
4948	07 38 19.217	+38 53 08.20	0.78	2.15	1.14	0.36	22.1448	21.0228	20.1916	19.1384	1
4975	07 38 19.611	+38 53 15.55	1.38	1.01	-1.11	-2.48	21.0112	18.7413	17.3389	15.8851	1
4978	07 38 19.648	+38 55 33.31	0.80	1.96	1.09	0.29	21.9635	20.9708	20.1212	19.0984	1
4983	07 38 19.721	+38 52 07.25	0.61	-0.23	-1.15	-1.76	19.7713	18.7384	18.0726	17.3099	1
4991	07 38 19.778	+38 55 07.04	0.22	1.93	0.76	0.54	21.9282	20.6735	20.3809	19.9485	1
4992	07 38 19.787	+38 54 40.64	0.51	2.08	1.09	0.59	22.0828	20.9922	20.4277	19.6940	1
4993	07 38 19.804	+38 52 10.83	0.71	2.78	1.83	1.12	22.7777	21.7160	20.9508	19.9848	1
5007	07 38 19.904	+38 48 50.44	0.71	2.41	1.35	0.64	22.4131	21.2364	20.4745	19.6049	1
5012	07 38 19.990	+38 52 48.75	0.88	1.43	0.12	-0.77	21.4255	19.9944	19.0656	17.9645	1
5025	07 38 20.177	+38 54 43.46	0.79	2.23	1.25	0.46	22.2334	21.1325	20.2942	19.2540	1
5027	07 38 20.206	+38 52 12.01	0.94	1.33	0.07	-0.87	21.3269	19.9406	18.9609	17.8509	1
5032	07 38 20.254	+38 57 14.19	1.03	1.11	-0.41	-1.44	21.1099	19.4617	18.3915	17.2260	1
5039	07 38 20.402	+38 55 45.40	0.04	2.09	0.93	0.89	22.0902	20.8576	20.7408	20.6282	1
5042	07 38 20.514	+38 51 27.98	0.75	1.90	0.85	0.10	21.9040	20.7316	19.9332	18.9220	1
5043	07 38 20.518	+38 53 06.36	0.75	2.52	1.66	0.91	22.5176	21.5414	20.7407	19.7806	1
5048	07 38 20.575	+38 47 27.36	1.53	80.00	2.60	1.07	99.9999	22.4410	20.8894	18.8981	1
5051	07 38 20.610	+38 51 55.11	0.07	2.05	0.79	0.72	22.0554	20.7113	20.5666	20.3991	1
5055	07 38 20.696	+38 52 59.44	0.82	1.71	0.61	-0.21	21.7130	20.4948	19.6253	18.5668	1
5067	07 38 20.875	+38 47 26.59	0.95	3.16	1.62	0.66	23.1610	21.4899	20.4946	19.3423	1
5070	07 38 20.899	+38 53 43.98	0.83	1.93	0.95	0.12	21.9279	20.8324	19.9536	18.8879	1
5071	07 38 20.908	+38 51 50.78	1.14	0.83	-0.90	-2.04	20.8246	18.9637	17.7870	16.5023	1
5073	07 38 20.919	+38 55 22.87	0.77	2.79	1.98	1.21	22.7865	21.8631	21.0435	20.0508	1
5078	07 38 20.990	+38 52 39.64	0.75	2.05	1.18	0.43	22.0471	21.0630	20.2613	19.2242	1
5079	07 38 21.020	+38 57 19.64	0.58	0.96	0.16	-0.42	20.9595	20.0507	19.4170	18.6995	1
5087	07 38 21.094	+38 56 47.21	0.60	1.19	0.39	-0.21	21.1923	20.2873	19.6309	18.9067	1
5096	07 38 21.202	+38 50 23.30	0.33	2.07	0.97	0.64	22.0731	20.8776	20.4815	19.9180	1
5113	07 38 21.475	+38 53 05.70	0.76	2.68	1.64	0.88	22.6806	21.5230	20.7178	19.7050	1
5116	07 38 21.494	+38 53 36.32	0.75	2.37	1.38	0.63	22.3716	21.2672	20.4642	19.4449	1
5122	07 38 21.652	+38 51 52.81	0.02	2.04	0.84	0.82	22.0413	20.7677	20.6708	20.4674	1
5136	07 38 21.932	+38 51 46.64	0.69	2.36	1.46	0.77	22.3556	21.3485	20.6063	19.5948	1
5158	07 38 22.308	+38 53 33.05	0.08	1.97	0.75	0.67	21.9743	20.6680	20.5174	20.2953	1
5160	07 38 22.351	+38 51 30.91	0.02	2.08	0.79	0.76	22.0853	20.7137	20.6128	20.3659	1
5161	07 38 22.360	+38 52 21.09	0.03	2.06	0.85	0.82	22.0652	20.7756	20.6692	20.5165	1
5172	07 38 22.573	+38 50 20.06	1.12	3.35	2.11	0.99	23.3455	21.9764	20.8233	19.7492	1
5173	07 38 22.608	+38 53 22.78	0.76	1.43	0.32	-0.44	21.4339	20.2061	19.3970	18.3890	1
5177	07 38 22.638	+38 50 56.98	0.05	2.12	0.82	0.77	22.1197	20.7397	20.6131	20.4647	1
5186	07 38 22.715	+38 51 25.97	0.73	1.45	0.36	-0.38	21.4503	20.2413	19.4593	18.4842	1
5189	07 38 22.735	+38 57 59.48	0.34	-1.04	-2.01	-2.36	18.9601	17.8926	17.4841	16.9464	1
5190	07 38 22.732	+38 51 49.35	0.00	2.03	0.87	0.86	22.0310	20.7933	20.7120	20.5471	1
5194	07 38 22.777	+38 52 28.08	0.97	1.14	-0.26	-1.23	21.1411	19.6147	18.6003	17.4442	1
5197	07 38 22.830	+38 53 42.10	0.97	0.99	-0.42	-1.39	20.9851	19.4525	18.4426	17.2979	1
5202	07 38 22.911	+38 57 54.71	0.17	2.03	0.72	0.56	22.0341	20.6414	20.4039	20.1213	1
5208	07 38 23.030	+38 51 04.46	0.80	1.66	0.48	-0.32	21.6613	20.3643	19.5153	18.5070	1
5215	07 38 23.106	+38 47 05.45	0.63	2.71	1.72	1.09	22.7080	21.6160	20.9309	19.9622	1
5217	07 38 23.131	+38 54 11.42	0.33	2.11	1.03	0.71	22.1071	20.9427	20.5489	19.9409	1
5225	07 38 23.309	+38 52 57.24	0.81	2.04	1.02	0.21	22.0383	20.9007	20.0473	18.9962	1
5239	07 38 23.536	+38 55 35.09	0.75	2.72	1.80	1.06	22.7176	21.6864	20.8903	19.9117	1
5242	07 38 23.593	+38 52 30.69	0.74	2.63	1.65	0.92	22.6315	21.5388	20.7505	19.7468	1
5252	07 38 23.720	+38 52 48.96	0.80	1.74	0.73	-0.07	21.7383	20.6117	19.7664	18.7137	1
5253	07 38 23.737	+38 48 04.24	0.48	1.93	1.08	0.60	21.9272	20.9828	20.4400	19.7083	1
5254	07 38 23.763	+38 57 55.63	1.27	2.95	1.00	-0.27	22.9437	20.8540	19.5580	18.0987	1
5258	07 38 23.857	+38 56 14.93	1.59	80.00	3.08	1.49	99.9999	22.9193	21.3094	19.3039	1
5259	07 38 23.865	+38 50 51.32	1.02	1.00	-0.49	-1.51	21.0014	19.3776	18.3168	17.1454	1
5261	07 38 23.938	+38 51 44.91	0.03	2.06	0.86	0.83	22.0614	20.7799	20.6731	20.4709	1
5269	07 38 24.045	+38 53 16.55	0.14	1.83	0.55	0.41	21.8367	20.4633	20.2547	19.9573	1
5275	07 38 24.168	+38 55 06.30	1.50	80.00	1.30	-0.19	99.9999	21.1479	19.6276	17.7956	1
5297	07 38 24.563	+38 51 57.51	0.97	1.16	-0.26	-1.23	21.1555	19.6087	18.6006	17.4433	1
5299	07 38 24.569	+38 54 50.25	0.74	2.42	1.41	0.67	22.4204	21.2965	20.5060	19.5061	1
5301	07 38 24.575	+38 51 33.23	0.01	2.05	0.92	0.91	22.0499	20.8472	20.7560	20.6293	1
5302	07 38 24.582	+38 54 27.94	0.15	2.00	0.75	0.60	22.0021	20.6647	20.4440	20.1887	1
5304	07 38 24.590	+38 56 23.33	1.16	0.97	-0.80	-1.95	20.9708	19.0660	17.8754	16.5843	1
5310	07 38 24.700	+38 52 35.97	0.19	1.78	0.57	0.38	21.7837	20.4823	20.2233	19.8120	1
5339	07 38 25.241	+38 55 15.82	0.87	2.81	1.61	0.74	22.8081	21.4878	20.5733	19.6545	1
5341	07 38 25.271	+38 53 05.85	1.02	1.13	-0.43	-1.45	21.1325	19.4421	18.3811	17.2033	1
5347	07 38 25.399	+38 56 28.29	0.98	1.15	-0.23	-1.22	21.1499	19.6383	18.6155	17.4727	1
5358	07 38 25.689	+38 50 26.18	-0.02	2.03	0.82	0.83	22.0369	20.7422	20.6834	20.5141	1
5359	07 38 25.717	+38 52 43.46	0.54	1.50	0.56	0.02	21.5008	20.4561	19.8593	19.0282	1
5369	07 38 25.922	+38 53 10.68	0.09	1.98	0.66	0.56	21.9855	20.5758	20.4091	20.0962	1
5375	07 38 25.988	+38 52 42.07	0.79	1.90	0.80	0.02	21.8968	20.6848	19.8512	18.8110	1
5379	07 38 26.086	+38 58 10.17	0.30	1.58	0.44	0.13	21.5867	20.3461	19.9771	19.4941	1
5386	07 38 26.240	+38 54 42.04	0.07	2.06	0.82	0.75	22.0671	20.7465	20.6021	20.4431	1
5401	07 38 26.592	+38 48 35.48	-0.04	2.08	0.77	0.81	22.0817	20.6960	20.6558	20.5113	1
5406	07 38 26.696	+38 55 24.46	0.86	1.63	0.41	-0.45	21.6286	20.2880	19.3816	18.3297	1
5414	07 38 26.808	+38 53 18.77	0.01	2.09	0.85	0.84	22.0903	20.7764	20.6906	20.5563	1
5418	07 38 26.866	+38 51 30.64	0.78	2.14	1.04	0.26	22.1358	20.9229	20.0988	19.1029	1
5424	07 38 27.026	+38 53 38.52	0.08	1.95	0.63	0.55	21.9563	20.5498	20.3939	20.1189	1
5430	07 38 27.101	+38 59 08.01	0.88	80.00	2.08	1.20	99.9999	21.9565	21.0302	20.0242	1
5431	07 38 27.084	+38 49 23.36	0.76	1.92	0.73	-0.03	21.9206	20.6120	19.8044	18.7917	1
5433	07 38 27.126	+38 50 43.27	0.70	2.70	1.67	0.96	22.7036	21.5540	20.8003	19.8211	1
5437	07 38 27.209	+38 54 12.44	0.61	-1.14	-1.99	-2.60	18.8648	17.9048	17.2424	16.3702	1
5440	07 38 27.418	+38 51 55.68	1.45	80.00	2.88	1.43	99.9999	22.7312	21.2536	19.0145	1
5443	07 38 27.526	+38 52 23.00	0.03	2.09	0.86	0.83	22.0971	20.7840	20.6760	20.5165	1
5444	07 38 27.534	+38 52 51.32	0.76	1.97	0.85	0.08	21.9648	20.7294	19.9155	18.8777	1
5449	07 38 27.668	+38 51 28.01	0.03	2.06	0.78	0.75	22.0579	20.7048	20.5947	20.4169	1
5451	07 38 27.677	+38 48 35.66	1.26	2.66	0.56	-0.69	22.6564	20.4216	19.1350	17.6804	1
5457	07 38 27.794	+38 53 33.10	0.17	1.96	0.72	0.54	21.9600	20.6321	20.3867	20.0110	1
5458	07 38 27.846	+38 47 53.63	1.23	2.92	0.98	-0.26	22.9227	20.8337	19.5680	18.0470	1
5477	07 38 28.509	+38 55 28.37	0.07	2.09	0.81	0.74	22.0942	20.7329	20.5914	20.4253	1
5497	07 38 29.157	+38 59 13.05	0.48	1.52	0.64	0.17	21.5167	20.5440	20.0070	18.9947	1
5510	07 38 29.471	+38 49 14.10	0.11	2.04	0.69	0.58	22.0419	20.6073	20.4274	20.1238	1
5511	07 38 29.491	+38 50 01.34	0.65	1.99	0.99	0.34	21.9880	20.8814	20.1811	19.3732	1
5515	07 38 29.569	+38 57 27.98	1.53	80.00	2.27	0.75	99.9999	22.1139	20.5668	18.4962	1
5523	07 38 29.785	+38 47 01.82	0.62	3.08	1.84	1.22	23.0809	21.7305	21.0538	20.2286	1
5525	07 38 29.879	+38 58 15.94	1.40	3.20	1.18	-0.21	23.1982	21.0337	19.6124	17.9479	1
5539	07 38 30.233	+38 58 26.08	1.54	80.00	2.28	0.74	99.9999	22.1221	20.5653	18.4116	1
5546	07 38 30.469	+38 47 46.27	0.64	2.59	1.52	0.88	22.5886	21.4108	20.7197	19.7708	1
5549	07 38 30.540	+38 53 57.07	0.10	2.04	0.69	0.59	22.0456	20.6141	20.4398	20.1719	1
5551	07 38 30.546	+38 50 07.54	0.64	1.00	0.06	-0.58	20.9978	19.9490	19.2524	18.4599	1
5562	07 38 31.082	+38 57 14.60	1.50	80.00	3.15	1.65	99.9999	22.9984	21.4739	19.5491	1
5565	07 38 31.086	+38 55 29.99	0.53	2.12	1.34	0.81	22.1248	21.2339	20.6458	19.9250	1
5571	07 38 31.211	+38 52 01.87	0.02	2.06	0.74	0.72	22.0592	20.6685	20.5703	20.3584	1
5572	07 38 31.203	+38 47 45.18	0.46	0.06	-0.91	-1.37	20.0584	18.9889	18.4694	17.8314	1
5580	07 38 31.452	+38 51 12.05	0.95	1.28	-0.16	-1.11	21.2780	19.7131	18.7172	17.5784	1
5593	07 38 31.959	+38 49 47.62	0.71	2.26	1.09	0.38	22.2607	20.9801	20.2170	19.2172	1
5594	07 38 32.020	+38 49 13.87	0.94	2.24	0.61	-0.33	22.2409	20.4847	19.5034	18.4315	1
5599	07 38 32.250	+38 54 43.41	1.04	1.09	-0.59	-1.63	21.0894	19.2825	18.1999	16.9925	1
5608	07 38 32.701	+38 52 05.28	-0.00	1.90	0.57	0.57	21.9032	20.4929	20.4187	20.3091	1
5609	07 38 32.714	+38 52 56.61	0.12	1.95	0.63	0.51	21.9511	20.5508	20.3566	20.0512	1
5611	07 38 32.825	+38 53 48.50	0.75	0.06	-1.12	-1.87	20.0596	18.7629	17.9650	17.0705	1
5616	07 38 32.985	+38 53 45.18	1.14	0.84	-1.03	-2.17	20.8396	18.8308	17.6533	16.3664	1
5621	07 38 33.093	+38 49 39.75	0.03	2.12	0.66	0.64	22.1230	20.5887	20.4859	20.2982	1
5626	07 38 33.159	+38 53 05.36	0.03	2.10	0.73	0.70	22.1042	20.6560	20.5460	20.3875	1
5628	07 38 33.181	+38 56 54.70	0.69	2.49	1.41	0.72	22.4852	21.3009	20.5594	19.6007	1
5647	07 38 33.745	+38 47 59.25	1.50	80.00	2.81	1.31	99.9999	22.6552	21.1332	18.9173	1
5654	07 38 34.102	+38 53 46.80	1.45	80.00	1.38	-0.07	99.9999	21.2284	19.7527	17.9822	1
5660	07 38 34.331	+38 56 28.64	1.20	80.00	2.19	0.99	99.9999	22.0467	20.8173	19.4305	1
5664	07 38 34.461	+38 54 39.84	1.55	80.00	1.44	-0.10	99.9999	21.2840	19.7161	17.4675	1
5680	07 38 35.188	+38 51 49.35	1.41	80.00	2.04	0.63	99.9999	21.8860	20.4523	18.3639	1
5682	07 38 35.194	+38 51 26.87	0.74	2.01	0.81	0.07	22.0139	20.6938	19.9003	18.9027	1
5692	07 38 35.578	+38 48 02.50	1.44	80.00	1.99	0.55	99.9999	21.8395	20.3738	18.3091	1
5703	07 38 36.073	+38 56 52.12	0.49	1.34	0.48	-0.01	21.3394	20.3834	19.8316	19.1980	1
5759	07 38 38.722	+38 56 03.55	0.82	1.35	0.02	-0.79	21.3517	19.9037	19.0394	18.1222	1
5779	07 38 39.663	+38 55 35.79	0.53	1.14	0.26	-0.26	21.1370	20.1597	19.5765	18.8695	1
5797	07 38 40.754	+38 53 29.63	0.70	0.20	-0.92	-1.62	20.1989	18.9696	18.2207	17.4026	1
5800	07 38 41.045	+38 52 26.01	0.75	1.07	-0.20	-0.95	21.0653	19.6881	18.8851	17.9105	1
5815	07 38 41.748	+38 53 35.04	0.55	1.14	0.15	-0.40	21.1451	20.0466	19.4426	18.7467	1
5824	07 38 42.370	+38 51 53.35	0.68	1.52	0.23	-0.45	21.5172	20.1172	19.3844	18.4680	1
5828	07 38 42.774	+38 49 40.81	0.47	2.56	1.57	1.11	22.5657	21.4744	20.9482	20.2542	1
5838	07 38 43.318	+38 53 30.21	0.69	2.42	1.20	0.51	22.4247	21.0890	20.3489	19.5275	1
5855	07 38 44.058	+38 55 06.89	0.38	0.94	-0.05	-0.43	20.9402	19.8587	19.4128	18.8924	1
5871	07 38 44.631	+38 52 39.52	0.56	2.83	1.60	1.04	22.8284	21.4973	20.8778	20.0206	1
5891	07 38 45.239	+38 53 51.47	1.22	2.68	0.47	-0.75	22.6797	20.3285	19.0765	17.6965	1
5893	07 38 45.290	+38 51 40.63	-0.08	2.34	0.75	0.83	22.3415	20.6806	20.6823	20.6982	1
