# ngc4147 E(B-V)=0.02, m-M = 16.43
# BlueFlag Note: if (V-I)0 > 0.331 + 1.444 * (B-V)0 then BlueFlag = 0
# 	RA		Dec		(B-V)_0	M_u	M_B	M_V	u	B	V	I	BlueFlag
79	12 10 18.094	+18 37 13.69	0.65	83.47	3.81	3.16	99.9999	20.2955	19.6449	18.9647	1
85	12 10 02.957	+18 36 39.81	0.30	1.97	0.87	0.57	18.4993	17.3665	17.0557	16.8460	1
87	12 10 10.068	+18 36 34.23	0.19	83.47	4.13	3.94	99.9999	20.6298	20.4295	19.6051	0
99	12 10 19.505	+18 36 01.99	0.83	3.11	2.23	1.40	19.6410	18.7065	17.8825	17.0244	1
107	12 10 03.079	+18 35 28.18	0.41	83.47	4.17	3.76	99.9999	20.6608	20.2434	19.6456	1
111	12 10 04.743	+18 35 13.62	0.76	4.07	3.58	2.82	20.5952	20.0583	19.3029	18.4011	1
114	12 10 00.057	+18 35 03.09	0.76	4.04	3.60	2.84	20.5650	20.0776	19.3222	18.5851	1
120	12 10 21.951	+18 35 01.69	0.32	1.99	0.90	0.59	18.5222	17.4033	17.0778	16.7591	1
122	12 10 10.648	+18 34 50.93	0.36	1.88	0.89	0.53	18.4088	17.3854	17.0152	16.6005	1
126	12 10 02.002	+18 34 45.13	0.83	83.47	4.08	3.24	99.9999	20.5515	19.7249	19.0836	1
130	12 09 57.302	+18 34 40.46	0.88	3.76	3.18	2.30	20.2858	19.6540	18.7797	17.8957	1
131	12 09 57.528	+18 34 36.99	0.29	1.93	0.88	0.59	18.4609	17.3841	17.0826	16.8693	1
132	12 09 48.640	+18 34 30.22	0.26	83.47	4.05	3.79	99.9999	20.5480	20.2764	19.6115	1
133	12 10 01.494	+18 34 34.42	1.09	83.47	4.20	3.11	99.9999	20.6604	19.5897	18.9442	1
135	12 10 16.040	+18 34 37.55	0.29	1.96	0.87	0.58	18.4865	17.3728	17.0684	16.8514	1
138	12 10 06.788	+18 34 30.96	0.41	83.47	4.01	3.60	99.9999	20.4995	20.0834	19.4637	1
139	12 10 01.039	+18 34 28.70	0.40	83.47	3.95	3.56	99.9999	20.4475	20.0436	19.3074	1
140	12 10 03.300	+18 34 24.69	0.52	4.18	3.43	2.91	20.7121	19.9161	19.3969	18.6312	1
141	12 10 04.372	+18 34 24.33	0.66	83.47	3.89	3.23	99.9999	20.3689	19.7113	18.9777	1
143	12 10 07.007	+18 34 23.10	0.93	2.44	1.50	0.58	18.9646	17.9715	17.0551	16.1549	1
148	12 10 03.775	+18 34 17.34	0.49	83.47	3.83	3.34	99.9999	20.3156	19.8216	19.3035	1
150	12 10 07.165	+18 34 15.37	0.42	83.47	4.16	3.74	99.9999	20.6567	20.2299	19.6380	1
151	12 10 02.759	+18 34 13.58	0.66	83.47	4.25	3.59	99.9999	20.7311	20.0696	19.3780	1
153	12 10 05.680	+18 34 11.77	0.66	83.47	4.01	3.35	99.9999	20.4948	19.8320	19.0241	1
156	12 10 01.274	+18 34 08.51	0.46	83.47	3.98	3.52	99.9999	20.4699	20.0046	19.4342	1
157	12 10 04.369	+18 34 07.82	0.53	83.47	3.94	3.42	99.9999	20.4326	19.9026	19.4609	1
158	12 10 08.723	+18 34 08.63	0.41	83.47	4.03	3.62	99.9999	20.5218	20.1079	19.6258	1
161	12 10 08.178	+18 34 03.59	0.72	83.47	4.23	3.51	99.9999	20.7050	19.9925	19.2838	1
162	12 10 05.007	+18 34 01.12	0.91	3.43	2.71	1.79	19.9631	19.1800	18.2747	17.4128	1
163	12 10 11.412	+18 34 02.40	-0.25	83.47	3.60	3.85	99.9999	20.1277	20.3517	19.6379	0
164	12 10 17.153	+18 34 03.72	0.35	4.02	3.03	2.68	20.5520	19.5244	19.1636	19.0351	1
165	12 09 56.454	+18 33 53.89	0.87	2.71	1.78	0.91	19.2399	18.2539	17.3954	16.5159	1
167	12 10 09.081	+18 33 56.17	0.54	83.47	3.86	3.32	99.9999	20.3483	19.8075	19.3948	1
168	12 09 51.895	+18 33 49.08	0.88	3.84	3.13	2.25	20.3693	19.6044	18.7341	17.9873	1
169	12 10 10.379	+18 33 55.26	0.33	83.47	3.80	3.48	99.9999	20.3015	19.9673	19.5055	1
170	12 09 48.167	+18 33 47.43	0.50	4.18	3.90	3.40	20.7069	20.3913	19.8861	19.4164	1
172	12 10 05.411	+18 33 52.75	0.72	3.55	2.84	2.12	20.0801	19.3190	18.6060	17.7262	1
174	12 10 09.442	+18 33 51.07	0.90	3.78	2.93	2.03	20.3139	19.4017	18.5130	17.6744	1
175	12 10 04.298	+18 33 48.24	0.53	4.30	3.89	3.36	20.8329	20.3748	19.8441	19.1727	1
176	12 10 07.016	+18 33 48.79	0.74	3.61	2.87	2.13	20.1374	19.3458	18.6085	17.7906	1
177	12 10 03.788	+18 33 47.41	1.16	1.82	0.52	-0.65	18.3495	16.9748	15.8301	14.8225	1
178	12 10 15.446	+18 33 50.12	0.08	2.00	1.14	1.06	18.5273	17.6522	17.5536	17.5779	1
181	12 10 06.224	+18 33 44.93	0.88	3.60	2.88	2.00	20.1342	19.3500	18.4769	17.7057	1
182	12 10 07.502	+18 33 44.11	-0.13	83.47	4.05	4.18	99.9999	20.5684	20.6737	19.8326	0
183	12 10 05.468	+18 33 43.27	0.75	83.47	3.52	2.77	99.9999	19.9981	19.2550	18.4476	1
185	12 10 08.681	+18 33 42.52	0.94	1.44	0.34	-0.60	17.9732	16.8089	15.8815	14.9324	1
187	12 09 55.675	+18 33 36.69	0.89	3.70	2.89	2.00	20.2268	19.3570	18.4777	17.6799	1
188	12 10 06.249	+18 33 40.09	0.92	4.01	3.18	2.26	20.5434	19.6501	18.7439	17.9200	1
189	12 09 59.147	+18 33 37.56	0.81	3.55	2.88	2.07	20.0829	19.3529	18.5520	17.7395	1
190	12 10 09.455	+18 33 40.16	0.10	2.08	1.00	0.90	18.6072	17.5095	17.3920	17.4001	1
192	12 10 00.704	+18 33 36.56	0.43	83.47	3.84	3.41	99.9999	20.3370	19.9021	19.1392	1
194	12 10 12.684	+18 33 39.28	0.05	1.99	1.38	1.33	18.5267	17.8916	17.8238	17.8816	1
195	12 10 05.048	+18 33 34.63	0.63	4.18	3.86	3.23	20.7065	20.3402	19.7151	19.1559	1
196	12 10 06.585	+18 33 35.01	0.59	83.47	4.10	3.51	99.9999	20.5832	19.9928	19.3817	1
198	12 10 09.098	+18 33 35.12	0.61	83.47	3.71	3.10	99.9999	20.1953	19.5820	18.8738	1
199	12 09 52.855	+18 33 28.58	0.95	2.22	1.25	0.30	18.7464	17.7210	16.7777	15.8488	1
203	12 10 05.240	+18 33 30.18	0.42	4.47	4.15	3.73	21.0054	20.6458	20.2192	19.6080	1
205	12 09 56.428	+18 33 26.71	0.60	83.47	4.30	3.70	99.9999	20.7805	20.1815	19.6979	1
207	12 10 16.421	+18 33 33.08	0.74	83.47	4.01	3.27	99.9999	20.4906	19.7502	19.1831	1
208	12 10 02.721	+18 33 28.33	0.59	4.58	4.27	3.68	21.1074	20.7554	20.1612	19.5131	1
209	12 10 05.683	+18 33 29.16	0.78	83.47	4.01	3.22	99.9999	20.4818	19.7025	18.8377	1
216	12 10 05.764	+18 33 24.12	0.18	2.01	0.97	0.79	18.5443	17.4735	17.2820	17.2775	1
217	12 10 02.678	+18 33 23.03	0.22	1.94	0.88	0.66	18.4707	17.3829	17.1498	17.2175	1
218	12 10 04.278	+18 33 22.74	0.54	3.84	3.28	2.74	20.3682	19.7696	19.2247	18.6539	1
219	12 10 02.038	+18 33 21.39	0.87	3.19	2.32	1.45	19.7205	18.7908	17.9287	17.0797	1
221	12 10 13.563	+18 33 24.40	0.60	83.47	3.99	3.39	99.9999	20.4725	19.8746	19.2821	1
222	12 10 05.154	+18 33 21.45	0.71	3.44	2.75	2.04	19.9656	19.2302	18.5248	17.7480	1
223	12 10 06.430	+18 33 21.60	0.77	83.47	4.24	3.47	99.9999	20.7179	19.9550	19.2575	1
225	12 10 10.100	+18 33 22.43	0.52	83.47	3.88	3.36	99.9999	20.3729	19.8477	19.1197	1
227	12 09 56.932	+18 33 17.54	0.75	83.47	3.46	2.71	99.9999	19.9388	19.1942	18.4190	1
228	12 10 10.740	+18 33 22.24	0.75	3.77	2.98	2.22	20.2951	19.4543	18.7061	17.8697	1
231	12 10 04.055	+18 33 19.22	0.77	83.47	3.48	2.71	99.9999	19.9573	19.1936	18.6360	1
232	12 10 04.138	+18 33 18.95	0.47	4.01	3.75	3.28	20.5385	20.2409	19.7675	18.9522	1
233	12 10 03.675	+18 33 18.19	0.82	3.49	2.76	1.94	20.0199	19.2314	18.4203	17.5703	1
236	12 10 04.390	+18 33 17.57	0.56	83.47	3.98	3.42	99.9999	20.4632	19.9048	19.1469	1
237	12 10 17.028	+18 33 21.80	0.69	83.47	4.02	3.33	99.9999	20.5017	19.8125	19.1452	1
238	12 10 02.841	+18 33 16.75	0.66	83.47	3.82	3.16	99.9999	20.3035	19.6422	18.8250	1
239	12 10 04.963	+18 33 16.55	0.71	83.47	4.13	3.42	99.9999	20.6106	19.9046	19.3603	1
241	12 10 00.890	+18 33 14.26	0.95	2.21	1.22	0.27	18.7354	17.6933	16.7507	15.8276	1
243	12 10 02.957	+18 33 14.82	0.80	2.67	1.78	0.98	19.1967	18.2564	17.4668	16.5970	1
244	12 10 06.140	+18 33 15.47	0.33	83.47	3.73	3.40	99.9999	20.2288	19.8884	19.1788	1
246	12 10 05.616	+18 33 15.07	0.49	83.47	3.59	3.10	99.9999	20.0844	19.5873	18.8719	1
247	12 10 09.059	+18 33 15.98	0.73	83.47	4.34	3.60	99.9999	20.8170	20.0862	19.2761	1
249	12 10 08.511	+18 33 15.33	1.02	83.47	4.64	3.62	99.9999	21.1087	20.1020	19.3650	1
251	12 10 00.550	+18 33 12.32	0.63	83.47	3.57	2.94	99.9999	20.0562	19.4273	18.6754	1
255	12 10 05.339	+18 33 13.07	0.73	83.47	4.13	3.40	99.9999	20.6089	19.8808	19.1681	1
257	12 10 06.887	+18 33 13.20	0.62	83.47	2.73	2.11	99.9999	19.2158	18.5922	17.8191	1
259	12 10 02.431	+18 33 10.17	0.81	3.18	2.54	1.72	19.7113	19.0139	18.2056	17.3557	1
260	12 10 02.003	+18 33 09.99	0.76	3.84	3.25	2.49	20.3694	19.7291	18.9709	18.2140	1
261	12 10 08.148	+18 33 11.81	0.43	83.47	3.78	3.35	99.9999	20.2702	19.8348	19.4245	1
265	12 10 13.984	+18 33 11.61	0.78	3.39	2.51	1.73	19.9146	18.9862	18.2109	17.3710	1
266	12 10 06.393	+18 33 08.64	0.98	2.13	1.07	0.09	18.6615	17.5408	16.5711	15.6062	1
267	12 10 04.727	+18 33 07.91	1.16	1.43	0.03	-1.12	17.9582	16.4910	15.3524	14.2708	1
268	12 10 05.624	+18 33 08.08	-0.09	83.47	3.59	3.67	99.9999	20.1048	20.1689	19.6831	0
269	12 10 04.327	+18 33 07.39	0.59	4.26	3.59	3.00	20.7951	20.0767	19.4855	18.9507	1
274	12 10 07.651	+18 33 06.86	0.70	3.55	2.76	2.06	20.0784	19.2393	18.5390	17.7517	1
277	12 10 04.204	+18 33 04.72	0.75	83.47	3.67	2.92	99.9999	20.1436	19.4005	18.6138	1
280	12 10 02.476	+18 33 03.68	0.88	3.51	2.66	1.78	20.0421	19.1342	18.2651	17.4603	1
281	12 10 05.542	+18 33 04.07	0.76	3.66	3.01	2.25	20.1894	19.4846	18.7339	17.8636	1
282	12 10 07.222	+18 33 04.38	0.64	83.47	3.41	2.77	99.9999	19.8945	19.2570	18.5259	1
285	12 10 10.631	+18 33 05.12	0.80	83.47	3.95	3.15	99.9999	20.4219	19.6305	18.8140	1
286	12 10 05.908	+18 33 03.04	0.87	3.18	2.78	1.92	19.7119	19.2569	18.3988	17.6746	1
287	12 10 10.467	+18 33 04.60	0.36	83.47	3.56	3.20	99.9999	20.0558	19.6892	18.8460	1
288	12 10 05.647	+18 33 02.87	1.02	83.47	3.65	2.63	99.9999	20.1121	19.1074	18.3670	1
289	12 10 05.105	+18 33 02.62	0.63	4.01	3.40	2.78	20.5437	19.8864	19.2616	18.6836	1
290	12 10 02.125	+18 33 01.19	0.90	4.10	3.72	2.82	20.6282	20.1920	19.3038	18.5118	1
291	12 09 56.990	+18 32 58.83	0.45	83.47	4.21	3.76	99.9999	20.7014	20.2467	19.5528	1
292	12 10 06.688	+18 33 02.02	0.31	1.68	0.77	0.46	18.2073	17.2707	16.9524	16.6080	1
295	12 10 06.143	+18 33 01.62	0.85	83.47	3.74	2.90	99.9999	20.2184	19.3791	18.8006	1
296	12 10 08.638	+18 33 02.35	0.87	1.53	0.57	-0.30	18.0615	17.0424	16.1844	15.3027	1
298	12 10 07.573	+18 33 01.25	0.13	1.98	1.15	1.01	18.5138	17.6529	17.5061	17.6474	1
301	12 10 07.447	+18 32 59.87	0.77	83.47	3.85	3.08	99.9999	20.3285	19.5624	18.8366	1
303	12 10 09.895	+18 33 00.55	0.26	83.47	3.81	3.55	99.9999	20.3150	20.0418	19.7770	1
304	12 10 05.991	+18 32 59.06	0.76	2.71	1.83	1.07	19.2349	18.3049	17.5476	16.7223	1
305	12 10 08.486	+18 32 59.77	0.58	2.19	1.36	0.78	18.7208	17.8417	17.2626	16.6707	1
306	12 10 07.951	+18 32 59.56	0.92	2.43	1.40	0.48	18.9552	17.8695	16.9594	16.0743	1
307	12 10 05.720	+18 32 58.72	1.03	3.69	3.22	2.19	20.2183	19.6847	18.6728	17.9369	1
309	12 09 56.806	+18 32 55.49	0.77	4.39	4.09	3.32	20.9218	20.5633	19.8017	19.2043	1
310	12 10 08.223	+18 32 59.41	0.26	1.96	0.85	0.59	18.4949	17.3557	17.0829	16.9101	1
311	12 10 07.151	+18 32 58.81	0.94	4.07	3.64	2.70	20.5986	20.1053	19.1771	18.6968	1
312	12 10 03.771	+18 32 57.63	0.93	2.29	1.32	0.40	18.8222	17.7937	16.8783	15.9763	1
313	12 10 08.878	+18 32 58.81	0.60	3.61	2.96	2.36	20.1439	19.4466	18.8456	18.1237	1
314	12 10 10.110	+18 32 59.05	0.48	4.15	3.83	3.35	20.6820	20.3241	19.8396	19.1349	1
316	12 10 10.461	+18 32 58.52	0.76	4.02	3.86	3.09	20.5546	20.3359	19.5762	18.9528	1
318	12 10 06.941	+18 32 57.21	0.59	4.85	4.03	3.44	21.3821	20.5203	19.9285	19.4253	1
325	12 10 05.426	+18 32 56.01	0.24	1.81	0.70	0.46	18.3432	17.2031	16.9498	16.8334	1
326	12 10 07.704	+18 32 56.32	0.97	1.88	0.76	-0.21	18.4060	17.2271	16.2673	15.2899	1
328	12 09 58.718	+18 32 53.01	0.72	83.47	4.03	3.31	99.9999	20.5102	19.7977	19.0308	1
329	12 10 05.587	+18 32 55.01	1.03	83.47	2.90	1.87	99.9999	19.3641	18.3493	17.4893	1
331	12 10 08.588	+18 32 55.72	0.96	2.28	1.28	0.32	18.8133	17.7434	16.7950	15.8932	1
332	12 10 08.940	+18 32 55.81	0.59	83.47	3.57	2.98	99.9999	20.0535	19.4627	18.9306	1
333	12 09 52.462	+18 32 50.12	0.80	83.47	3.67	2.86	99.9999	20.1408	19.3435	18.5748	1
336	12 10 06.144	+18 32 54.51	0.75	3.72	3.36	2.61	20.2503	19.8378	19.0883	18.3880	1
337	12 10 20.071	+18 32 59.21	0.83	3.59	2.98	2.15	20.1219	19.4527	18.6289	17.8184	1
339	12 10 04.054	+18 32 53.20	1.32	1.25	-0.38	-1.70	17.7743	16.0707	14.7771	13.5880	1
340	12 09 53.738	+18 32 49.60	0.99	2.36	1.40	0.41	18.8840	17.8652	16.8901	15.9994	1
344	12 10 04.643	+18 32 52.46	0.91	83.47	4.26	3.35	99.9999	20.7294	19.8272	19.1643	1
345	12 10 07.019	+18 32 53.03	0.20	1.93	0.80	0.60	18.4641	17.2994	17.0872	16.8121	1
346	12 10 02.339	+18 32 51.42	0.21	1.94	0.83	0.62	18.4753	17.3339	17.1073	17.0259	1
347	12 10 08.269	+18 32 53.29	0.78	3.96	3.09	2.31	20.4862	19.5682	18.7955	18.1374	1
350	12 10 03.289	+18 32 51.10	0.77	2.90	2.15	1.38	19.4275	18.6264	17.8601	17.0122	1
352	12 10 06.625	+18 32 51.76	0.51	83.47	2.48	1.96	99.9999	18.9652	18.4511	17.6940	1
354	12 10 09.251	+18 32 52.41	0.77	3.83	3.24	2.48	20.3553	19.7218	18.9589	18.1660	1
360	12 10 15.190	+18 32 52.88	0.21	3.36	2.45	2.24	19.8875	18.9547	18.7355	18.4785	1
361	12 10 06.377	+18 32 49.77	0.39	2.00	0.91	0.52	18.5313	17.4017	17.0072	16.7035	1
362	12 10 03.723	+18 32 48.62	0.68	83.47	3.48	2.80	99.9999	19.9605	19.2839	18.5089	1
365	12 10 06.807	+18 32 49.19	0.75	83.47	1.48	0.73	99.9999	17.9552	17.2117	16.3249	1
366	12 10 08.240	+18 32 49.68	0.95	2.06	1.08	0.13	18.5904	17.5459	16.6092	15.6690	1
369	12 10 08.636	+18 32 49.40	0.79	2.97	2.06	1.27	19.5024	18.5374	17.7562	16.9305	1
373	12 10 00.365	+18 32 45.31	0.72	83.47	3.65	2.93	99.9999	20.1301	19.4117	18.6067	1
375	12 10 14.760	+18 32 49.99	0.87	3.43	2.71	1.84	19.9548	19.1868	18.3220	17.5017	1
376	12 10 04.045	+18 32 46.16	1.04	83.47	4.31	3.27	99.9999	20.7764	19.7487	19.2053	1
380	12 10 06.035	+18 32 46.33	1.23	1.01	-0.49	-1.72	17.5404	15.9653	14.7578	13.5982	1
382	12 10 03.185	+18 32 45.06	0.94	2.54	1.53	0.60	19.0674	18.0031	17.0748	16.1525	1
383	12 10 05.666	+18 32 45.73	0.28	83.47	0.53	0.25	99.9999	17.0293	16.7413	16.6226	1
387	12 10 03.825	+18 32 43.66	0.04	2.00	1.16	1.12	18.5280	17.6709	17.6126	17.6094	1
390	12 10 07.428	+18 32 44.72	0.19	1.90	0.84	0.66	18.4283	17.3494	17.1492	17.0589	1
394	12 10 11.623	+18 32 45.87	0.66	83.47	3.53	2.87	99.9999	20.0077	19.3494	18.6208	1
395	12 10 08.423	+18 32 44.63	1.06	1.54	0.40	-0.67	18.0639	16.8591	15.8129	14.8254	1
399	12 10 05.915	+18 32 43.23	0.77	83.47	0.85	0.08	99.9999	17.3271	16.5606	15.6110	1
400	12 10 04.934	+18 32 42.37	0.42	83.47	3.10	2.68	99.9999	19.5923	19.1646	18.2845	1
403	12 10 02.441	+18 32 40.87	0.88	3.96	3.14	2.26	20.4928	19.6103	18.7362	17.9074	1
409	12 10 04.092	+18 32 41.03	0.62	1.91	1.11	0.49	18.4373	17.5949	16.9724	16.2834	1
410	12 10 01.657	+18 32 40.07	0.97	2.03	1.00	0.03	18.5613	17.4706	16.5086	15.5524	1
411	12 10 14.040	+18 32 44.29	0.54	83.47	4.00	3.45	99.9999	20.4832	19.9386	19.1630	1
412	12 10 11.688	+18 32 43.18	0.56	83.47	3.63	3.06	99.9999	20.1125	19.5493	19.1335	1
413	12 10 03.022	+18 32 40.20	0.30	83.47	3.73	3.43	99.9999	20.2261	19.9165	19.3951	1
416	12 10 08.169	+18 32 41.86	0.97	3.87	3.41	2.44	20.3974	19.8791	18.9235	18.2330	1
418	12 10 00.635	+18 32 38.39	0.77	4.01	3.17	2.41	20.5436	19.6518	18.8917	18.1921	1
422	12 10 08.693	+18 32 40.73	0.79	83.47	3.45	2.67	99.9999	19.9292	19.1490	18.6141	1
424	12 10 04.264	+18 32 38.89	0.99	83.47	3.19	2.20	99.9999	19.6577	18.6775	17.9189	1
427	12 10 12.904	+18 32 41.75	0.74	83.47	3.68	2.95	99.9999	20.1630	19.4289	18.6059	1
429	12 10 04.099	+18 32 38.62	0.25	1.93	0.85	0.60	18.4631	17.3509	17.0867	16.7981	1
430	12 09 52.891	+18 32 34.48	0.62	83.47	3.33	2.71	99.9999	19.8178	19.1939	18.3590	1
434	12 10 08.118	+18 32 39.12	0.71	83.47	3.72	3.01	99.9999	20.2043	19.4947	18.7827	1
437	12 10 10.008	+18 32 39.48	0.92	4.24	3.43	2.51	20.7724	19.9026	18.9897	18.2558	1
444	12 10 10.494	+18 32 38.31	0.87	3.73	3.16	2.29	20.2632	19.6329	18.7681	17.9539	1
446	12 10 08.175	+18 32 37.20	0.69	83.47	3.18	2.48	99.9999	19.6559	18.9647	18.2629	1
447	12 10 04.610	+18 32 35.70	0.70	3.67	2.93	2.23	20.2026	19.4086	18.7144	18.0148	1
448	12 10 07.575	+18 32 36.59	0.18	1.87	0.78	0.60	18.3972	17.2853	17.0917	16.9974	1
451	12 10 09.193	+18 32 36.38	0.78	83.47	3.50	2.72	99.9999	19.9784	19.2021	18.7355	1
454	12 09 59.027	+18 32 32.68	0.59	4.09	3.84	3.25	20.6241	20.3282	19.7370	19.1222	1
460	12 10 04.500	+18 32 34.24	0.81	83.47	3.94	3.12	99.9999	20.4107	19.6066	18.9609	1
463	12 10 07.842	+18 32 35.12	0.87	2.73	1.83	0.96	19.2599	18.3018	17.4411	16.5775	1
466	12 10 08.164	+18 32 34.95	0.61	83.47	3.72	3.10	99.9999	20.2016	19.5882	19.0091	1
468	12 10 04.347	+18 32 33.53	0.27	83.47	4.04	3.77	99.9999	20.5451	20.2602	19.3399	0
470	12 10 14.757	+18 32 36.72	0.22	83.47	4.10	3.87	99.9999	20.5984	20.3632	19.6635	0
481	12 10 06.637	+18 32 32.02	0.72	83.47	0.03	-0.69	99.9999	16.5137	15.7970	15.0441	1
484	12 10 05.251	+18 32 31.27	0.73	83.47	1.74	1.01	99.9999	18.2204	17.4916	16.6655	1
492	12 10 03.676	+18 32 29.62	0.78	83.47	4.29	3.51	99.9999	20.7625	19.9895	19.4958	1
495	12 10 09.245	+18 32 30.84	0.91	4.03	3.38	2.47	20.5640	19.8506	18.9469	18.1613	1
497	12 10 00.092	+18 32 27.28	0.80	83.47	4.15	3.34	99.9999	20.6210	19.8236	19.0081	1
502	12 10 10.069	+18 32 29.98	0.81	3.07	2.23	1.41	19.5969	18.7015	17.8955	17.0695	1
519	12 10 09.138	+18 32 26.43	0.13	2.00	1.20	1.07	18.5283	17.7060	17.5646	17.7004	1
523	12 10 05.021	+18 32 24.62	0.97	1.70	0.57	-0.40	18.2280	17.0353	16.0783	15.1112	1
526	12 10 04.071	+18 32 23.85	0.55	3.44	2.78	2.23	19.9692	19.2640	18.7158	17.9117	1
528	12 10 01.120	+18 32 22.73	0.65	83.47	3.64	2.99	99.9999	20.1266	19.4739	18.8382	1
531	12 10 07.492	+18 32 24.48	1.01	3.66	2.81	1.81	20.1915	19.2787	18.2846	17.6374	1
532	12 10 20.359	+18 32 28.86	0.34	83.47	4.24	3.90	99.9999	20.7364	20.3861	19.9412	1
535	12 10 04.661	+18 32 23.04	0.71	83.47	3.43	2.71	99.9999	19.9056	19.1958	18.4847	1
536	12 10 10.523	+18 32 25.02	0.32	83.47	3.70	3.39	99.9999	20.2010	19.8750	19.2695	1
537	12 10 04.110	+18 32 22.47	1.09	83.47	3.55	2.46	99.9999	20.0110	18.9368	18.2983	1
543	12 10 08.666	+18 32 23.34	0.40	83.47	3.76	3.36	99.9999	20.2543	19.8435	19.3950	1
545	12 10 03.549	+18 32 21.08	1.03	1.79	0.58	-0.45	18.3166	17.0470	16.0327	15.0198	1
549	12 10 01.308	+18 32 19.71	0.96	83.47	4.14	3.18	99.9999	20.6053	19.6595	19.0766	1
550	12 10 07.840	+18 32 21.95	0.62	83.47	3.14	2.52	99.9999	19.6200	19.0019	18.4082	1
551	12 10 08.599	+18 32 22.21	1.05	83.47	4.24	3.18	99.9999	20.6999	19.6615	19.3707	1
552	12 10 05.286	+18 32 21.00	1.03	1.87	0.82	-0.21	18.4032	17.2887	16.2722	15.3210	1
553	12 10 09.368	+18 32 22.31	0.38	83.47	4.06	3.68	99.9999	20.5525	20.1651	19.5229	1
556	12 10 07.030	+18 32 21.15	0.29	1.98	0.81	0.52	18.5150	17.3133	17.0091	16.8195	1
557	12 10 05.584	+18 32 19.85	0.80	83.47	1.16	0.37	99.9999	17.6408	16.8485	15.9507	1
562	12 10 09.052	+18 32 20.38	0.77	83.47	3.86	3.09	99.9999	20.3382	19.5765	19.1817	1
565	12 10 09.293	+18 32 19.64	0.85	4.22	3.43	2.59	20.7539	19.9046	19.0663	18.1832	1
566	12 10 05.707	+18 32 17.93	-0.12	83.47	2.93	3.04	99.9999	19.4456	19.5386	18.6762	0
573	12 10 06.635	+18 32 16.65	0.66	3.60	2.88	2.23	20.1322	19.3664	18.7097	18.1456	1
576	12 10 06.300	+18 32 16.17	0.80	83.47	2.72	1.92	99.9999	19.1979	18.4062	17.8731	1
578	12 10 04.474	+18 32 15.05	0.90	83.47	3.02	2.11	99.9999	19.4889	18.5935	17.8068	1
579	12 10 06.986	+18 32 15.55	0.15	83.47	1.32	1.17	99.9999	17.8264	17.6592	17.4811	1
580	12 10 07.120	+18 32 15.39	1.00	83.47	1.69	0.69	99.9999	18.1529	17.1681	16.3421	1
581	12 10 05.733	+18 32 14.68	1.04	83.47	3.87	2.84	99.9999	20.3361	19.3144	18.5630	1
582	12 10 07.582	+18 32 15.14	0.35	1.47	0.60	0.25	17.9963	17.0998	16.7422	15.7988	0
584	12 10 04.575	+18 32 13.96	0.28	1.91	0.83	0.55	18.4433	17.3310	17.0440	16.8652	1
585	12 10 04.942	+18 32 14.06	0.19	1.94	1.09	0.89	18.4712	17.5901	17.3837	17.3785	1
586	12 10 05.492	+18 32 13.83	0.99	2.04	1.11	0.12	18.5669	17.5722	16.5964	15.6654	1
587	12 10 06.349	+18 32 13.88	0.52	1.51	0.64	0.12	18.0373	17.1314	16.6073	16.2654	1
588	12 10 07.080	+18 32 14.08	0.13	83.47	0.73	0.60	99.9999	17.2351	17.0912	16.9489	1
589	12 10 09.002	+18 32 14.71	0.87	3.21	2.40	1.53	19.7374	18.8693	18.0059	17.1630	1
590	12 10 03.397	+18 32 12.74	0.83	83.47	4.07	3.24	99.9999	20.5420	19.7189	19.0178	1
591	12 10 01.548	+18 32 12.05	0.75	83.47	4.48	3.73	99.9999	20.9586	20.2176	19.6841	1
592	12 10 08.133	+18 32 14.26	0.82	2.64	1.77	0.96	19.1716	18.2481	17.4392	16.5983	1
594	12 10 06.799	+18 32 12.90	0.95	3.15	2.26	1.31	19.6782	18.7291	17.7851	17.0338	1
595	12 10 02.486	+18 32 11.41	0.94	83.47	4.02	3.08	99.9999	20.4905	19.5588	18.8835	1
600	12 10 06.054	+18 32 11.22	0.83	2.26	1.49	0.66	18.7913	17.9629	17.1443	16.3161	1
602	12 10 02.163	+18 32 09.36	0.88	4.54	4.01	3.13	21.0740	20.4865	19.6113	19.0769	1
605	12 10 09.042	+18 32 11.26	0.88	3.19	2.32	1.45	19.7226	18.7962	17.9279	17.0981	1
606	12 10 08.087	+18 32 10.85	0.47	1.80	0.93	0.46	18.3354	17.4177	16.9480	16.4468	1
607	12 10 06.650	+18 32 10.30	0.85	2.82	2.08	1.23	19.3535	18.5573	17.7110	16.9022	1
610	12 10 07.631	+18 32 10.11	0.60	3.47	2.78	2.19	19.9980	19.2682	18.6707	17.8883	1
611	12 10 07.075	+18 32 09.69	0.87	2.86	1.96	1.10	19.3928	18.4355	17.5772	16.7942	1
612	12 10 01.826	+18 32 07.27	0.11	2.01	1.02	0.91	18.5390	17.5246	17.3994	17.3561	1
614	12 10 05.742	+18 32 08.24	0.15	2.02	1.21	1.06	18.5497	17.7159	17.5508	17.4635	1
615	12 10 06.351	+18 32 08.21	0.86	1.96	1.06	0.20	18.4852	17.5322	16.6812	15.7855	1
616	12 10 05.079	+18 32 07.70	0.45	83.47	3.13	2.68	99.9999	19.6245	19.1703	18.5218	1
618	12 10 03.596	+18 32 06.75	0.29	1.95	0.87	0.58	18.4790	17.3727	17.0741	16.8992	1
619	12 10 08.636	+18 32 08.36	0.55	83.47	4.03	3.48	99.9999	20.5174	19.9639	19.2809	1
620	12 10 02.411	+18 32 06.21	0.58	83.47	3.48	2.90	99.9999	19.9668	19.3888	18.4580	1
624	12 10 08.280	+18 32 07.34	1.10	1.63	0.31	-0.79	18.1614	16.7684	15.6870	14.6546	1
625	12 10 11.554	+18 32 08.33	0.79	4.02	3.30	2.51	20.5449	19.7805	18.9948	18.2074	1
626	12 10 12.612	+18 32 08.52	0.46	83.47	4.08	3.62	99.9999	20.5760	20.1113	19.5642	1
628	12 10 01.990	+18 32 04.55	0.92	2.35	1.37	0.45	18.8798	17.8366	16.9266	16.0033	1
630	12 10 05.957	+18 32 05.40	0.49	83.47	3.49	3.00	99.9999	19.9821	19.4871	18.8313	1
631	12 10 02.476	+18 32 04.00	0.16	1.78	0.88	0.72	18.3142	17.3865	17.2135	17.2387	1
632	12 10 07.453	+18 32 05.61	1.11	1.68	0.39	-0.72	18.2118	16.8515	15.7576	14.7186	1
634	12 10 04.942	+18 32 04.27	0.53	2.32	1.45	0.92	18.8540	17.9386	17.4052	16.9235	1
638	12 10 03.751	+18 32 02.25	0.79	83.47	3.92	3.13	99.9999	20.3990	19.6157	19.0507	1
640	12 10 10.016	+18 32 03.20	0.64	83.47	4.11	3.47	99.9999	20.5969	19.9570	19.4706	1
642	12 10 01.756	+18 32 00.24	0.57	1.98	1.09	0.52	18.5130	17.5733	17.0043	16.4636	1
644	12 10 04.595	+18 32 00.84	0.17	83.47	3.00	2.83	99.9999	19.5086	19.3200	18.6157	0
647	12 10 06.502	+18 32 00.60	0.87	83.47	3.64	2.76	99.9999	20.1074	19.2410	18.3431	1
648	12 10 06.927	+18 32 00.58	0.30	83.47	3.54	3.24	99.9999	20.0408	19.7277	18.7243	0
649	12 10 02.813	+18 31 58.92	0.11	1.89	0.86	0.75	18.4228	17.3677	17.2377	17.2190	1
651	12 10 04.528	+18 31 58.59	0.79	83.47	2.23	1.44	99.9999	18.7087	17.9224	17.0633	1
652	12 10 05.394	+18 31 58.51	0.30	3.40	2.82	2.52	19.9324	19.3155	19.0049	17.9554	0
653	12 10 04.361	+18 31 58.14	0.39	1.89	0.97	0.58	18.4187	17.4646	17.0674	16.8082	1
654	12 10 06.724	+18 31 58.67	0.93	3.03	2.25	1.32	19.5560	18.7184	17.7964	16.9740	1
656	12 10 24.421	+18 32 04.54	0.55	83.47	4.23	3.68	99.9999	20.7218	20.1703	19.5012	1
657	12 10 14.161	+18 32 00.61	0.95	2.31	1.36	0.41	18.8349	17.8265	16.8850	15.9837	1
660	12 10 10.912	+18 31 59.00	0.83	2.95	2.15	1.31	19.4765	18.6213	17.7946	16.9070	1
662	12 10 03.911	+18 31 55.80	0.79	3.81	2.99	2.19	20.3373	19.4616	18.6745	17.9225	1
663	12 10 14.579	+18 31 59.41	0.55	83.47	3.76	3.20	99.9999	20.2461	19.6895	19.0153	1
664	12 10 05.555	+18 31 55.85	0.84	2.73	1.94	1.10	19.2596	18.4117	17.5831	16.7473	1
668	12 10 10.857	+18 31 55.93	0.39	83.47	4.01	3.62	99.9999	20.5059	20.1120	19.5486	1
672	12 10 08.276	+18 31 54.23	0.73	83.47	3.92	3.19	99.9999	20.3991	19.6744	18.9117	1
673	12 10 05.138	+18 31 52.60	0.67	83.47	3.85	3.18	99.9999	20.3342	19.6617	18.9891	1
674	12 10 02.502	+18 31 51.17	0.66	4.12	3.27	2.62	20.6452	19.7570	19.1001	18.1401	1
675	12 10 05.837	+18 31 52.24	0.54	83.47	4.19	3.64	99.9999	20.6735	20.1299	19.5608	1
676	12 10 22.093	+18 31 57.64	0.47	83.47	4.08	3.62	99.9999	20.5742	20.1040	19.5795	1
677	12 10 05.516	+18 31 51.60	0.43	1.90	0.88	0.45	18.4335	17.3736	16.9345	16.5297	1
679	12 10 04.064	+18 31 50.79	0.84	3.42	2.54	1.70	19.9526	19.0153	18.1813	17.3643	1
681	12 10 04.279	+18 31 49.73	0.87	3.16	2.27	1.40	19.6859	18.7427	17.8827	17.0909	1
683	12 10 03.726	+18 31 48.12	0.50	2.16	1.26	0.76	18.6917	17.7502	17.2495	16.8134	1
684	12 10 07.190	+18 31 48.80	0.37	83.47	3.65	3.28	99.9999	20.1507	19.7698	18.9325	1
685	12 10 07.854	+18 31 48.80	0.64	3.57	2.97	2.32	20.0983	19.4494	18.8080	18.0929	1
686	12 10 06.575	+18 31 47.89	0.89	2.93	2.03	1.14	19.4586	18.5031	17.6181	16.7578	1
688	12 10 10.003	+18 31 48.70	0.24	1.74	0.58	0.34	18.2719	17.0840	16.8296	16.6925	1
689	12 10 08.380	+18 31 47.71	0.17	2.01	0.90	0.73	18.5380	17.4033	17.2201	17.1943	1
691	12 10 07.593	+18 31 45.44	0.60	83.47	3.95	3.36	99.9999	20.4384	19.8422	19.2314	1
693	12 10 04.450	+18 31 43.31	-0.33	83.47	3.54	3.87	99.9999	20.0651	20.3695	19.4732	0
694	12 10 04.814	+18 31 42.95	0.35	83.47	3.88	3.53	99.9999	20.3736	20.0200	19.7060	1
695	12 10 05.638	+18 31 43.12	0.49	83.47	3.82	3.34	99.9999	20.3132	19.8236	19.2269	1
696	12 10 07.904	+18 31 43.48	0.87	3.98	3.43	2.56	20.5137	19.8998	19.0360	18.3954	1
699	12 10 13.939	+18 31 42.37	0.60	83.47	4.07	3.47	99.9999	20.5552	19.9503	19.1592	1
701	12 10 05.439	+18 31 37.19	0.78	3.82	3.07	2.29	20.3470	19.5467	18.7753	17.9736	1
703	12 10 02.792	+18 31 35.84	0.89	2.90	2.05	1.16	19.4276	18.5222	17.6431	16.8040	1
704	12 10 06.202	+18 31 37.00	0.73	83.47	4.00	3.28	99.9999	20.4836	19.7611	19.1016	1
705	12 10 05.154	+18 31 36.21	1.02	4.44	3.82	2.80	20.9721	20.2813	19.2769	18.5196	1
708	12 10 01.565	+18 31 33.73	0.97	2.15	1.11	0.13	18.6819	17.5728	16.6101	15.6650	1
709	12 09 54.818	+18 31 30.90	0.88	3.34	2.65	1.77	19.8724	19.1214	18.2466	17.4187	1
710	12 10 02.940	+18 31 33.49	0.01	83.47	3.85	3.84	99.9999	20.3663	20.3339	19.6884	0
711	12 10 03.931	+18 31 33.64	0.40	83.47	3.80	3.40	99.9999	20.2900	19.8831	19.0554	1
713	12 10 11.439	+18 31 35.89	0.14	83.47	4.06	3.92	99.9999	20.5665	20.4072	19.6015	0
714	12 10 06.792	+18 31 33.73	0.61	83.47	3.90	3.29	99.9999	20.3833	19.7706	19.0794	1
715	12 10 04.054	+18 31 31.72	0.82	4.00	3.32	2.50	20.5303	19.7937	18.9840	18.1414	1
717	12 10 11.370	+18 31 32.88	0.87	83.47	4.10	3.23	99.9999	20.5740	19.7125	18.9771	1
718	12 10 10.532	+18 31 31.77	0.61	3.68	3.15	2.54	20.2093	19.6369	19.0226	18.2251	1
719	12 09 51.101	+18 31 24.56	0.84	83.47	3.92	3.07	99.9999	20.3889	19.5546	18.7412	1
720	12 10 04.695	+18 31 28.84	0.24	83.47	3.80	3.56	99.9999	20.2988	20.0478	19.4127	1
721	12 10 14.274	+18 31 31.47	0.99	4.51	4.22	3.22	21.0392	20.6845	19.7036	19.1830	1
723	12 10 03.192	+18 31 27.52	0.78	3.40	2.62	1.84	19.9267	19.0994	18.3236	17.4638	1
724	12 10 11.218	+18 31 28.50	0.23	83.47	4.19	3.95	99.9999	20.6897	20.4432	19.8376	1
728	12 10 06.339	+18 31 25.28	0.81	4.38	3.77	2.96	20.9095	20.2435	19.4377	18.6447	1
729	12 10 01.729	+18 31 23.38	0.27	83.47	3.83	3.57	99.9999	20.3353	20.0566	19.1547	0
731	12 10 01.429	+18 31 20.86	0.84	2.90	2.08	1.24	19.4298	18.5531	17.7213	16.8304	1
733	12 10 05.254	+18 31 19.73	0.85	3.26	2.38	1.53	19.7843	18.8536	18.0070	17.1901	1
735	12 10 06.692	+18 31 19.30	0.21	83.47	4.29	4.08	99.9999	20.7911	20.5685	19.6989	0
737	12 10 10.016	+18 31 18.28	0.55	83.47	4.27	3.73	99.9999	20.7588	20.2117	19.4989	1
738	12 10 08.588	+18 31 17.49	0.11	2.04	1.11	1.00	18.5685	17.6138	17.4897	17.5158	1
740	12 10 04.436	+18 31 15.31	0.48	83.47	3.98	3.51	99.9999	20.4738	19.9922	19.4268	1
741	12 10 02.998	+18 31 13.86	0.89	3.02	2.07	1.18	19.5499	18.5447	17.6588	16.7715	1
742	12 10 03.604	+18 31 12.56	0.94	83.47	4.31	3.37	99.9999	20.7752	19.8485	19.3969	1
743	12 10 22.576	+18 31 17.24	0.24	4.37	3.85	3.60	20.8988	20.3490	20.0950	19.6107	1
744	12 10 18.420	+18 31 15.50	0.62	4.36	3.63	3.00	20.8916	20.1133	19.4888	18.5824	1
746	12 10 11.632	+18 31 11.82	0.97	3.98	3.79	2.82	20.5067	20.2561	19.3001	18.4997	1
750	12 10 12.618	+18 31 09.59	0.77	3.53	2.68	1.91	20.0566	19.1561	18.3948	17.5214	1
751	12 10 04.012	+18 31 06.25	0.35	3.83	3.86	3.51	20.3568	20.3587	20.0024	19.4795	1
753	12 10 07.540	+18 31 05.48	1.20	1.40	-0.13	-1.33	17.9274	16.3227	15.1438	14.0206	1
755	12 10 08.949	+18 31 01.85	0.27	83.47	3.80	3.53	99.9999	20.2993	20.0213	19.6212	1
757	12 09 58.820	+18 30 50.77	0.20	4.39	3.80	3.60	20.9251	20.2996	20.0866	19.2829	0
758	12 10 06.211	+18 30 52.43	0.74	4.69	4.10	3.35	21.2149	20.5757	19.8372	18.9134	1
759	12 10 09.519	+18 30 51.37	0.80	3.31	2.60	1.80	19.8365	19.0752	18.2826	17.4974	1
760	12 10 20.843	+18 30 54.26	0.73	4.02	3.44	2.71	20.5484	19.9199	19.1940	18.3109	1
764	12 10 05.380	+18 30 46.43	0.74	83.47	4.32	3.59	99.9999	20.8021	20.0700	19.4474	1
765	12 09 46.296	+18 30 39.03	0.91	3.79	3.31	2.40	20.3163	19.7800	18.8769	18.0431	1
766	12 10 08.466	+18 30 43.55	0.89	2.81	1.95	1.06	19.3437	18.4172	17.5408	16.6628	1
770	12 10 02.029	+18 30 38.38	0.56	83.47	4.00	3.43	99.9999	20.4825	19.9195	19.3104	1
773	12 10 03.580	+18 30 33.74	0.45	83.47	4.19	3.74	99.9999	20.6844	20.2288	19.5694	1
774	12 10 14.405	+18 30 34.97	0.93	2.32	1.31	0.37	18.8473	17.7753	16.8522	15.9178	1
776	12 09 59.048	+18 30 26.34	0.44	4.29	3.65	3.21	20.8193	20.1452	19.6950	19.1513	1
777	12 09 57.558	+18 30 25.75	0.51	4.45	3.85	3.34	20.9838	20.3365	19.8277	19.1444	1
778	12 10 03.640	+18 30 23.69	0.84	3.26	2.46	1.62	19.7872	18.9354	18.0979	17.2458	1
780	12 09 53.586	+18 30 19.92	0.63	83.47	4.25	3.62	99.9999	20.7330	20.1083	19.4240	1
781	12 10 13.726	+18 30 23.86	0.88	3.88	3.40	2.52	20.4077	19.8726	19.0000	18.2389	1
790	12 10 13.159	+18 29 52.80	0.68	4.05	3.22	2.54	20.5781	19.7055	19.0239	18.2368	1
791	12 10 03.998	+18 29 48.71	0.89	3.80	3.24	2.35	20.3317	19.7087	18.8285	18.0307	1
798	12 10 04.039	+18 29 18.60	0.28	83.47	3.89	3.61	99.9999	20.3869	20.0984	19.5638	1
803	12 09 54.093	+18 29 04.20	0.86	83.47	4.70	3.84	99.9999	21.1741	20.3221	19.5944	1
809	12 10 08.507	+18 28 54.20	0.87	83.47	4.07	3.20	99.9999	20.5457	19.6812	18.9453	1
815	12 10 14.373	+18 28 18.35	0.53	3.17	2.60	2.07	19.7010	19.0853	18.5559	18.0303	1
823	12 10 06.269	+18 27 09.29	0.72	3.80	2.99	2.26	20.3286	19.4673	18.7478	17.8877	1
