# ngc5824 E(B-V)=0.13, m-M = 17.53
# BlueFlag Note: if (V-I)0 > 0.331 + 1.444 * (B-V)0 then BlueFlag = 0
# 	RA		Dec		(B-V)_0	M_u	M_B	M_V	u	B	V	I	BlueFlag
100	15 04 25.834	-33 04 40.27	0.65	1.36	0.59	-0.05	19.5712	18.6398	17.8936	17.0390	1
114	15 04 24.962	-33 02 44.36	0.83	81.79	0.76	-0.07	99.9999	18.7994	17.8755	16.7882	1
115	15 04 24.867	-33 05 39.05	0.89	2.02	1.01	0.13	20.2251	19.0441	18.0676	16.9468	1
117	15 04 24.884	-33 03 49.62	0.64	0.70	-0.05	-0.69	18.9097	17.9962	17.2545	16.3754	1
124	15 04 24.568	-33 04 20.37	0.30	1.83	0.97	0.67	20.0435	19.0360	18.6243	17.9585	1
126	15 04 24.574	-33 02 44.68	0.49	81.79	1.67	1.18	99.9999	19.7274	19.1292	18.4360	1
142	15 04 23.721	-33 06 04.84	0.66	1.32	0.47	-0.19	19.5241	18.5151	17.7608	16.9423	1
146	15 04 23.634	-33 05 37.95	0.80	0.71	-0.51	-1.31	18.9179	17.5308	16.6368	15.5659	1
229	15 04 22.040	-33 05 13.85	0.49	81.79	1.75	1.26	99.9999	19.8067	19.2111	18.3413	1
239	15 04 21.740	-33 03 45.60	1.00	81.79	1.75	0.75	99.9999	19.7731	18.6851	17.4116	1
242	15 04 21.519	-33 05 26.74	0.73	81.79	1.24	0.51	99.9999	19.2798	18.4592	17.3879	1
255	15 04 20.852	-33 04 12.07	0.80	1.12	-0.15	-0.95	19.3322	17.8866	16.9899	15.8580	1
256	15 04 20.767	-33 05 28.80	0.61	1.56	0.68	0.07	19.7677	18.7265	18.0139	17.1059	1
259	15 04 20.681	-33 03 36.05	0.92	81.79	1.85	0.93	99.9999	19.8798	18.8743	17.4415	1
260	15 04 20.575	-33 03 23.32	0.84	81.79	1.34	0.50	99.9999	19.3716	18.4387	17.2540	1
261	15 04 20.571	-33 03 06.38	-0.28	81.79	1.74	2.02	99.9999	19.8450	19.9901	19.5730	0
263	15 04 20.356	-33 06 00.57	0.19	1.65	0.62	0.43	19.8603	18.6937	18.3899	17.9936	1
276	15 04 20.048	-33 00 44.14	0.89	81.79	1.83	0.94	99.9999	19.8658	18.8857	17.9102	1
278	15 04 19.789	-33 03 15.28	0.70	2.16	1.38	0.68	20.3650	19.4255	18.6258	17.8495	1
294	15 04 19.330	-33 02 51.94	0.68	81.79	1.81	1.13	99.9999	19.8533	19.0780	18.0256	1
302	15 04 18.851	-33 06 53.85	0.55	81.79	1.25	0.70	99.9999	19.3017	18.6445	17.8273	1
304	15 04 18.899	-33 04 46.03	0.85	81.79	1.14	0.29	99.9999	19.1768	18.2339	17.2778	1
306	15 04 18.907	-33 01 36.28	0.58	81.79	1.57	0.98	99.9999	19.6185	18.9331	18.0613	1
307	15 04 18.808	-33 03 59.80	0.78	1.33	0.25	-0.53	19.5393	18.2866	17.4144	16.3685	1
308	15 04 18.715	-33 02 22.65	1.03	0.76	-0.74	-1.77	18.9715	17.2781	16.1656	14.8985	1
309	15 04 18.659	-33 03 16.62	0.15	1.76	0.69	0.54	19.9688	18.7650	18.4980	18.0770	1
315	15 04 18.553	-33 02 00.88	0.91	81.79	2.19	1.28	99.9999	20.2240	19.2222	18.1549	1
320	15 04 18.156	-33 05 56.43	1.08	81.79	2.03	0.96	99.9999	20.0515	18.8946	17.9113	1
321	15 04 18.032	-33 06 53.81	0.51	81.79	2.09	1.58	99.9999	20.1403	19.5275	18.6386	1
323	15 04 17.992	-33 06 25.99	0.02	81.79	0.70	0.67	99.9999	18.7797	18.6334	18.3201	1
329	15 04 17.770	-33 06 15.78	0.62	1.38	0.53	-0.09	19.5885	18.5729	17.8530	16.9518	1
335	15 04 17.729	-33 01 28.71	0.02	81.79	0.64	0.63	99.9999	18.7292	18.5893	18.3772	1
336	15 04 17.716	-33 00 48.05	0.73	1.25	0.33	-0.41	19.4583	18.3700	17.5404	16.6477	1
341	15 04 17.344	-33 06 13.03	0.15	1.76	0.62	0.46	19.9742	18.6955	18.4222	18.1081	1
345	15 04 17.187	-33 03 48.74	0.81	1.75	0.80	-0.01	19.9535	18.8324	17.9330	16.8452	1
347	15 04 16.940	-33 07 48.97	0.87	1.38	0.23	-0.63	19.5835	18.2658	17.3102	16.1054	1
354	15 04 16.800	-33 02 55.72	0.83	1.62	0.57	-0.26	19.8238	18.6048	17.6864	16.5923	1
356	15 04 16.772	-33 02 37.54	0.17	1.53	0.44	0.27	19.7398	18.5137	18.2304	17.8483	1
357	15 04 16.681	-33 05 11.51	0.64	81.79	2.18	1.54	99.9999	20.2273	19.4902	18.4799	1
359	15 04 16.643	-33 04 16.42	0.60	1.62	0.73	0.13	19.8264	18.7816	18.0816	17.2446	1
361	15 04 16.627	-33 03 54.60	-0.05	1.70	1.15	1.21	19.9107	19.2433	19.1679	19.0613	1
362	15 04 16.558	-33 04 37.45	0.85	1.37	0.13	-0.72	19.5825	18.1681	17.2278	16.0440	1
367	15 04 16.455	-33 03 51.71	0.82	1.43	0.36	-0.46	19.6412	18.3943	17.4813	16.3510	1
373	15 04 15.824	-33 08 12.67	0.48	81.79	1.39	0.92	99.9999	19.4505	18.8659	17.9275	1
379	15 04 15.951	-33 00 08.82	0.67	81.79	1.82	1.15	99.9999	19.8661	19.1018	18.0761	1
389	15 04 15.395	-33 04 22.46	0.66	81.79	2.46	1.79	99.9999	20.5013	19.7397	18.9184	1
392	15 04 15.224	-33 04 23.56	0.50	81.79	2.17	1.67	99.9999	20.2280	19.6243	18.5382	1
397	15 04 15.152	-33 03 21.71	0.07	1.72	0.64	0.56	19.9351	18.7197	18.5235	18.2484	1
398	15 04 15.014	-33 07 38.45	0.46	1.99	1.30	0.84	20.1971	19.3582	18.7887	17.8701	1
400	15 04 15.119	-32 59 45.73	0.63	1.99	1.39	0.75	20.2025	19.4321	18.7022	17.8980	1
404	15 04 14.771	-33 02 34.96	1.05	0.89	-0.62	-1.67	19.0922	17.4045	16.2730	14.9829	1
410	15 04 14.402	-33 05 29.18	-0.07	1.72	1.58	1.65	19.9311	19.6707	19.6125	19.5789	1
411	15 04 14.388	-33 04 20.62	0.57	81.79	1.65	1.08	99.9999	19.7035	19.0308	18.0483	1
416	15 04 14.222	-33 02 27.98	1.12	81.79	2.35	1.23	99.9999	20.3709	19.1696	17.9781	1
418	15 04 14.191	-33 02 23.73	0.83	1.15	0.06	-0.77	19.3604	18.0994	17.1765	16.1295	1
420	15 04 13.903	-33 05 23.72	0.80	81.79	1.60	0.80	99.9999	19.6367	18.7419	17.6542	1
421	15 04 14.069	-33 00 08.19	0.81	1.47	0.35	-0.46	19.6776	18.3853	17.4850	16.3138	1
429	15 04 13.838	-33 00 09.56	0.73	1.15	0.17	-0.56	19.3613	18.2110	17.3814	16.2942	1
436	15 04 13.463	-33 02 49.27	0.17	1.53	0.39	0.22	19.7390	18.4604	18.1734	17.8267	1
455	15 04 12.619	-33 04 50.01	1.12	1.00	-0.54	-1.66	19.2065	17.4784	16.2824	14.9684	1
464	15 04 12.337	-33 06 56.00	0.01	0.87	-0.12	-0.14	19.0784	17.9643	17.8252	17.7271	1
467	15 04 12.405	-33 01 06.15	0.77	1.06	-0.07	-0.85	19.2696	17.9650	17.0982	15.9719	1
468	15 04 12.167	-33 06 46.56	0.09	1.74	0.79	0.70	19.9530	18.8682	18.6539	18.3018	1
473	15 04 12.026	-33 03 29.80	0.34	2.64	1.80	1.46	20.8484	19.8598	19.4091	18.4165	0
477	15 04 11.810	-33 05 06.35	0.71	1.74	0.96	0.26	19.9485	19.0061	18.2019	17.2498	1
480	15 04 11.850	-33 02 01.29	0.14	1.84	0.81	0.66	20.0556	18.8824	18.6199	18.5241	1
481	15 04 11.876	-33 00 40.04	0.48	81.79	1.70	1.22	99.9999	19.7518	19.1698	18.5134	1
483	15 04 11.704	-33 03 42.41	0.81	81.79	2.04	1.23	99.9999	20.0780	19.1741	18.2021	1
484	15 04 11.634	-33 05 39.41	0.70	1.70	0.85	0.14	19.9091	18.8894	18.0888	17.2192	1
490	15 04 11.360	-33 03 18.46	0.79	81.79	1.14	0.35	99.9999	19.1766	18.2926	17.3506	1
491	15 04 11.249	-33 05 53.69	0.39	81.79	1.12	0.74	99.9999	19.1857	18.6909	17.8861	1
492	15 04 11.104	-33 06 52.59	0.51	1.99	1.11	0.60	20.1962	19.1675	18.5527	17.6194	1
494	15 04 11.220	-33 01 43.99	0.04	1.83	1.27	1.23	20.0426	19.3551	19.1898	19.0784	1
495	15 04 11.190	-33 01 34.11	0.63	1.36	0.79	0.16	19.5670	18.8365	18.1111	17.3159	1
496	15 04 11.028	-33 02 41.48	0.77	1.10	-0.03	-0.80	19.3062	18.0063	17.1432	16.0110	1
499	15 04 10.831	-33 04 58.46	0.12	1.90	0.81	0.68	20.1104	18.8840	18.6425	18.4440	1
504	15 04 10.692	-33 07 13.92	0.69	81.79	2.09	1.39	99.9999	20.1281	19.3383	18.3318	1
505	15 04 10.838	-33 02 32.06	0.56	1.76	0.91	0.34	19.9739	18.9584	18.2938	17.3251	1
506	15 04 10.925	-32 59 30.23	0.40	81.79	2.02	1.62	99.9999	20.0825	19.5723	18.8663	1
507	15 04 10.583	-33 08 23.69	0.65	81.79	1.60	0.95	99.9999	19.6423	18.8925	18.0547	1
508	15 04 10.604	-33 02 12.26	0.71	2.07	1.00	0.29	20.2777	19.0449	18.2389	17.4174	1
510	15 04 10.616	-32 59 31.30	0.80	81.79	2.04	1.24	99.9999	20.0788	19.1848	18.1581	1
512	15 04 10.453	-33 03 30.79	1.14	0.77	-0.89	-2.03	18.9813	17.1209	15.9058	14.5177	1
514	15 04 10.442	-33 02 19.31	0.01	1.88	0.69	0.68	20.0894	18.7783	18.6392	18.4086	1
522	15 04 09.834	-33 03 52.82	0.75	81.79	2.07	1.32	99.9999	20.1115	19.2628	18.2783	1
523	15 04 09.911	-33 00 54.41	0.77	81.79	1.62	0.85	99.9999	19.6566	18.7971	17.6326	1
524	15 04 09.857	-33 02 07.30	-0.21	1.05	1.68	1.90	19.2649	19.7829	19.8635	20.0362	1
525	15 04 09.815	-33 01 10.50	0.87	81.79	2.22	1.34	99.9999	20.2501	19.2864	18.1423	1
526	15 04 09.565	-33 04 20.61	0.03	81.79	0.65	0.62	99.9999	18.7309	18.5756	18.3534	1
528	15 04 09.573	-33 03 16.67	0.86	1.55	0.38	-0.47	19.7572	18.4136	17.4680	16.3076	1
530	15 04 09.490	-33 04 11.35	0.67	81.79	2.18	1.50	99.9999	20.2198	19.4509	18.4222	1
532	15 04 09.401	-33 04 46.50	0.55	81.79	1.30	0.75	99.9999	19.3540	18.7004	17.6447	1
537	15 04 09.170	-33 04 07.65	0.09	1.26	0.05	-0.05	19.4708	18.1254	17.9138	17.4223	1
538	15 04 09.133	-33 04 32.58	-0.10	81.79	1.11	1.21	99.9999	19.2010	19.1709	19.1419	1
540	15 04 08.921	-33 07 58.63	-0.05	81.79	0.69	0.74	99.9999	18.7754	18.7008	18.4057	1
545	15 04 08.927	-33 05 27.96	0.65	81.79	1.78	1.13	99.9999	19.8245	19.0774	17.9274	1
546	15 04 08.801	-33 08 29.39	0.04	1.93	0.69	0.65	20.1443	18.7726	18.6127	18.3246	1
548	15 04 08.750	-33 06 52.37	0.94	1.69	0.44	-0.50	19.9010	18.4668	17.4378	16.3551	1
549	15 04 08.718	-33 06 00.14	0.81	1.84	0.77	-0.04	20.0433	18.8048	17.8991	16.8348	1
553	15 04 08.729	-32 59 59.75	1.00	81.79	1.49	0.48	99.9999	19.5093	18.4240	17.3647	1
555	15 04 08.629	-33 00 59.94	0.55	81.79	2.04	1.49	99.9999	20.0883	19.4383	18.4789	1
557	15 04 08.302	-33 08 15.30	0.80	81.79	2.24	1.44	99.9999	20.2769	19.3838	17.8249	1
560	15 04 08.414	-33 03 32.66	0.38	1.91	0.87	0.49	20.1177	18.9363	18.4431	17.7687	1
563	15 04 08.375	-33 02 52.29	0.74	81.79	0.85	0.11	99.9999	18.8914	18.0546	16.9672	1
565	15 04 08.258	-33 04 52.82	0.76	2.13	1.28	0.52	20.3381	19.3141	18.4609	17.3634	1
567	15 04 08.341	-33 01 03.06	0.18	1.71	0.78	0.60	19.9218	18.8564	18.5607	18.3129	1
571	15 04 08.187	-33 04 14.29	0.67	81.79	1.54	0.87	99.9999	19.5857	18.8159	17.7715	1
573	15 04 08.173	-33 04 05.71	0.61	81.79	1.62	1.01	99.9999	19.6636	18.9546	17.8692	1
575	15 04 08.237	-33 01 27.71	0.79	1.58	0.63	-0.16	19.7894	18.6688	17.7876	16.6384	1
578	15 04 08.023	-33 03 13.02	0.64	2.18	1.25	0.61	20.3881	19.2977	18.5624	17.4536	1
579	15 04 07.939	-33 05 16.21	0.84	1.51	0.37	-0.47	19.7180	18.4051	17.4776	16.3225	1
580	15 04 07.719	-33 09 00.70	0.93	1.54	0.44	-0.49	19.7481	18.4640	17.4495	16.2601	1
583	15 04 07.712	-33 07 42.72	1.06	81.79	2.32	1.26	99.9999	20.3409	19.2012	17.9031	1
589	15 04 07.578	-33 06 10.56	1.07	1.05	-0.51	-1.57	19.2564	17.5143	16.3674	15.0485	1
592	15 04 07.442	-33 07 20.16	0.80	1.82	0.78	-0.02	20.0236	18.8170	17.9258	16.8235	1
595	15 04 07.612	-33 00 29.93	0.11	81.79	0.64	0.53	99.9999	18.7168	18.4843	18.1829	1
597	15 04 07.315	-33 09 01.25	0.50	81.79	1.81	1.30	99.9999	19.8617	19.2544	18.4049	1
600	15 04 07.316	-33 05 04.34	0.89	81.79	1.12	0.23	99.9999	19.1481	18.1716	17.0990	1
601	15 04 07.295	-33 05 36.11	0.08	81.79	0.72	0.64	99.9999	18.7990	18.5947	18.3390	1
602	15 04 07.421	-33 01 46.60	0.05	2.03	0.86	0.81	20.2380	18.9395	18.7660	18.6377	1
604	15 04 07.325	-33 02 48.40	0.11	1.78	0.76	0.65	19.9897	18.8391	18.6112	18.3658	1
605	15 04 07.266	-33 03 41.44	0.59	81.79	1.85	1.26	99.9999	19.8982	19.2091	18.1655	1
607	15 04 07.204	-33 03 52.78	0.34	1.87	1.46	1.11	20.0816	19.5195	19.0652	18.1353	1
609	15 04 06.997	-33 09 07.49	0.18	1.48	0.44	0.26	19.6938	18.5173	18.2207	17.7401	1
610	15 04 07.187	-33 03 16.88	0.60	81.79	2.04	1.44	99.9999	20.0865	19.3893	18.4211	1
612	15 04 07.138	-33 04 26.07	0.61	81.79	1.41	0.80	99.9999	19.4584	18.7476	17.9195	1
613	15 04 07.172	-33 02 00.31	0.54	81.79	2.19	1.64	99.9999	20.2386	19.5922	18.5190	1
614	15 04 07.044	-33 04 01.59	0.66	1.39	0.40	-0.26	19.5955	18.4418	17.6839	16.6836	1
617	15 04 06.965	-33 04 13.63	0.12	1.97	0.76	0.64	20.1812	18.8353	18.5974	18.3479	1
621	15 04 06.964	-33 01 23.43	0.77	81.79	1.47	0.70	99.9999	19.5099	18.6423	17.6515	1
624	15 04 06.738	-33 05 12.86	0.82	1.55	0.67	-0.15	19.7543	18.7072	17.7933	16.6512	1
626	15 04 06.840	-33 01 30.07	1.04	1.08	-0.44	-1.49	19.2866	17.5809	16.4539	15.1777	1
627	15 04 06.733	-33 04 36.75	0.20	81.79	0.74	0.55	99.9999	18.8163	18.5030	18.0300	1
630	15 04 06.718	-33 02 46.13	0.65	81.79	2.58	1.93	99.9999	20.6294	19.8814	19.0162	1
631	15 04 06.743	-33 01 50.51	1.38	0.81	-1.19	-2.57	19.0188	16.8118	15.3610	13.8205	1
632	15 04 06.565	-33 03 55.47	0.70	81.79	1.01	0.31	99.9999	19.0506	18.2545	17.1633	1
633	15 04 06.573	-33 03 13.67	0.69	81.79	1.54	0.84	99.9999	19.5802	18.7913	17.7288	1
635	15 04 06.520	-33 03 34.92	0.19	81.79	1.10	0.91	99.9999	19.1766	18.8669	18.7603	1
638	15 04 06.588	-33 01 20.56	0.08	81.79	0.79	0.72	99.9999	18.8746	18.6775	18.3955	1
640	15 04 06.294	-33 07 54.45	1.02	81.79	1.77	0.74	99.9999	19.7884	18.6805	17.3890	1
642	15 04 06.412	-33 03 22.02	0.07	1.85	1.77	1.70	20.0647	19.8513	19.6633	99.9999	1
644	15 04 06.502	-33 00 30.91	0.62	81.79	1.91	1.29	99.9999	19.9566	19.2358	18.4674	1
645	15 04 06.312	-33 05 58.41	0.63	1.62	1.04	0.41	19.8332	19.0833	18.3562	17.5108	1
647	15 04 06.175	-33 07 02.37	1.03	0.97	-0.43	-1.46	19.1726	17.5940	16.4806	15.1791	1
655	15 04 05.981	-33 03 09.42	-0.17	1.85	1.39	1.56	20.0640	19.4854	19.5234	19.4183	1
657	15 04 05.960	-33 03 11.05	0.14	2.06	0.70	0.56	20.2734	18.7736	18.5148	18.2492	1
659	15 04 05.875	-33 03 16.94	0.51	81.79	1.60	1.09	99.9999	19.6539	19.0366	18.1123	1
661	15 04 05.725	-33 04 44.11	0.76	1.29	0.28	-0.47	19.4968	18.3233	17.4719	16.3842	1
664	15 04 05.507	-33 09 20.76	0.82	81.79	1.64	0.82	99.9999	19.6753	18.7623	17.6909	1
665	15 04 05.673	-33 03 53.52	0.06	1.78	0.68	0.62	19.9933	18.7590	18.5791	18.3672	1
668	15 04 05.692	-33 02 51.53	-0.07	1.75	0.63	0.70	19.9660	18.7179	18.6615	18.5504	1
672	15 04 05.429	-33 04 42.99	0.15	1.75	0.81	0.66	19.9647	18.8841	18.6190	18.3954	1
673	15 04 05.481	-33 02 38.32	0.70	81.79	1.63	0.93	99.9999	19.6695	18.8725	17.7961	1
676	15 04 05.413	-33 03 25.13	0.08	1.96	0.68	0.60	20.1676	18.7619	18.5557	18.2136	1
677	15 04 05.367	-33 03 49.48	0.05	2.23	0.79	0.74	20.4448	18.8718	18.7019	18.3920	1
678	15 04 05.366	-33 03 21.94	0.41	1.63	0.76	0.36	19.8434	18.8246	18.3105	17.4687	1
679	15 04 05.276	-33 04 59.92	0.16	1.66	0.49	0.33	19.8744	18.5623	18.2862	17.8876	1
681	15 04 05.250	-33 05 12.78	0.67	81.79	1.79	1.12	99.9999	19.8377	19.0679	18.0863	1
683	15 04 05.108	-33 07 29.04	1.08	0.95	-0.57	-1.65	19.1552	17.4503	16.2916	14.9676	1
689	15 04 05.214	-33 02 57.69	0.60	81.79	1.74	1.13	99.9999	19.7860	19.0825	17.9943	1
691	15 04 05.045	-33 06 34.37	0.45	2.85	2.06	1.61	21.0570	20.1222	19.5654	18.6530	1
692	15 04 05.215	-33 01 26.07	0.76	81.79	2.07	1.31	99.9999	20.1043	19.2529	18.2742	1
694	15 04 05.114	-33 03 05.32	0.69	81.79	1.28	0.59	99.9999	19.3255	18.5402	17.4258	1
696	15 04 05.081	-33 02 35.26	0.46	81.79	1.82	1.36	99.9999	19.8800	19.3135	18.3382	1
699	15 04 05.003	-33 04 01.19	1.24	0.90	-0.93	-2.17	19.1025	17.0825	15.7641	14.3600	1
700	15 04 04.940	-33 05 31.46	0.92	1.32	0.15	-0.77	19.5236	18.1823	17.1714	15.9811	1
701	15 04 05.030	-33 01 53.34	0.40	81.79	1.99	1.59	99.9999	20.0487	19.5412	18.8088	1
702	15 04 04.899	-33 05 02.37	0.98	81.79	2.27	1.29	99.9999	20.2948	19.2286	17.8555	1
706	15 04 04.892	-33 03 41.04	0.75	81.79	2.55	1.79	99.9999	20.5845	19.7358	18.6983	1
707	15 04 04.865	-33 04 04.57	0.98	1.07	-0.40	-1.38	19.2740	17.6258	16.5596	15.2945	1
708	15 04 04.845	-33 04 25.26	0.93	0.99	-0.17	-1.11	19.1980	17.8544	16.8326	15.6136	1
709	15 04 04.843	-33 04 23.50	0.87	81.79	1.41	0.54	99.9999	19.4433	18.4813	17.4522	1
710	15 04 04.812	-33 05 03.53	0.01	81.79	0.78	0.76	99.9999	18.8633	18.7242	18.5584	1
715	15 04 04.862	-33 02 09.59	0.71	81.79	2.15	1.44	99.9999	20.1940	19.3906	18.5174	1
716	15 04 04.827	-33 02 53.65	0.11	1.20	0.17	0.05	19.4089	18.2448	18.0132	17.4565	1
718	15 04 04.807	-33 01 52.51	0.65	81.79	2.17	1.52	99.9999	20.2166	19.4704	18.6062	1
719	15 04 04.665	-33 05 27.27	0.72	81.79	2.06	1.35	99.9999	20.1064	19.2931	18.3506	1
721	15 04 04.728	-33 03 17.84	0.85	1.78	0.88	0.03	19.9873	18.9152	17.9768	16.9177	1
722	15 04 04.643	-33 05 06.25	0.77	81.79	2.27	1.50	99.9999	20.3092	19.4442	18.3896	1
723	15 04 04.692	-33 03 12.01	0.90	1.59	0.41	-0.49	19.8020	18.4409	17.4500	16.2955	1
726	15 04 04.557	-33 04 07.45	0.78	1.63	0.45	-0.33	19.8388	18.4912	17.6145	16.4447	1
731	15 04 04.507	-33 04 44.43	0.83	2.21	1.60	0.77	20.4207	19.6382	18.7125	17.7441	1
733	15 04 04.516	-33 03 56.18	0.03	1.73	0.64	0.61	19.9382	18.7267	18.5687	18.4800	1
734	15 04 04.617	-33 00 47.66	0.81	81.79	0.97	0.16	99.9999	19.0058	18.0991	17.1006	1
739	15 04 04.450	-33 04 06.63	0.07	1.86	0.84	0.77	20.0717	18.9183	18.7303	18.5271	1
743	15 04 04.347	-33 05 49.59	0.03	1.87	0.75	0.71	20.0831	18.8289	18.6736	18.4396	1
744	15 04 04.504	-33 01 03.06	0.10	1.98	0.78	0.68	20.1932	18.8549	18.6370	18.4665	1
746	15 04 04.482	-33 00 58.67	0.58	81.79	2.37	1.79	99.9999	20.4215	19.7361	18.8506	1
748	15 04 04.334	-33 05 02.94	-0.05	1.91	0.99	1.04	20.1217	19.0805	19.0068	18.8365	1
751	15 04 04.259	-33 04 42.74	0.86	1.80	0.58	-0.29	20.0040	18.6081	17.6561	16.5427	1
754	15 04 04.060	-33 08 05.65	0.13	81.79	2.04	1.92	99.9999	20.1217	19.8765	18.8334	0
755	15 04 04.159	-33 04 33.10	0.18	1.88	0.69	0.51	20.0917	18.7665	18.4717	18.2190	1
757	15 04 04.163	-33 03 03.11	0.33	81.79	2.15	1.83	99.9999	20.2201	19.7798	18.7139	0
759	15 04 04.098	-33 03 48.08	0.18	81.79	2.13	1.95	99.9999	20.2024	19.9037	19.4074	1
760	15 04 04.200	-33 00 43.20	0.78	2.63	1.91	1.12	20.8386	19.9444	19.0694	17.9911	1
764	15 04 04.073	-33 03 49.44	-0.05	1.73	0.94	0.99	19.9457	19.0263	18.9509	18.7451	1
765	15 04 04.056	-33 04 13.87	0.79	0.78	-0.16	-0.95	18.9866	17.8797	16.9966	16.0929	1
769	15 04 04.040	-33 02 54.44	0.03	1.88	0.64	0.61	20.0931	18.7239	18.5686	18.3228	1
770	15 04 03.893	-33 06 57.45	0.28	1.88	0.97	0.69	20.0894	19.0391	18.6419	17.7438	1
773	15 04 03.784	-33 09 06.58	0.01	81.79	1.55	1.54	99.9999	19.6367	19.5031	19.6968	1
779	15 04 04.061	-32 59 02.47	-0.09	1.90	1.33	1.41	20.1105	19.4180	19.3752	19.3616	1
780	15 04 03.837	-33 05 19.35	0.74	1.32	0.33	-0.41	19.5246	18.3659	17.5345	16.4521	1
781	15 04 03.827	-33 05 10.41	0.57	2.12	1.37	0.80	20.3282	19.4192	18.7519	17.8714	1
782	15 04 03.842	-33 04 32.68	0.62	81.79	1.49	0.87	99.9999	19.5373	18.8129	17.8529	1
783	15 04 03.683	-33 08 34.27	0.61	2.01	1.08	0.47	20.2231	19.1280	18.4217	17.5444	1
784	15 04 03.909	-33 01 05.69	1.15	0.99	-0.63	-1.77	19.1998	17.3901	16.1651	14.8229	1
785	15 04 03.717	-33 06 35.26	0.72	81.79	2.26	1.54	99.9999	20.3011	19.4841	18.5543	1
788	15 04 03.767	-33 04 24.56	0.00	1.89	0.96	0.96	20.0989	19.0451	18.9170	18.8064	1
790	15 04 03.773	-33 04 01.33	0.81	81.79	2.00	1.18	99.9999	20.0308	19.1241	18.0353	1
791	15 04 03.776	-33 03 43.41	0.35	81.79	2.43	2.07	99.9999	20.4922	20.0283	19.0493	1
792	15 04 03.808	-33 02 38.70	0.79	81.79	1.14	0.35	99.9999	19.1775	18.2917	17.2887	1
796	15 04 03.697	-33 03 32.96	0.61	81.79	1.43	0.82	99.9999	19.4746	18.7666	17.9002	1
800	15 04 03.642	-33 03 48.39	0.01	81.79	0.75	0.75	99.9999	18.8369	18.7061	18.4667	1
806	15 04 03.602	-33 02 45.09	0.03	1.76	0.68	0.65	19.9729	18.7614	18.6115	18.4179	1
807	15 04 03.545	-33 03 46.15	0.32	81.79	0.94	0.62	99.9999	19.0018	18.5696	18.0361	1
809	15 04 03.667	-32 58 57.25	0.82	1.54	0.50	-0.32	19.7493	18.5332	17.6193	16.4821	1
811	15 04 03.310	-33 08 43.72	0.65	81.79	1.74	1.09	99.9999	19.7854	19.0374	18.2095	1
812	15 04 03.468	-33 03 49.19	0.88	1.01	-0.37	-1.25	19.2195	17.6615	16.6895	15.5011	1
813	15 04 03.537	-33 01 15.40	0.75	81.79	2.14	1.39	99.9999	20.1817	19.3358	18.3032	1
814	15 04 03.462	-33 02 46.67	0.60	81.79	1.31	0.71	99.9999	19.3595	18.6623	17.6342	1
817	15 04 03.349	-33 04 28.17	0.86	1.86	0.80	-0.06	20.0717	18.8333	17.8840	16.7903	1
819	15 04 03.377	-33 03 35.82	0.16	1.76	0.60	0.44	19.9674	18.6743	18.3982	18.0527	1
821	15 04 03.359	-33 03 38.66	0.66	81.79	1.20	0.54	99.9999	19.2430	18.4895	17.6812	1
824	15 04 03.232	-33 06 05.95	0.57	81.79	2.40	1.83	99.9999	20.4524	19.7788	19.0477	1
825	15 04 03.300	-33 04 06.64	0.61	0.85	0.08	-0.53	19.0576	18.1306	17.4188	16.4609	1
826	15 04 03.311	-33 03 27.62	0.88	1.92	1.04	0.16	20.1261	19.0718	18.1035	16.9671	1
827	15 04 03.245	-33 04 18.16	0.04	81.79	1.94	1.90	99.9999	20.0184	19.8558	19.9575	1
830	15 04 03.147	-33 06 11.46	0.07	1.88	0.97	0.90	20.0928	19.0471	18.8564	18.7719	1
831	15 04 03.261	-33 02 28.85	0.83	1.49	0.44	-0.39	19.6950	18.4777	17.5584	16.4467	1
832	15 04 03.220	-33 03 30.66	0.95	81.79	1.91	0.96	99.9999	19.9356	18.9039	17.8486	1
834	15 04 03.243	-33 02 18.89	-0.00	1.84	0.82	0.82	20.0567	18.9084	18.7839	18.6262	1
835	15 04 03.137	-33 05 25.05	0.67	1.43	0.42	-0.25	19.6344	18.4671	17.7001	16.6672	1
837	15 04 02.938	-33 08 29.94	0.63	81.79	2.28	1.65	99.9999	20.3220	19.5930	18.5819	1
841	15 04 02.977	-33 04 48.15	0.72	81.79	2.26	1.53	99.9999	20.2988	19.4792	18.4708	1
845	15 04 02.904	-33 05 38.00	0.44	81.79	2.17	1.73	99.9999	20.2258	19.6820	18.7141	1
847	15 04 02.913	-33 03 47.34	0.67	1.47	0.38	-0.29	19.6784	18.4281	17.6611	16.5998	1
849	15 04 03.029	-32 59 46.84	0.86	-0.86	-2.07	-2.93	17.3527	15.9623	15.0130	13.8820	1
850	15 04 02.838	-33 05 04.94	0.07	1.90	0.58	0.51	20.1088	18.6621	18.4714	18.1689	1
851	15 04 02.838	-33 04 25.92	0.89	1.80	0.93	0.04	20.0087	18.9587	17.9777	16.9226	1
854	15 04 02.802	-33 05 01.05	0.73	81.79	1.95	1.22	99.9999	19.9930	19.1634	18.1410	1
855	15 04 02.722	-33 06 59.88	0.60	81.79	1.96	1.36	99.9999	20.0114	19.3133	18.1821	1
856	15 04 02.836	-33 03 37.60	0.76	1.81	1.10	0.34	20.0176	19.1397	18.2820	17.1903	1
857	15 04 02.960	-32 59 59.24	-0.22	1.68	2.01	2.23	19.8968	20.1121	20.1964	99.9999	1
862	15 04 02.814	-33 02 16.20	0.65	81.79	2.24	1.60	99.9999	20.2897	19.5444	18.5191	1
863	15 04 02.734	-33 04 24.97	0.79	1.81	1.06	0.27	20.0227	19.1006	18.2166	17.1430	1
864	15 04 02.748	-33 04 00.25	0.85	81.79	1.66	0.81	99.9999	19.6913	18.7548	17.7478	1
873	15 04 02.659	-33 03 48.84	0.76	2.08	1.04	0.28	20.2925	19.0808	18.2240	17.0822	1
874	15 04 02.639	-33 04 19.42	0.72	2.11	0.96	0.24	20.3208	18.9981	18.1821	17.0785	1
875	15 04 02.650	-33 03 55.67	0.62	81.79	1.34	0.71	99.9999	19.3863	18.6619	17.5880	1
878	15 04 02.622	-33 04 03.88	0.82	2.54	1.71	0.89	20.7465	19.7480	18.8323	17.7973	1
879	15 04 02.621	-33 04 00.49	0.93	81.79	1.04	0.11	99.9999	19.0699	18.0545	16.9770	1
881	15 04 02.521	-33 06 23.45	0.89	81.79	1.56	0.67	99.9999	19.5930	18.6147	17.6343	1
882	15 04 02.548	-33 05 33.96	0.62	1.56	0.74	0.12	19.7718	18.7876	18.0641	17.0725	1
883	15 04 02.552	-33 04 57.65	0.88	81.79	2.17	1.29	99.9999	20.1988	19.2314	18.2365	1
884	15 04 02.660	-33 01 40.15	0.93	81.79	1.92	0.99	99.9999	19.9519	18.9355	18.0525	1
888	15 04 02.529	-33 04 20.42	0.37	1.77	0.94	0.57	19.9827	19.0074	18.5268	17.7771	1
890	15 04 02.532	-33 02 32.04	1.10	0.99	-0.64	-1.74	19.1930	17.3737	16.1941	14.8735	1
891	15 04 02.448	-33 04 52.40	0.82	1.48	0.39	-0.43	19.6841	18.4293	17.5172	16.3752	1
892	15 04 02.493	-33 03 23.45	0.56	81.79	1.29	0.73	99.9999	19.3363	18.6746	17.6344	1
894	15 04 02.513	-33 02 23.98	0.56	81.79	2.10	1.54	99.9999	20.1504	19.4895	18.4877	1
896	15 04 02.497	-33 02 41.23	0.85	81.79	1.69	0.84	99.9999	19.7202	18.7818	17.7237	1
897	15 04 02.412	-33 04 00.80	0.17	0.99	-0.22	-0.39	19.2024	17.8539	17.5646	17.0232	1
900	15 04 02.399	-33 03 39.96	0.84	1.72	0.62	-0.22	19.9283	18.6549	17.7246	16.6323	1
901	15 04 02.355	-33 04 10.91	0.74	81.79	1.82	1.08	99.9999	19.8588	19.0265	18.1288	1
902	15 04 02.345	-33 04 02.37	0.12	1.69	0.69	0.57	19.8995	18.7709	18.5275	18.3398	1
904	15 04 02.353	-33 02 42.59	-0.08	1.83	0.74	0.82	20.0426	18.8318	18.7872	18.5232	1
905	15 04 02.315	-33 03 47.88	0.10	1.99	0.91	0.80	20.2004	18.9846	18.7630	18.5267	1
907	15 04 02.273	-33 04 48.44	0.91	1.56	0.55	-0.37	19.7712	18.5752	17.5752	16.4155	1
908	15 04 02.337	-33 02 53.25	0.59	81.79	1.55	0.96	99.9999	19.5993	18.9121	17.8478	1
911	15 04 02.365	-33 00 39.34	0.07	1.93	0.87	0.79	20.1370	18.9487	18.7535	18.5383	1
914	15 04 02.306	-33 01 35.26	-0.01	1.79	0.66	0.67	19.9972	18.7474	18.6347	18.3574	1
915	15 04 02.180	-33 04 46.24	0.75	1.20	0.22	-0.53	19.4052	18.2637	17.4178	16.2988	1
916	15 04 02.231	-33 02 56.40	0.22	1.76	0.67	0.45	19.9744	18.7399	18.4017	17.9152	1
917	15 04 02.038	-33 08 16.42	0.10	81.79	0.75	0.65	99.9999	18.8270	18.6099	18.2823	1
920	15 04 02.141	-33 04 42.75	0.78	2.32	1.46	0.68	20.5326	19.5023	18.6274	17.6080	1
921	15 04 02.190	-33 03 07.66	0.90	81.79	2.46	1.56	99.9999	20.4894	19.5048	18.6264	1
924	15 04 02.161	-33 03 29.95	-0.33	81.79	2.11	2.44	99.9999	20.2185	20.4072	99.9999	1
930	15 04 02.091	-33 03 56.69	0.84	0.72	-0.34	-1.18	18.9328	17.6922	16.7656	15.6959	1
931	15 04 01.973	-33 06 56.23	0.17	1.58	0.50	0.33	19.7953	18.5710	18.2826	17.8512	1
932	15 04 02.061	-33 04 20.17	1.30	1.04	-0.68	-1.98	19.2479	17.3279	15.9524	14.6286	1
934	15 04 02.050	-33 03 52.70	0.91	81.79	2.16	1.25	99.9999	20.1853	19.1871	18.2053	1
937	15 04 02.015	-33 03 38.81	0.75	81.79	1.65	0.90	99.9999	19.6909	18.8467	18.0224	1
941	15 04 01.892	-33 04 38.55	0.80	81.79	1.25	0.46	99.9999	19.2912	18.4017	17.2818	1
944	15 04 01.861	-33 03 37.58	0.80	2.07	1.00	0.21	20.2803	19.0412	18.1517	17.1703	1
945	15 04 01.803	-33 04 58.69	-0.10	1.95	0.76	0.86	20.1602	18.8528	18.8209	18.5945	1
946	15 04 01.794	-33 04 40.42	0.71	81.79	1.26	0.54	99.9999	19.2979	18.4909	18.0867	1
950	15 04 01.795	-33 04 14.47	0.55	81.79	1.44	0.89	99.9999	19.4937	18.8365	17.8759	1
956	15 04 01.758	-33 04 21.73	0.10	1.85	0.62	0.51	20.0654	18.6946	18.4721	18.2367	1
959	15 04 01.788	-33 02 49.82	0.07	81.79	0.63	0.56	99.9999	18.7149	18.5214	18.2699	1
964	15 04 01.744	-33 03 04.70	0.87	1.51	0.35	-0.52	19.7209	18.3835	17.4243	16.2714	1
965	15 04 01.631	-33 04 32.88	0.69	2.05	1.21	0.52	20.2567	19.2534	18.4655	17.7504	1
966	15 04 01.589	-33 05 26.84	0.97	1.27	-0.04	-1.01	19.4802	17.9879	16.9353	15.7412	1
968	15 04 01.462	-33 08 44.10	0.73	81.79	2.09	1.36	99.9999	20.1303	19.3034	18.3508	1
970	15 04 01.599	-33 04 36.45	0.72	81.79	1.53	0.81	99.9999	19.5734	18.7601	17.6634	1
972	15 04 01.560	-33 05 34.91	0.26	1.92	1.06	0.80	20.1291	19.1297	18.7515	18.1002	1
973	15 04 01.633	-33 03 17.97	0.43	81.79	2.28	1.84	99.9999	20.3370	19.7950	19.0765	1
974	15 04 01.509	-33 06 45.26	0.81	81.79	2.04	1.23	99.9999	20.0801	19.1770	18.2827	1
975	15 04 01.572	-33 04 23.69	0.16	1.77	0.69	0.53	19.9765	18.7651	18.4872	18.1289	1
982	15 04 01.667	-32 59 52.10	0.89	1.02	-0.07	-0.96	19.2306	17.9588	16.9787	15.8824	1
983	15 04 01.540	-33 02 39.10	0.17	1.61	0.59	0.42	19.8238	18.6646	18.3804	18.0897	1
985	15 04 01.285	-33 09 37.96	0.61	81.79	1.87	1.25	99.9999	19.9131	19.1987	18.1476	1
989	15 04 01.366	-33 05 31.03	0.22	81.79	0.76	0.54	99.9999	18.8336	18.4995	18.1380	1
990	15 04 01.415	-33 04 02.48	0.73	1.84	1.30	0.58	20.0525	19.3436	18.5213	17.4323	1
993	15 04 01.381	-33 04 40.50	0.78	2.03	1.10	0.32	20.2381	19.1377	18.2673	17.1508	1
995	15 04 01.421	-33 03 12.32	0.78	81.79	1.00	0.22	99.9999	19.0387	18.1683	17.0567	1
996	15 04 01.302	-33 06 06.22	0.81	81.79	1.27	0.46	99.9999	19.3033	18.4030	17.3054	1
997	15 04 01.333	-33 05 06.75	-0.08	1.99	0.75	0.83	20.1977	18.8375	18.7893	18.6430	1
998	15 04 01.403	-33 03 01.92	0.90	1.29	0.05	-0.85	19.4958	18.0811	17.0919	15.9060	1
1000	15 04 01.460	-33 00 50.59	0.60	81.79	0.99	0.39	99.9999	19.0405	18.3433	17.3387	1
1001	15 04 01.356	-33 03 37.16	0.76	1.50	0.78	0.02	19.7128	18.8203	17.9689	16.9431	1
1008	15 04 01.304	-33 03 29.64	0.62	2.04	1.19	0.58	20.2453	19.2421	18.5240	17.6493	1
1009	15 04 01.283	-33 03 34.07	0.43	81.79	2.04	1.61	99.9999	20.0985	19.5628	18.5931	1
1012	15 04 01.277	-33 03 43.21	0.15	1.83	1.01	0.86	20.0460	19.0908	18.8211	18.6593	1
1013	15 04 01.146	-33 07 27.87	1.04	81.79	1.84	0.80	99.9999	19.8661	18.7419	17.3429	1
1015	15 04 01.253	-33 04 20.61	0.41	81.79	2.26	1.84	99.9999	20.3165	19.7936	18.8074	1
1018	15 04 01.214	-33 04 24.60	0.14	1.99	0.81	0.67	20.1993	18.8848	18.6278	18.4044	1
1021	15 04 01.211	-33 03 41.43	0.43	1.82	1.28	0.85	20.0314	19.3377	18.7990	18.9741	1
1024	15 04 01.153	-33 04 39.26	0.76	2.36	1.17	0.40	20.5634	19.2039	18.3480	17.3368	1
1029	15 04 01.128	-33 03 54.19	0.13	2.10	0.76	0.63	20.3068	18.8355	18.5876	18.4017	1
1037	15 04 01.085	-33 04 12.72	0.79	81.79	1.12	0.32	99.9999	19.1535	18.2686	17.4876	1
1042	15 04 01.032	-33 04 34.06	0.61	81.79	1.08	0.47	99.9999	19.1313	18.4196	17.4963	1
1045	15 04 00.946	-33 06 51.42	0.74	81.79	1.35	0.60	99.9999	19.3883	18.5496	17.5840	1
1046	15 04 01.048	-33 03 42.23	0.74	81.79	1.37	0.63	99.9999	19.4057	18.5725	17.5481	1
1047	15 04 01.102	-33 02 05.18	0.71	81.79	1.75	1.04	99.9999	19.7890	18.9856	18.0073	1
1053	15 04 01.041	-33 03 24.30	0.58	81.79	1.52	0.94	99.9999	19.5745	18.8891	17.7895	1
1056	15 04 00.956	-33 05 17.20	0.89	1.47	0.36	-0.53	19.6785	18.3959	17.4167	16.2654	1
1057	15 04 00.987	-33 03 59.40	0.75	81.79	1.11	0.36	99.9999	19.1452	18.3056	17.2320	1
1058	15 04 00.997	-33 03 34.37	0.89	81.79	2.02	1.13	99.9999	20.0527	19.0717	18.1806	1
1060	15 04 00.988	-33 03 28.79	0.83	1.87	1.00	0.18	20.0798	19.0398	18.1214	17.0794	1
1061	15 04 00.929	-33 05 06.80	0.59	81.79	1.39	0.80	99.9999	19.4427	18.7483	17.7231	1
1062	15 04 00.960	-33 03 56.24	0.95	1.43	0.17	-0.77	19.6414	18.2016	17.1699	15.9880	1
1066	15 04 00.904	-33 04 17.06	1.33	1.17	-0.75	-2.08	19.3731	17.2579	15.8579	14.4609	1
1069	15 04 00.825	-33 05 41.48	0.75	81.79	2.02	1.28	99.9999	20.0622	19.2226	18.4897	1
1070	15 04 00.867	-33 04 20.99	1.01	81.79	2.25	1.23	99.9999	20.2702	19.1723	18.0793	1
1078	15 04 00.805	-33 03 57.55	-0.02	81.79	0.69	0.72	99.9999	18.7801	18.6765	18.3366	1
1085	15 04 00.687	-33 06 20.02	0.70	1.35	0.44	-0.26	19.5540	18.4835	17.6838	16.6070	1
1091	15 04 00.769	-33 02 45.15	0.92	1.14	-0.08	-1.00	19.3512	17.9535	16.9453	15.7571	1
1092	15 04 00.644	-33 06 01.32	0.55	1.47	0.71	0.16	19.6798	18.7624	18.1095	17.1597	1
1096	15 04 00.708	-33 03 26.90	0.49	81.79	1.63	1.14	99.9999	19.6868	19.0931	17.8796	0
1098	15 04 00.699	-33 03 25.15	0.71	1.35	0.48	-0.23	19.5538	18.5199	17.7129	16.7529	1
1100	15 04 00.632	-33 05 00.02	0.69	81.79	1.09	0.40	99.9999	19.1343	18.3473	17.3536	1
1103	15 04 00.614	-33 05 07.51	0.64	0.96	-0.02	-0.66	19.1724	18.0274	17.2884	16.3485	1
1104	15 04 00.599	-33 05 24.39	-0.04	81.79	2.43	2.47	99.9999	20.5215	20.4361	19.3139	0
1106	15 04 00.678	-33 02 40.23	0.15	1.77	0.71	0.56	19.9830	18.7828	18.5141	18.2806	1
1107	15 04 00.617	-33 04 24.18	1.21	0.88	-1.04	-2.25	19.0904	16.9691	15.6824	14.2063	1
1110	15 04 00.608	-33 04 27.55	0.36	1.51	0.51	0.16	19.7237	18.5764	18.1085	17.6978	1
1113	15 04 00.622	-33 03 45.69	0.90	1.33	0.26	-0.64	19.5402	18.2948	17.3020	16.2133	1
1116	15 04 00.607	-33 04 07.32	1.16	0.83	-0.70	-1.86	19.0361	17.3119	16.0724	14.7878	1
1122	15 04 00.600	-33 03 40.02	0.77	81.79	1.74	0.97	99.9999	19.7830	18.9162	17.8361	1
1126	15 04 00.532	-33 04 18.87	0.91	1.19	-0.21	-1.11	19.3986	17.8236	16.8281	15.7668	1
1129	15 04 00.555	-33 03 18.04	0.79	81.79	1.43	0.64	99.9999	19.4665	18.5816	17.4874	1
1130	15 04 00.501	-33 04 45.68	0.71	81.79	2.02	1.31	99.9999	20.0669	19.2609	18.2469	1
1134	15 04 00.525	-33 03 27.44	0.61	1.77	0.88	0.26	19.9788	18.9265	18.2129	17.5102	1
1137	15 04 00.461	-33 05 06.20	0.60	2.14	1.22	0.63	20.3441	19.2699	18.5735	17.5530	1
1142	15 04 00.461	-33 04 52.89	0.73	81.79	1.86	1.13	99.9999	19.8978	19.0772	18.0580	1
1144	15 04 00.461	-33 04 40.94	0.15	1.98	1.12	0.97	20.1888	19.1961	18.9300	18.7860	1
1145	15 04 00.451	-33 04 39.41	0.26	1.80	0.56	0.30	20.0089	18.6320	18.2574	17.7103	1
1147	15 04 00.451	-33 04 11.88	1.21	0.41	-1.25	-2.47	18.6137	16.7569	15.4684	14.0356	1
1148	15 04 00.409	-33 05 18.59	0.71	81.79	2.19	1.49	99.9999	20.2371	19.4346	18.2903	1
1153	15 04 00.406	-33 04 32.55	0.07	81.79	0.62	0.55	99.9999	18.6991	18.5084	18.3041	1
1155	15 04 00.353	-33 05 01.98	0.65	81.79	1.42	0.76	99.9999	19.4631	18.7105	17.6350	1
1157	15 04 00.408	-33 03 21.07	0.13	1.85	1.01	0.88	20.0607	19.0847	18.8386	18.7441	1
1166	15 04 00.324	-33 04 35.55	0.91	81.79	0.92	0.02	99.9999	18.9527	17.9590	16.9036	1
1169	15 04 00.339	-33 03 33.16	0.79	1.91	1.07	0.28	20.1168	19.1045	18.2196	17.2216	1
1171	15 04 00.292	-33 04 21.06	0.81	1.28	0.07	-0.73	19.4874	18.1104	17.2119	16.2146	1
1172	15 04 00.094	-33 09 27.39	0.00	2.08	0.75	0.75	20.2878	18.8362	18.7090	18.3862	1
1174	15 04 00.292	-33 03 29.34	0.75	2.64	1.50	0.75	20.8472	19.5437	18.6978	17.5759	1
1177	15 04 00.202	-33 05 49.65	0.28	2.33	1.04	0.75	20.5393	19.1033	18.7079	18.0297	1
1178	15 04 00.236	-33 04 35.25	0.45	0.62	-0.30	-0.75	18.8318	17.7553	17.2004	16.4088	1
1187	15 04 00.094	-33 07 32.43	0.74	81.79	0.97	0.24	99.9999	19.0119	18.1805	17.0608	1
1189	15 04 00.244	-33 03 09.60	0.09	1.97	1.38	1.29	20.1789	19.4604	19.2478	19.3514	1
1191	15 04 00.215	-33 03 54.78	0.92	0.95	-0.30	-1.22	19.1612	17.7255	16.7173	15.4643	1
1195	15 04 00.301	-33 01 04.47	0.59	2.41	1.36	0.77	20.6223	19.4075	18.7193	17.6460	1
1201	15 04 00.203	-33 03 28.26	1.05	1.21	-0.13	-1.18	19.4196	17.8903	16.7561	15.5190	1
1203	15 04 00.187	-33 03 33.08	1.01	0.70	-0.48	-1.49	18.9047	17.5437	16.4512	15.1973	1
1204	15 04 00.192	-33 03 17.44	-0.36	0.85	-0.27	0.09	19.0616	17.8379	18.0565	17.2501	0
1207	15 04 00.215	-33 02 17.95	0.02	1.93	0.81	0.78	20.1388	18.8895	18.7414	18.7993	1
1215	15 04 00.138	-33 03 42.63	0.77	2.27	0.99	0.22	20.4815	19.0301	18.1642	17.0929	1
1218	15 04 00.101	-33 04 37.31	0.87	1.99	1.08	0.21	20.1983	19.1133	18.1513	17.0465	1
1223	15 04 00.097	-33 04 23.85	0.44	81.79	-0.74	-1.18	99.9999	17.3224	16.7741	15.9544	1
1227	15 04 00.093	-33 03 50.28	1.22	0.49	-1.14	-2.36	18.6926	16.8725	15.5786	14.1878	1
1237	15 03 59.989	-33 05 58.88	0.73	81.79	2.43	1.69	99.9999	20.4670	19.6374	18.4707	1
1242	15 04 00.026	-33 03 31.72	0.54	1.80	0.84	0.30	20.0079	18.8941	18.2504	17.4235	1
1252	15 03 59.946	-33 04 31.15	1.02	0.95	-0.53	-1.54	19.1567	17.4971	16.3973	15.1610	1
1253	15 03 59.992	-33 03 03.87	0.33	2.12	1.37	1.04	20.3285	19.4338	18.9949	18.2077	1
1254	15 03 59.882	-33 06 10.77	0.05	1.98	0.67	0.63	20.1889	18.7566	18.5849	18.3644	1
1255	15 03 59.980	-33 03 06.94	1.00	1.19	-0.07	-1.07	19.3994	17.9554	16.8720	15.6350	1
1258	15 03 59.914	-33 04 37.46	0.88	1.72	0.48	-0.40	19.9272	18.5077	17.5385	16.3854	1
1260	15 03 59.868	-33 05 42.09	0.18	81.79	0.89	0.71	99.9999	18.9624	18.6627	18.4601	1
1261	15 03 59.761	-33 08 44.80	0.86	81.79	1.10	0.24	99.9999	19.1325	18.1850	17.0668	1
1265	15 03 59.767	-33 07 59.23	0.46	2.13	1.49	1.02	20.3382	19.5441	18.9737	18.1514	1
1268	15 03 59.849	-33 05 24.93	0.13	1.81	0.73	0.61	20.0177	18.8116	18.5646	18.2707	1
1270	15 03 59.920	-33 03 08.17	-0.00	81.79	1.70	1.70	99.9999	19.7854	19.6609	19.7782	1
1271	15 03 59.851	-33 04 53.88	0.09	1.85	0.72	0.63	20.0650	18.7991	18.5839	18.2455	1
1285	15 03 59.793	-33 04 47.89	0.24	1.75	0.72	0.47	19.9567	18.7883	18.4301	18.1357	1
1287	15 03 59.782	-33 04 55.99	0.80	81.79	0.89	0.10	99.9999	18.9293	18.0417	17.0053	1
1295	15 03 59.731	-33 05 06.98	0.92	1.98	1.20	0.28	20.1875	19.2270	18.2242	17.1588	1
1304	15 03 59.723	-33 04 26.54	1.06	0.86	-0.55	-1.61	19.0717	17.4717	16.3303	15.1008	1
1310	15 03 59.752	-33 02 57.49	0.57	1.72	0.91	0.34	19.9286	18.9608	18.2890	17.3790	1
1313	15 03 59.718	-33 03 40.09	0.78	81.79	1.80	1.02	99.9999	19.8412	18.9645	18.1492	1
1322	15 03 59.684	-33 02 55.89	0.06	1.95	0.83	0.77	20.1642	18.9111	18.7321	18.4701	1
1331	15 03 59.621	-33 03 35.81	0.87	81.79	0.36	-0.51	99.9999	18.3886	17.4302	16.3707	1
1332	15 03 59.567	-33 05 07.52	0.00	81.79	0.87	0.87	99.9999	18.9543	18.8280	18.6192	1
1341	15 03 59.487	-33 06 02.46	0.71	81.79	2.10	1.39	99.9999	20.1419	19.3359	18.3818	1
1343	15 03 59.504	-33 05 14.88	0.43	1.66	0.76	0.34	19.8652	18.8229	18.2870	17.3210	1
1346	15 03 59.584	-33 02 17.05	0.78	81.79	1.10	0.32	99.9999	19.1346	18.2624	17.2224	1
1350	15 03 59.536	-33 03 02.56	1.17	0.87	-0.78	-1.95	19.0746	17.2336	15.9905	14.6194	1
1356	15 03 59.481	-33 03 41.13	0.84	0.88	0.10	-0.74	19.0873	18.1339	17.2036	16.1693	1
1357	15 03 59.422	-33 05 23.25	0.74	1.95	0.88	0.14	20.1615	18.9160	18.0854	16.9589	1
1362	15 03 59.415	-33 05 12.14	0.07	1.87	0.79	0.72	20.0837	18.8722	18.6833	18.3976	1
1364	15 03 59.421	-33 04 54.00	-0.09	0.99	0.59	0.68	19.2063	18.6764	18.6390	18.5500	1
1373	15 03 59.365	-33 05 34.20	0.08	81.79	0.69	0.61	99.9999	18.7691	18.5656	18.2698	1
1379	15 03 59.554	-32 59 36.38	0.12	1.86	0.70	0.58	20.0696	18.7828	18.5385	18.3410	1
1381	15 03 59.390	-33 03 47.06	1.11	81.79	-0.74	-1.86	99.9999	17.2746	16.0824	14.7703	1
1384	15 03 59.199	-33 08 22.97	0.68	81.79	1.66	0.98	99.9999	19.7030	18.9241	17.8157	1
1385	15 03 59.366	-33 03 33.47	0.91	1.62	0.68	-0.23	19.8266	18.7066	17.7111	16.6527	1
1388	15 03 59.308	-33 05 08.86	0.39	1.87	1.07	0.68	20.0841	19.1349	18.6362	17.9489	1
1390	15 03 59.371	-33 03 13.69	0.78	2.09	1.29	0.50	20.2967	19.3233	18.4474	17.3642	1
1393	15 03 59.322	-33 04 25.28	0.98	1.08	-0.12	-1.10	19.2920	17.9048	16.8386	15.7689	1
1397	15 03 59.332	-33 03 25.84	0.94	81.79	2.23	1.28	99.9999	20.2567	19.2258	18.5468	1
1399	15 03 59.283	-33 04 43.82	0.13	1.83	0.73	0.60	20.0429	18.8063	18.5557	18.0859	1
1407	15 03 59.313	-33 03 10.63	0.89	1.27	0.18	-0.71	19.4794	18.2130	17.2347	16.0520	1
1411	15 03 59.235	-33 04 42.42	1.06	0.64	-0.81	-1.87	18.8511	17.2110	16.0732	14.8036	1
1417	15 03 59.289	-33 02 12.29	0.01	1.79	0.71	0.69	20.0004	18.7923	18.6532	18.3774	1
1428	15 03 59.202	-33 03 32.69	0.60	1.86	0.95	0.35	20.0713	18.9996	18.3006	17.2682	1
1435	15 03 59.114	-33 05 07.11	0.81	81.79	2.06	1.25	99.9999	20.0964	19.1979	18.2418	1
1437	15 03 59.127	-33 04 36.48	0.07	1.93	0.65	0.58	20.1408	18.7280	18.5364	18.4440	1
1438	15 03 59.209	-33 02 15.31	0.23	1.56	0.49	0.26	19.7736	18.5587	18.2177	17.6350	1
1444	15 03 59.134	-33 03 39.63	1.03	1.25	-0.30	-1.32	19.4550	17.7274	16.6185	15.4723	1
1445	15 03 59.158	-33 02 53.16	0.75	81.79	1.39	0.64	99.9999	19.4261	18.5847	17.4550	1
1447	15 03 59.018	-33 06 27.16	0.77	2.03	1.01	0.24	20.2339	19.0475	18.1871	17.1474	1
1467	15 03 59.095	-33 01 53.75	0.62	81.79	1.77	1.15	99.9999	19.8216	19.1008	18.0634	1
1470	15 03 59.179	-32 59 25.18	0.47	81.79	2.25	1.78	99.9999	20.3042	19.7277	18.9359	1
1471	15 03 59.060	-33 02 48.31	-0.02	81.79	0.80	0.82	99.9999	18.8909	18.7845	18.5840	1
1473	15 03 58.993	-33 04 40.81	0.81	2.35	1.37	0.56	20.5559	19.4101	18.5080	17.5194	1
1474	15 03 58.987	-33 04 42.49	0.75	81.79	1.87	1.12	99.9999	19.9089	19.0657	18.1540	1
1481	15 03 58.998	-33 03 22.45	0.79	1.69	0.88	0.09	19.8996	18.9197	18.0366	16.9757	1
1500	15 03 58.915	-33 03 21.50	0.88	2.23	1.00	0.12	20.4340	19.0288	18.0614	16.9418	1
1511	15 03 58.739	-33 07 02.83	0.90	1.28	0.06	-0.85	19.4899	18.0870	17.0969	15.9140	1
1512	15 03 58.807	-33 05 00.37	0.08	2.02	1.60	1.53	20.2321	19.6816	19.4845	19.4480	1
1519	15 03 58.835	-33 03 36.94	0.05	1.63	0.59	0.55	19.8367	18.6759	18.5079	18.2766	1
1521	15 03 58.771	-33 05 09.92	0.93	0.62	-0.95	-1.87	18.8322	17.0829	16.0675	14.7072	1
1524	15 03 58.766	-33 05 05.56	0.89	1.55	0.33	-0.56	19.7578	18.3597	17.3778	16.2136	1
1527	15 03 58.827	-33 03 09.27	0.65	1.41	0.46	-0.20	19.6219	18.5033	17.7507	16.7438	1
1532	15 03 58.657	-33 07 27.42	-0.06	1.81	0.88	0.94	20.0193	18.9652	18.9006	18.8041	1
1533	15 03 58.784	-33 03 43.53	0.94	1.13	-0.26	-1.21	19.3393	17.7627	16.7318	15.5598	1
1537	15 03 58.593	-33 08 50.77	0.74	1.78	0.84	0.10	19.9902	18.8774	18.0406	16.9012	1
1538	15 03 58.743	-33 04 33.85	1.04	0.99	-0.47	-1.51	19.1923	17.5516	16.4337	15.2107	1
1541	15 03 58.776	-33 03 17.75	0.92	1.75	0.61	-0.31	19.9534	18.6395	17.6304	16.5059	1
1551	15 03 58.659	-33 04 50.42	0.80	81.79	1.53	0.73	99.9999	19.5663	18.6787	17.7533	1
1554	15 03 58.667	-33 04 27.69	0.80	1.07	-0.07	-0.87	19.2814	17.9651	17.0748	16.0550	1
1561	15 03 58.661	-33 03 36.81	0.27	81.79	0.79	0.52	99.9999	18.8622	18.4736	17.8959	1
1568	15 03 58.422	-33 09 47.46	0.64	81.79	2.00	1.36	99.9999	20.0480	19.3073	18.3902	1
1572	15 03 58.591	-33 04 34.21	0.83	2.45	1.31	0.48	20.6562	19.3476	18.4264	17.5052	1
1574	15 03 58.578	-33 04 42.20	0.08	2.09	0.80	0.72	20.2971	18.8796	18.6825	18.2414	1
1577	15 03 58.661	-33 01 40.91	0.04	81.79	0.77	0.72	99.9999	18.8510	18.6839	18.3357	1
1588	15 03 58.347	-33 09 46.07	0.56	1.23	0.70	0.13	19.4348	18.7465	18.0828	17.2712	1
1592	15 03 58.604	-33 02 13.17	0.03	81.79	0.77	0.74	99.9999	18.8559	18.6996	18.5589	1
1601	15 03 58.524	-33 03 00.83	0.75	2.54	1.72	0.98	20.7486	19.7621	18.9217	17.8804	1
1602	15 03 58.530	-33 02 50.63	0.99	1.69	0.16	-0.83	19.9003	18.1841	17.1088	15.8926	1
1611	15 03 58.422	-33 04 28.37	0.19	0.63	-0.50	-0.69	18.8413	17.5707	17.2659	16.9472	1
1623	15 03 58.325	-33 05 57.50	0.71	2.01	1.21	0.50	20.2177	19.2529	18.4469	17.3818	1
1631	15 03 58.346	-33 04 35.98	0.39	1.77	0.73	0.34	19.9772	18.7898	18.2902	17.6520	1
1633	15 03 58.378	-33 03 28.07	0.76	1.24	0.07	-0.69	19.4440	18.1042	17.2519	16.2281	1
1637	15 03 58.372	-33 03 23.49	0.93	81.79	2.22	1.29	99.9999	20.2505	19.2296	18.1363	1
1638	15 03 58.364	-33 03 33.22	1.00	1.19	0.23	-0.77	19.3949	18.2497	17.1699	16.0940	1
1651	15 03 58.311	-33 03 46.33	0.90	1.25	0.06	-0.84	19.4526	18.0882	17.0999	16.0014	1
1655	15 03 58.310	-33 03 13.72	0.83	2.00	0.69	-0.15	20.2036	18.7213	17.7965	16.6925	1
1664	15 03 58.193	-33 05 03.70	0.08	1.98	0.73	0.65	20.1965	18.8090	18.6047	18.4089	1
1669	15 03 58.295	-33 01 51.63	0.72	2.42	1.64	0.92	20.6245	19.6774	18.8641	17.9275	1
1673	15 03 58.157	-33 05 09.26	0.75	81.79	1.70	0.95	99.9999	19.7406	18.8938	17.8632	1
1678	15 03 58.197	-33 03 19.14	0.87	1.65	0.35	-0.53	19.8615	18.3771	17.4134	16.2496	1
1679	15 03 58.210	-33 02 53.68	0.62	81.79	2.75	2.13	99.9999	20.7969	20.0798	18.9982	1
1684	15 03 58.263	-33 01 06.65	0.06	1.79	0.63	0.56	20.0066	18.7105	18.5243	18.0972	1
1694	15 03 58.166	-33 03 01.74	1.03	0.95	-0.49	-1.52	19.1530	17.5324	16.4235	15.1614	1
1696	15 03 58.084	-33 05 18.13	0.19	1.72	0.60	0.42	19.9334	18.6786	18.3729	17.7291	1
1700	15 03 58.064	-33 05 13.52	0.41	81.79	1.91	1.51	99.9999	19.9751	19.4594	18.4901	1
1703	15 03 58.148	-33 02 48.75	0.77	81.79	1.89	1.12	99.9999	19.9256	19.0661	18.1157	1
1704	15 03 58.180	-33 01 26.92	0.05	1.99	0.74	0.69	20.1969	18.8176	18.6460	18.3989	1
1706	15 03 58.118	-33 03 08.54	0.80	1.90	0.83	0.04	20.1114	18.8701	17.9798	16.8834	1
1714	15 03 58.082	-33 03 37.20	0.16	1.09	-0.13	-0.29	19.2994	17.9452	17.6682	17.9924	1
1728	15 03 58.124	-33 01 09.44	0.07	1.93	0.72	0.66	20.1407	18.8043	18.6163	18.3139	1
1736	15 03 57.999	-33 03 42.52	0.87	1.48	0.18	-0.69	19.6900	18.2094	17.2493	16.1092	1
1737	15 03 57.943	-33 05 07.11	0.98	0.73	-0.41	-1.39	18.9324	17.6196	16.5507	15.3248	1
1739	15 03 57.855	-33 07 14.99	0.88	1.42	0.37	-0.51	19.6300	18.4048	17.4374	16.2923	1
1740	15 03 57.988	-33 03 26.16	0.71	1.81	0.59	-0.12	20.0152	18.6323	17.8308	16.6873	1
1741	15 03 58.024	-33 02 12.16	-0.10	1.90	1.34	1.44	20.1101	19.4280	19.3979	19.1626	1
1750	15 03 57.888	-33 04 59.92	0.58	1.52	0.46	-0.12	19.7244	18.5132	17.8331	16.8955	1
1755	15 03 57.861	-33 05 08.17	0.73	81.79	0.74	0.00	99.9999	18.7761	17.9474	16.9761	1
1760	15 03 57.849	-33 04 57.94	0.52	81.79	2.27	1.75	99.9999	20.3203	19.6958	18.6269	1
1761	15 03 57.918	-33 02 53.90	0.05	1.86	0.74	0.69	20.0727	18.8199	18.6509	18.3970	1
1767	15 03 57.864	-33 03 32.83	0.89	1.80	0.79	-0.10	20.0051	18.8181	17.8416	16.7611	1
1770	15 03 57.822	-33 04 30.69	0.98	1.78	1.04	0.06	19.9872	19.0637	17.9966	17.0683	1
1777	15 03 57.856	-33 02 48.15	0.86	1.94	1.19	0.33	20.1467	19.2193	18.2700	17.2137	1
1778	15 03 57.833	-33 03 18.83	0.56	2.33	1.23	0.67	20.5388	19.2846	18.6218	17.6216	1
1786	15 03 57.796	-33 03 20.23	0.92	1.41	0.23	-0.69	19.6137	18.2602	17.2484	16.0709	1
1792	15 03 57.800	-33 02 34.43	-0.14	81.79	1.62	1.77	99.9999	19.7165	19.7299	19.5280	1
1802	15 03 57.845	-33 00 36.43	0.19	81.79	0.81	0.62	99.9999	18.8849	18.5798	18.4448	1
1804	15 03 57.698	-33 04 29.11	0.95	1.44	-0.53	-1.49	19.6505	17.4950	16.4550	15.2081	1
1807	15 03 57.759	-33 02 09.33	0.71	81.79	1.24	0.53	99.9999	19.2826	18.4730	17.5227	1
1810	15 03 57.661	-33 04 36.26	0.75	2.02	0.82	0.06	20.2233	18.8556	18.0088	17.0194	1
1815	15 03 57.598	-33 05 32.35	0.68	81.79	1.98	1.29	99.9999	20.0197	19.2382	18.0786	1
1821	15 03 57.652	-33 03 28.41	0.40	1.58	0.86	0.46	19.7861	18.9189	18.4084	17.6384	1
1823	15 03 57.495	-33 07 11.55	0.79	81.79	0.91	0.12	99.9999	18.9508	18.0686	16.9969	1
1836	15 03 57.513	-33 05 05.11	0.58	81.79	1.88	1.30	99.9999	19.9261	19.2489	18.0297	1
1837	15 03 57.574	-33 03 12.04	0.60	81.79	2.29	1.69	99.9999	20.3404	19.6423	18.5945	1
1838	15 03 57.553	-33 03 39.26	0.75	81.79	1.50	0.75	99.9999	19.5436	18.6968	17.8420	1
1841	15 03 57.501	-33 04 58.97	0.82	2.08	0.99	0.16	20.2854	19.0231	18.1083	17.1135	1
1847	15 03 57.538	-33 02 20.76	0.31	2.05	0.95	0.64	20.2565	19.0188	18.5926	17.8666	1
1853	15 03 57.479	-33 03 10.56	-0.25	2.38	1.99	2.24	20.5922	20.0916	20.2067	99.9999	1
1855	15 03 57.463	-33 03 13.42	0.53	81.79	1.86	1.33	99.9999	19.9118	19.2799	18.1618	1
1859	15 03 57.429	-33 03 38.96	0.89	81.79	1.97	1.08	99.9999	20.0011	19.0246	18.0796	1
1862	15 03 57.376	-33 04 37.27	0.68	81.79	1.28	0.60	99.9999	19.3260	18.5481	17.5595	1
1865	15 03 57.398	-33 03 50.28	0.87	0.89	-0.52	-1.39	19.0962	17.5094	16.5483	15.4406	1
1867	15 03 57.417	-33 02 45.61	-0.11	1.99	0.96	1.08	20.2066	19.0561	19.0396	18.8253	1
1872	15 03 57.338	-33 04 39.59	0.28	1.99	0.86	0.58	20.2052	18.9294	18.5359	18.2869	1
1874	15 03 57.365	-33 03 36.31	0.15	1.90	0.76	0.60	20.1090	18.8318	18.5621	18.2785	1
1876	15 03 57.296	-33 05 13.75	0.78	1.63	0.48	-0.30	19.8336	18.5224	17.6474	16.5082	1
1879	15 03 57.447	-33 00 32.87	0.90	1.35	-0.00	-0.90	19.5605	18.0302	17.0429	15.8590	1
1881	15 03 57.283	-33 04 46.85	0.86	2.15	0.97	0.12	20.3603	19.0055	18.0590	16.9761	1
1892	15 03 57.227	-33 05 06.58	-0.03	1.88	0.98	1.02	20.0924	19.0700	18.9772	18.9891	1
1897	15 03 57.236	-33 03 44.43	1.21	1.01	-0.78	-1.98	19.2146	17.2335	15.9523	14.5893	1
1899	15 03 57.209	-33 04 28.14	0.11	81.79	0.59	0.48	99.9999	18.6718	18.4393	18.3264	1
1900	15 03 57.181	-33 04 46.09	0.03	2.04	0.74	0.71	20.2551	18.8239	18.6686	18.4052	1
1905	15 03 57.189	-33 03 47.67	1.10	81.79	1.30	0.20	99.9999	19.3185	18.1381	17.3095	1
1909	15 03 57.103	-33 05 39.09	0.23	1.72	0.76	0.53	19.9349	18.8293	18.4838	18.0640	1
1911	15 03 57.158	-33 03 54.03	0.87	1.29	-0.15	-1.01	19.4927	17.8857	16.9282	15.7892	1
1915	15 03 57.177	-33 03 00.13	0.07	81.79	0.86	0.79	99.9999	18.9420	18.7494	18.5952	1
1917	15 03 57.243	-33 00 45.33	0.57	81.79	2.57	2.00	99.9999	20.6198	19.9517	18.7759	1
1919	15 03 57.115	-33 04 19.01	0.97	1.19	-0.36	-1.34	19.4012	17.6623	16.6025	15.3905	1
1923	15 03 57.247	-32 59 36.23	0.69	81.79	1.68	0.99	99.9999	19.7215	18.9362	17.9170	1
1926	15 03 57.133	-33 02 47.65	0.54	81.79	2.37	1.83	99.9999	20.4190	19.7781	19.4612	1
1928	15 03 57.010	-33 05 38.24	0.48	81.79	1.69	1.21	99.9999	19.7478	19.1658	18.2413	1
1930	15 03 57.114	-33 02 37.63	0.91	1.70	0.85	-0.06	19.9096	18.8756	17.8801	16.8207	1
1932	15 03 57.035	-33 04 25.34	0.85	0.85	-0.32	-1.18	19.0551	17.7117	16.7669	15.7107	1
1933	15 03 56.982	-33 05 49.83	0.78	81.79	1.69	0.91	99.9999	19.7267	18.8563	17.8065	1
1936	15 03 57.046	-33 03 47.08	0.91	81.79	1.23	0.32	99.9999	19.2634	18.2661	17.2499	1
1941	15 03 57.023	-33 03 57.71	1.18	0.72	-0.99	-2.17	18.9295	17.0226	15.7677	14.4504	1
1943	15 03 56.913	-33 07 02.07	0.64	81.79	2.13	1.48	99.9999	20.1719	19.4303	18.3619	1
1947	15 03 56.995	-33 03 29.98	0.68	81.79	1.68	1.00	99.9999	19.7260	18.9481	17.8917	1
1948	15 03 56.952	-33 04 32.30	0.03	81.79	0.76	0.73	99.9999	18.8469	18.6906	18.4173	1
1949	15 03 56.931	-33 04 40.46	1.18	0.96	-0.87	-2.05	19.1697	17.1405	15.8838	14.4722	1
1955	15 03 56.914	-33 03 47.54	0.86	81.79	1.54	0.67	99.9999	19.5680	18.6151	17.6667	1
1960	15 03 56.921	-33 03 10.77	0.82	2.08	1.02	0.20	20.2899	19.0575	18.1472	17.0317	1
1963	15 03 56.874	-33 04 15.32	0.85	1.05	-0.28	-1.13	19.2541	17.7523	16.8158	15.7980	1
1967	15 03 56.885	-33 03 21.15	0.61	81.79	1.59	0.98	99.9999	19.6421	18.9277	17.9601	1
1971	15 03 56.943	-33 01 17.16	0.79	81.79	1.25	0.46	99.9999	19.2874	18.4007	17.3574	1
1978	15 03 56.829	-33 03 38.43	0.88	81.79	1.88	0.99	99.9999	19.9093	18.9356	17.8698	1
1983	15 03 56.787	-33 03 47.84	0.78	81.79	1.22	0.44	99.9999	19.2536	18.3823	17.4288	1
1985	15 03 56.769	-33 04 03.77	0.87	1.30	0.29	-0.58	19.5092	18.3224	17.3613	16.3106	1
2002	15 03 56.684	-33 04 38.96	0.25	81.79	0.75	0.50	99.9999	18.8220	18.4552	18.1480	1
2004	15 03 56.679	-33 04 40.40	0.79	81.79	1.65	0.86	99.9999	19.6865	18.8016	17.8969	1
2007	15 03 56.669	-33 04 48.86	1.08	1.04	-0.42	-1.50	19.2473	17.5952	16.4357	15.1312	1
2012	15 03 56.817	-33 00 05.87	0.48	81.79	2.68	2.20	99.9999	20.7405	20.1549	18.9308	0
2018	15 03 56.557	-33 06 27.31	0.38	1.73	1.02	0.64	19.9403	19.0778	18.5899	17.7566	1
2023	15 03 56.535	-33 06 36.99	1.00	1.96	0.63	-0.36	20.1679	18.6577	17.5779	16.4588	1
2032	15 03 56.498	-33 05 17.83	0.61	81.79	2.11	1.50	99.9999	20.1579	19.4525	18.2808	1
2033	15 03 56.561	-33 03 29.95	0.99	1.35	0.25	-0.74	19.5592	18.2782	17.2038	16.0632	1
2037	15 03 56.538	-33 03 37.96	0.91	0.98	-0.17	-1.08	19.1827	17.8575	16.8611	15.6799	1
2039	15 03 56.527	-33 03 50.85	0.97	1.69	0.20	-0.77	19.8972	18.2303	17.1705	15.9978	1
2041	15 03 56.521	-33 03 55.79	0.78	1.89	0.26	-0.51	20.0980	18.2998	17.4303	16.2509	1
2043	15 03 56.548	-33 03 06.65	-0.13	1.93	1.16	1.28	20.1422	19.2502	19.2483	19.2356	1
2044	15 03 56.489	-33 04 32.08	0.78	1.73	0.48	-0.30	19.9411	18.5167	17.6463	16.5651	1
2046	15 03 56.471	-33 04 56.98	0.79	1.64	0.83	0.04	19.8520	18.8684	17.9817	16.8402	1
2052	15 03 56.391	-33 05 39.50	0.78	1.72	0.78	-0.00	19.9313	18.8156	17.9434	16.8602	1
2053	15 03 56.451	-33 03 57.60	0.35	2.03	0.61	0.26	20.2432	18.6719	18.2104	17.6781	1
2059	15 03 56.400	-33 04 49.14	0.27	1.91	1.03	0.76	20.1215	19.1002	18.7157	17.7863	0
2064	15 03 56.392	-33 03 47.09	0.01	81.79	0.93	0.92	99.9999	19.0126	18.8781	18.6721	1
2069	15 03 56.349	-33 03 25.79	-0.07	2.13	1.10	1.18	20.3449	19.1941	19.1404	19.2611	1
2071	15 03 56.301	-33 04 23.14	0.30	81.79	0.84	0.54	99.9999	18.9073	18.4942	18.0318	1
2072	15 03 56.269	-33 05 11.15	0.36	1.73	0.68	0.32	19.9386	18.7435	18.2765	17.5270	1
2077	15 03 56.293	-33 03 36.63	0.06	1.94	0.69	0.62	20.1496	18.7714	18.5843	18.1817	1
2080	15 03 56.235	-33 04 57.20	0.49	81.79	2.69	2.20	99.9999	20.7417	20.1471	18.9179	0
2082	15 03 56.268	-33 03 59.16	0.72	81.79	0.67	-0.05	99.9999	18.7141	17.8981	16.8456	1
2087	15 03 56.207	-33 04 36.64	0.91	81.79	1.64	0.73	99.9999	19.6706	18.6760	17.5470	1
2092	15 03 56.295	-33 01 15.15	0.09	1.78	0.65	0.56	19.9908	18.7295	18.5188	18.2817	1
2093	15 03 56.191	-33 03 34.18	1.02	0.59	-0.82	-1.84	18.7959	17.2064	16.0985	14.8404	1
2095	15 03 56.150	-33 03 51.11	1.19	0.68	-0.90	-2.09	18.8897	17.1165	15.8470	14.4725	1
2096	15 03 56.115	-33 04 34.29	0.38	81.79	1.44	1.06	99.9999	19.5040	19.0129	18.1649	1
2099	15 03 56.061	-33 05 34.40	0.88	1.67	0.52	-0.37	19.8805	18.5465	17.5745	16.4106	1
2100	15 03 55.978	-33 07 52.28	0.56	1.29	0.63	0.07	19.5041	18.6833	18.0168	17.2032	1
2104	15 03 56.164	-33 01 48.56	0.63	81.79	1.76	1.13	99.9999	19.8072	19.0810	18.0875	1
2108	15 03 56.102	-33 02 57.09	0.82	1.84	0.88	0.06	20.0471	18.9123	18.0002	16.9113	1
2110	15 03 56.159	-33 00 50.93	0.75	81.79	1.43	0.68	99.9999	19.4651	18.6237	17.5323	1
2112	15 03 56.065	-33 03 01.36	-0.19	1.79	1.41	1.60	20.0056	19.5068	19.5620	19.4474	1
2114	15 03 56.179	-32 59 41.64	0.06	81.79	0.75	0.69	99.9999	18.8317	18.6482	18.4853	1
2116	15 03 55.952	-33 05 17.90	0.11	1.58	0.35	0.23	19.7909	18.4248	18.1932	17.7740	1
2117	15 03 56.001	-33 03 44.13	0.61	81.79	1.44	0.83	99.9999	19.4893	18.7776	17.7551	1
2119	15 03 55.974	-33 04 09.93	0.37	2.15	1.10	0.73	20.3564	19.1637	18.6867	18.0461	1
2120	15 03 56.026	-33 02 28.17	0.56	2.87	2.21	1.65	21.0782	20.2580	19.6006	18.6262	1
2122	15 03 55.977	-33 03 45.33	0.34	81.79	1.34	1.00	99.9999	19.4062	18.9550	18.6244	1
2123	15 03 55.953	-33 03 50.15	0.88	1.19	0.09	-0.78	19.3989	18.1249	17.1584	16.0349	1
2124	15 03 55.960	-33 03 35.64	1.25	1.08	-0.70	-1.95	19.2856	17.3080	15.9832	14.6222	1
2125	15 03 55.928	-33 04 23.75	1.07	81.79	2.22	1.15	99.9999	20.2395	19.0836	18.0689	1
2130	15 03 55.956	-33 02 53.58	0.70	81.79	1.26	0.57	99.9999	19.3067	18.5124	17.5136	1
2131	15 03 55.917	-33 03 58.86	0.90	81.79	1.51	0.61	99.9999	19.5428	18.5500	17.5801	1
2134	15 03 55.885	-33 03 54.97	0.85	81.79	0.91	0.06	99.9999	18.9460	18.0049	16.9320	1
2135	15 03 55.882	-33 03 51.78	1.19	0.79	-0.92	-2.11	18.9949	17.0879	15.8239	14.4485	1
2137	15 03 55.834	-33 04 16.14	0.00	1.47	0.82	0.82	19.6849	18.9101	18.7820	18.1381	0
2138	15 03 55.863	-33 03 24.75	0.19	1.81	1.05	0.86	20.0193	19.1216	18.8169	18.6779	1
2142	15 03 55.692	-33 06 06.62	0.54	81.79	1.94	1.40	99.9999	19.9908	19.3472	18.3820	1
2144	15 03 55.756	-33 03 52.95	0.99	1.22	-0.20	-1.19	19.4284	17.8290	16.7528	15.5052	1
2145	15 03 55.810	-33 02 17.00	0.84	1.70	0.92	0.08	19.9054	18.9568	18.0257	17.0030	1
2146	15 03 55.687	-33 05 23.02	0.05	1.87	0.93	0.88	20.0858	19.0108	18.8409	18.6273	1
2147	15 03 55.666	-33 05 47.47	0.77	1.93	0.81	0.04	20.1371	18.8494	17.9871	16.8894	1
2148	15 03 55.707	-33 04 33.88	0.15	81.79	0.94	0.78	99.9999	19.0116	18.7401	18.7119	1
2151	15 03 55.578	-33 07 27.42	0.52	81.79	2.12	1.60	99.9999	20.1705	19.5477	18.5811	1
2153	15 03 55.652	-33 05 06.83	0.88	1.84	0.79	-0.10	20.0478	18.8183	17.8446	16.6904	1
2154	15 03 55.663	-33 04 19.61	1.06	0.66	-0.86	-1.92	18.8671	17.1560	16.0182	14.9518	1
2155	15 03 55.560	-33 07 12.38	0.23	1.70	0.59	0.36	19.9139	18.6653	18.3198	17.8283	1
2159	15 03 55.636	-33 04 04.37	0.88	1.63	0.63	-0.25	19.8340	18.6588	17.6914	16.6710	1
2161	15 03 55.607	-33 04 45.22	0.76	81.79	1.82	1.06	99.9999	19.8568	19.0000	18.1194	1
2162	15 03 55.539	-33 06 38.10	0.83	1.88	0.93	0.09	20.0906	18.9623	18.0375	16.9021	1
2163	15 03 55.624	-33 03 32.12	0.72	1.81	0.90	0.18	20.0218	18.9421	18.1261	16.9508	1
2164	15 03 55.566	-33 04 54.55	-0.23	2.01	1.91	2.14	20.2245	20.0103	20.1091	19.7430	0
2166	15 03 55.551	-33 04 35.54	0.67	81.79	2.08	1.41	99.9999	20.1232	19.3598	18.5443	1
2168	15 03 55.494	-33 05 42.41	0.02	1.89	0.67	0.65	20.0996	18.7518	18.6074	18.4109	1
2169	15 03 55.596	-33 02 44.76	0.48	81.79	1.66	1.18	99.9999	19.7203	19.1329	18.0718	1
2170	15 03 55.616	-33 02 05.49	0.87	81.79	2.67	1.79	99.9999	20.6981	19.7344	18.7189	1
2173	15 03 55.560	-33 03 24.54	0.62	1.19	0.18	-0.43	19.3990	18.2293	17.5139	17.1205	1
2177	15 03 55.424	-33 04 52.98	0.87	1.54	0.13	-0.74	19.7469	18.1665	17.2073	15.9994	1
2181	15 03 55.469	-33 02 05.16	0.50	1.65	0.74	0.23	19.8565	18.7921	18.1846	17.1532	1
2185	15 03 55.340	-33 05 18.39	-0.05	1.86	0.86	0.91	20.0677	18.9444	18.8698	18.6376	1
2186	15 03 55.269	-33 07 07.09	0.76	1.77	0.76	-0.00	19.9742	18.7940	17.9400	16.8061	1
2191	15 03 55.360	-33 03 44.74	0.74	2.09	0.95	0.21	20.2957	18.9918	18.1595	17.0762	1
2193	15 03 55.310	-33 03 41.60	-0.07	1.78	1.06	1.14	19.9940	19.1539	19.0984	18.9540	1
2194	15 03 55.255	-33 04 19.91	0.93	1.41	0.23	-0.70	19.6150	18.2561	17.2425	16.0698	1
2196	15 03 55.203	-33 04 59.45	0.71	81.79	2.58	1.87	99.9999	20.6179	19.8127	18.6369	1
2197	15 03 55.172	-33 05 31.36	-0.00	1.68	0.76	0.76	19.8907	18.8465	18.7229	18.4749	1
2200	15 03 55.222	-33 03 59.88	0.93	1.79	0.58	-0.34	19.9998	18.6112	17.5984	16.4376	1
2201	15 03 55.218	-33 03 44.30	0.05	81.79	0.77	0.72	99.9999	18.8546	18.6830	18.5527	1
2202	15 03 55.191	-33 04 12.35	0.66	81.79	2.11	1.44	99.9999	20.1513	19.3887	18.8581	1
2204	15 03 55.186	-33 03 15.04	0.70	81.79	1.25	0.55	99.9999	19.2925	18.4955	17.6381	1
2205	15 03 55.004	-33 08 02.11	0.80	2.24	1.61	0.82	20.4523	19.6512	18.7617	17.6644	1
2206	15 03 55.009	-33 07 23.58	0.61	81.79	1.84	1.23	99.9999	19.8906	19.1816	18.2131	1
2209	15 03 55.089	-33 04 19.90	0.93	1.40	0.15	-0.77	19.6060	18.1831	17.1695	15.9840	1
2216	15 03 54.948	-33 06 39.95	1.04	0.97	-0.54	-1.59	19.1724	17.4800	16.3539	15.0659	1
2218	15 03 55.013	-33 04 21.71	0.91	81.79	1.31	0.40	99.9999	19.3395	18.3431	17.2523	1
2219	15 03 54.977	-33 05 11.74	0.96	0.97	-0.43	-1.39	19.1793	17.5934	16.5472	15.2766	1
2222	15 03 55.007	-33 03 50.80	0.10	1.82	0.69	0.60	20.0271	18.7721	18.5559	18.2490	1
2227	15 03 55.136	-32 59 23.34	0.83	1.56	0.36	-0.47	19.7662	18.3976	17.4764	16.3028	1
2228	15 03 54.971	-33 03 59.86	0.56	81.79	1.05	0.49	99.9999	19.1030	18.4367	17.5565	1
2233	15 03 54.898	-33 03 55.00	0.05	1.90	0.77	0.72	20.1159	18.8516	18.6790	18.4849	1
2235	15 03 54.904	-33 02 47.52	0.45	81.79	1.51	1.05	99.9999	19.5646	19.0053	18.2345	1
2238	15 03 54.868	-33 02 57.69	0.96	1.05	-0.40	-1.35	19.2568	17.6317	16.5891	15.3539	1
2243	15 03 54.854	-33 02 16.33	0.69	81.79	2.13	1.43	99.9999	20.1681	19.3783	18.3590	1
2244	15 03 54.739	-33 05 28.93	0.76	1.25	0.27	-0.49	19.4571	18.3131	17.4599	16.3604	1
2245	15 03 54.763	-33 04 08.55	1.00	0.98	-0.40	-1.40	19.1908	17.6252	16.5391	15.3236	1
2246	15 03 54.793	-33 02 54.76	0.80	1.91	0.76	-0.05	20.1219	18.7918	17.8978	16.7827	1
2247	15 03 54.674	-33 05 25.96	0.18	1.96	0.74	0.57	20.1666	18.8196	18.5267	18.0913	1
2251	15 03 54.773	-33 02 13.08	0.74	1.97	0.92	0.18	20.1738	18.9577	18.1245	17.0235	1
2252	15 03 54.712	-33 03 47.74	0.14	1.79	0.74	0.60	20.0054	18.8196	18.5608	18.2540	1
2253	15 03 54.584	-33 06 56.77	0.01	1.90	1.56	1.54	20.1084	19.6403	19.5012	19.3501	1
2254	15 03 54.629	-33 05 38.71	0.79	81.79	2.33	1.54	99.9999	20.3636	19.4796	18.5415	1
2255	15 03 54.694	-33 03 09.88	-0.19	0.53	0.27	0.45	18.7466	18.3637	18.4171	18.3800	1
2256	15 03 54.669	-33 03 41.84	0.77	1.73	0.73	-0.04	19.9394	18.7732	17.9082	16.8330	1
2259	15 03 54.570	-33 06 17.26	0.78	1.82	0.78	-0.00	20.0273	18.8156	17.9434	16.8287	1
2262	15 03 54.716	-33 01 32.99	0.82	81.79	1.06	0.24	99.9999	19.0932	18.1793	17.0863	1
2264	15 03 54.605	-33 04 16.75	0.80	2.08	1.16	0.36	20.2870	19.1977	18.3029	17.2152	1
2265	15 03 54.618	-33 03 53.15	0.55	81.79	1.78	1.23	99.9999	19.8348	19.1784	18.1080	1
2266	15 03 54.580	-33 04 25.06	0.75	81.79	1.90	1.15	99.9999	19.9425	19.0938	18.1643	1
2267	15 03 54.506	-33 05 41.96	0.09	1.80	0.81	0.72	20.0077	18.8857	18.6777	18.5507	1
2269	15 03 54.376	-33 08 14.79	1.07	1.05	-0.60	-1.67	19.2521	17.4169	16.2655	14.8925	1
2270	15 03 54.608	-33 01 40.24	-0.00	1.88	0.79	0.80	20.0935	18.8788	18.7588	18.6474	1
2271	15 03 54.446	-33 06 04.78	0.62	81.79	1.79	1.16	99.9999	19.8336	19.1128	18.0223	1
2273	15 03 54.478	-33 04 33.19	0.81	81.79	2.33	1.52	99.9999	20.3652	19.4640	18.6473	1
2274	15 03 54.485	-33 03 52.43	0.82	81.79	1.09	0.26	99.9999	19.1220	18.2063	17.1182	1
2275	15 03 54.526	-33 02 38.93	0.95	1.32	0.08	-0.88	19.5226	18.1039	17.0631	15.8672	1
2277	15 03 54.365	-33 06 58.61	0.95	1.36	0.03	-0.92	19.5720	18.0612	17.0250	15.8086	1
2279	15 03 54.459	-33 04 02.30	0.45	81.79	1.60	1.15	99.9999	19.6566	19.0973	18.0436	1
2281	15 03 54.415	-33 04 25.08	0.76	1.19	0.14	-0.62	19.4011	18.1791	17.3259	16.2235	1
2283	15 03 54.423	-33 03 45.54	0.63	81.79	2.02	1.38	99.9999	20.0627	19.3301	18.1971	1
2286	15 03 54.428	-33 03 13.34	0.69	81.79	2.02	1.34	99.9999	20.0647	19.2822	18.1766	1
2288	15 03 54.260	-33 06 36.99	-0.06	81.79	0.69	0.74	99.9999	18.7749	18.7057	18.7672	1
2289	15 03 54.366	-33 02 49.45	0.81	81.79	1.95	1.13	99.9999	19.9811	19.0780	18.2308	1
2294	15 03 54.068	-33 09 21.13	0.46	1.64	1.12	0.65	19.8501	19.1742	18.6047	17.9159	1
2295	15 03 54.263	-33 03 53.29	0.71	81.79	1.76	1.05	99.9999	19.8058	18.9979	18.0261	1
2297	15 03 54.201	-33 04 37.57	0.10	1.71	0.61	0.51	19.9192	18.6858	18.4670	17.9223	1
2298	15 03 54.189	-33 04 29.38	0.81	2.21	1.39	0.57	20.4134	19.4248	18.5181	17.5383	1
2300	15 03 54.333	-32 59 17.23	0.89	1.87	0.98	0.09	20.0774	19.0110	18.0327	16.9737	1
2302	15 03 54.069	-33 06 27.18	0.96	81.79	2.04	1.09	99.9999	20.0688	19.0271	18.0119	1
2305	15 03 54.161	-33 02 53.50	0.74	2.11	1.08	0.34	20.3212	19.1214	18.2846	17.2080	1
2306	15 03 54.308	-32 58 47.21	0.41	81.79	1.24	0.83	99.9999	19.3007	18.7805	17.9790	1
2307	15 03 54.043	-33 04 57.99	0.70	81.79	1.21	0.51	99.9999	19.2488	18.4554	17.4144	1
2308	15 03 54.040	-33 04 28.77	1.00	81.79	1.89	0.88	99.9999	19.9130	18.8241	17.7588	1
2309	15 03 54.045	-33 03 43.21	0.75	2.71	1.87	1.12	20.9151	19.9098	19.0648	18.1854	1
2313	15 03 54.045	-33 02 41.70	0.84	81.79	2.41	1.57	99.9999	20.4410	19.5126	18.5657	1
2314	15 03 53.897	-33 06 40.98	0.72	81.79	1.90	1.18	99.9999	19.9428	19.1232	18.0166	1
2317	15 03 53.917	-33 05 19.32	0.74	81.79	1.59	0.86	99.9999	19.6349	18.8035	17.7290	1
2319	15 03 53.910	-33 05 04.36	0.72	81.79	1.75	1.04	99.9999	19.7954	18.9830	17.9109	1
2321	15 03 53.945	-33 03 40.68	0.59	81.79	2.13	1.54	99.9999	20.1838	19.4902	18.5810	1
2322	15 03 53.884	-33 03 43.58	0.84	2.25	1.23	0.39	20.4619	19.2685	18.3337	17.2973	1
2325	15 03 53.989	-32 59 53.02	0.89	1.33	0.01	-0.88	19.5356	18.0418	17.0617	15.8692	1
2326	15 03 53.875	-33 02 46.28	0.79	2.11	1.22	0.42	20.3208	19.2525	18.3676	17.3313	1
2330	15 03 53.802	-33 03 49.57	1.00	81.79	1.40	0.40	99.9999	19.4265	18.3440	17.5243	1
2333	15 03 53.766	-33 03 52.28	0.70	81.79	1.22	0.52	99.9999	19.2614	18.4635	17.4116	1
2336	15 03 53.743	-33 02 42.97	1.01	1.09	-0.28	-1.29	19.3013	17.7463	16.6493	15.3992	1
2337	15 03 53.695	-33 02 20.32	0.71	81.79	1.34	0.64	99.9999	19.3869	18.5826	17.5237	1
2338	15 03 53.624	-33 04 04.79	0.97	0.99	-0.42	-1.39	19.1981	17.6040	16.5523	15.3218	1
2341	15 03 53.531	-33 05 29.08	0.02	2.00	0.72	0.70	20.2087	18.8067	18.6614	18.2587	1
2343	15 03 53.543	-33 04 53.09	0.76	1.06	-0.15	-0.91	19.2723	17.8880	17.0330	15.9177	1
2346	15 03 53.446	-33 06 17.72	0.82	1.14	-0.12	-0.94	19.3440	17.9184	17.0072	15.8711	1
2347	15 03 53.569	-33 02 43.69	0.83	1.50	0.30	-0.52	19.7051	18.3397	17.4194	16.2419	1
2350	15 03 53.456	-33 04 31.72	0.84	81.79	1.65	0.82	99.9999	19.6890	18.7606	17.7321	1
2352	15 03 53.544	-33 00 41.56	0.95	1.63	0.12	-0.82	19.8395	18.1495	17.1169	16.0066	1
2353	15 03 53.500	-33 01 51.42	0.77	81.79	0.97	0.20	99.9999	19.0073	18.1442	17.0769	1
2354	15 03 53.457	-33 02 49.63	0.31	1.89	0.85	0.54	20.1021	18.9133	18.4934	17.8472	1
2356	15 03 53.438	-33 02 59.59	0.04	81.79	0.70	0.66	99.9999	18.7822	18.6178	18.2913	1
2358	15 03 53.394	-33 03 22.82	-0.04	1.97	0.74	0.78	20.1852	18.8284	18.7411	18.4507	1
2360	15 03 53.368	-33 03 24.96	0.09	1.94	0.77	0.69	20.1476	18.8518	18.6447	18.3065	1
2364	15 03 53.176	-33 02 26.81	1.42	1.19	-1.02	-2.44	19.3951	16.9759	15.4898	13.8582	1
2367	15 03 53.048	-33 04 47.08	0.99	1.15	-0.33	-1.32	19.3582	17.6932	16.6188	15.2720	1
2368	15 03 53.075	-33 03 29.04	0.99	1.02	0.13	-0.87	19.2258	18.1528	17.0739	16.0177	1
2369	15 03 53.006	-33 05 05.30	0.08	81.79	0.78	0.70	99.9999	18.8600	18.6557	18.4756	1
2371	15 03 53.046	-33 02 50.92	0.29	81.79	1.76	1.46	99.9999	19.8239	19.4190	18.2812	0
2375	15 03 52.872	-33 05 43.45	0.53	0.88	0.02	-0.51	19.0919	18.0740	17.4411	16.5821	1
2376	15 03 52.888	-33 04 50.18	0.44	81.79	1.37	0.93	99.9999	19.4285	18.8811	17.9907	1
2377	15 03 52.901	-33 04 26.85	0.39	2.29	1.67	1.28	20.5001	19.7309	19.2322	18.1099	0
2378	15 03 52.873	-33 05 07.03	0.61	81.79	1.95	1.34	99.9999	19.9963	19.2846	18.2856	1
2379	15 03 52.920	-33 03 28.85	0.65	81.79	1.66	1.01	99.9999	19.7081	18.9555	17.9341	1
2380	15 03 52.815	-33 05 11.53	0.77	81.79	1.67	0.90	99.9999	19.7114	18.8491	17.8722	1
2383	15 03 52.816	-33 04 27.95	0.81	1.64	0.56	-0.25	19.8503	18.5925	17.6949	16.5807	1
2385	15 03 52.798	-33 03 50.52	0.88	81.79	1.50	0.62	99.9999	19.5311	18.5664	17.5578	1
2388	15 03 52.727	-33 05 09.07	-0.04	1.85	0.88	0.92	20.0622	18.9654	18.8781	18.6927	1
2389	15 03 52.743	-33 04 12.66	0.77	1.53	0.46	-0.31	19.7370	18.4965	17.6351	16.4746	1
2392	15 03 52.709	-33 03 35.53	0.40	2.11	1.29	0.89	20.3170	19.3510	18.8414	18.1431	1
2393	15 03 52.658	-33 04 57.93	0.68	81.79	1.70	1.02	99.9999	19.7393	18.9650	17.9676	1
2394	15 03 52.676	-33 04 09.31	-0.35	2.02	1.69	2.04	20.2337	19.7944	20.0066	19.8600	0
2396	15 03 52.674	-33 03 24.54	0.59	81.79	2.33	1.75	99.9999	20.3842	19.6961	18.6407	1
2397	15 03 52.636	-33 04 06.89	0.81	1.74	0.64	-0.18	19.9482	18.6709	17.7661	16.6576	1
2400	15 03 52.562	-33 05 04.88	0.85	81.79	1.84	0.99	99.9999	19.8751	18.9358	17.8885	1
2401	15 03 52.507	-33 05 28.61	0.69	81.79	1.64	0.95	99.9999	19.6860	18.8953	17.8367	1
2402	15 03 52.652	-33 01 03.41	0.12	1.96	0.88	0.76	20.1693	18.9582	18.7184	18.4836	1
2403	15 03 52.555	-33 03 40.46	0.41	1.72	1.17	0.76	19.9281	19.2300	18.7077	17.8608	1
2405	15 03 52.569	-33 02 53.83	-0.16	2.00	1.29	1.45	20.2093	19.3896	19.4166	19.2523	1
2407	15 03 52.415	-33 04 16.00	0.65	81.79	1.53	0.88	99.9999	19.5776	18.8314	17.8012	1
2408	15 03 52.416	-33 03 51.15	0.45	81.79	2.04	1.59	99.9999	20.0959	19.5403	18.7979	1
2409	15 03 52.298	-33 06 47.61	0.82	81.79	1.52	0.70	99.9999	19.5594	18.6482	17.5740	1
2410	15 03 52.451	-33 02 30.44	0.03	1.82	0.81	0.78	20.0281	18.8969	18.7406	18.6539	1
2411	15 03 52.384	-33 04 21.18	0.02	81.79	0.87	0.85	99.9999	18.9529	18.8093	18.6070	1
2412	15 03 52.457	-33 02 17.18	-0.03	81.79	0.70	0.73	99.9999	18.7879	18.6943	18.4616	1
2413	15 03 52.336	-33 04 30.53	0.34	1.86	0.91	0.58	20.0670	18.9752	18.5290	17.8743	1
2417	15 03 52.339	-33 03 46.69	-0.13	1.76	1.12	1.25	19.9680	19.2117	19.2152	19.0012	1
2418	15 03 52.117	-33 08 49.69	1.08	81.79	1.98	0.90	99.9999	20.0000	18.8377	17.5312	1
2420	15 03 52.214	-33 05 43.57	0.70	81.79	1.41	0.71	99.9999	19.4487	18.6534	17.5162	1
2421	15 03 52.227	-33 04 38.63	0.35	81.79	1.98	1.63	99.9999	20.0424	19.5802	18.5698	0
2424	15 03 52.005	-33 06 56.28	0.10	1.94	0.74	0.64	20.1531	18.8200	18.6029	18.3176	1
2427	15 03 52.012	-33 04 46.56	0.85	1.24	0.09	-0.77	19.4490	18.1218	17.1779	16.0352	1
2428	15 03 51.948	-33 05 16.70	0.13	81.79	2.12	1.99	99.9999	20.2021	19.9487	19.8580	1
2433	15 03 51.944	-33 02 16.00	-0.02	1.95	0.91	0.93	20.1610	18.9998	18.8926	18.6301	1
2434	15 03 51.775	-33 05 46.59	0.51	81.79	1.50	0.99	99.9999	19.5591	18.9445	17.9977	1
2435	15 03 51.772	-33 05 23.94	0.76	81.79	2.23	1.47	99.9999	20.2701	19.4169	18.3744	1
2437	15 03 51.743	-33 05 21.45	0.62	1.43	0.66	0.04	19.6344	18.7110	17.9920	17.1910	1
2438	15 03 51.763	-33 04 29.09	0.80	2.07	1.15	0.35	20.2757	19.1910	18.2988	17.2309	1
2441	15 03 51.718	-33 04 07.71	0.77	81.79	1.27	0.50	99.9999	19.3065	18.4451	17.2973	1
2445	15 03 51.507	-33 06 01.78	0.74	81.79	1.43	0.69	99.9999	19.4737	18.6395	17.6288	1
2446	15 03 51.537	-33 03 55.18	0.88	1.02	-0.28	-1.16	19.2259	17.7489	16.7824	15.5754	1
2448	15 03 51.496	-33 04 44.35	0.99	1.60	0.26	-0.73	19.8067	18.2889	17.2109	16.0417	1
2450	15 03 51.533	-33 03 01.45	0.93	1.23	-0.10	-1.03	19.4414	17.9308	16.9135	15.7084	1
2452	15 03 51.639	-32 59 57.35	0.84	81.79	1.90	1.06	99.9999	19.9376	19.0047	17.9614	1
2456	15 03 51.408	-33 04 07.33	0.94	1.98	0.74	-0.20	20.1856	18.7641	17.7377	16.6532	1
2457	15 03 51.395	-33 03 11.97	0.76	81.79	2.06	1.30	99.9999	20.1018	19.2450	18.4096	1
2458	15 03 51.161	-33 09 19.36	0.59	1.19	0.48	-0.11	19.3999	18.5330	17.8385	17.0331	1
2460	15 03 51.349	-33 03 05.75	0.01	1.74	0.83	0.82	19.9554	18.9183	18.7792	18.5653	1
2463	15 03 51.279	-33 04 08.11	0.72	2.11	1.17	0.45	20.3150	19.2150	18.3972	17.2925	1
2464	15 03 51.227	-33 04 15.81	0.39	81.79	2.52	2.13	99.9999	20.5817	20.0860	19.1161	1
2465	15 03 51.240	-33 03 53.56	0.75	81.79	1.17	0.41	99.9999	19.2056	18.3578	17.2467	1
2468	15 03 51.173	-33 04 13.03	0.45	1.22	0.34	-0.12	19.4332	18.3940	17.8355	16.9986	1
2469	15 03 51.298	-33 00 20.98	0.37	81.79	2.23	1.86	99.9999	20.2928	19.8107	18.8450	1
2470	15 03 51.003	-33 07 14.33	0.37	81.79	1.46	1.09	99.9999	19.5259	19.0456	18.1753	1
2471	15 03 51.174	-33 02 16.82	0.57	81.79	1.63	1.07	99.9999	19.6839	19.0167	18.0834	1
2473	15 03 51.029	-33 05 27.20	0.05	1.29	0.70	0.65	19.5050	18.7835	18.6100	18.5062	1
2476	15 03 51.014	-33 04 14.16	0.46	81.79	1.57	1.11	99.9999	19.6261	19.0615	17.9094	1
2477	15 03 50.934	-33 05 46.57	0.04	1.92	0.67	0.63	20.1324	18.7494	18.5877	18.2839	1
2480	15 03 50.855	-33 05 43.82	0.69	81.79	1.79	1.10	99.9999	19.8341	19.0443	18.1625	1
2482	15 03 50.952	-33 01 57.33	0.58	81.79	1.65	1.06	99.9999	19.6957	19.0130	18.1227	1
2484	15 03 50.714	-33 06 02.46	0.57	81.79	1.83	1.27	99.9999	19.8849	19.2177	18.1902	1
2485	15 03 50.819	-33 03 04.56	0.17	81.79	0.78	0.61	99.9999	18.8591	18.5685	18.3769	1
2486	15 03 50.706	-33 05 51.67	0.50	81.79	2.37	1.87	99.9999	20.4221	19.8203	18.9081	1
2488	15 03 50.827	-33 01 53.92	0.96	1.16	-0.07	-1.03	19.3627	17.9592	16.9102	15.7064	1
2490	15 03 50.754	-33 03 07.27	0.85	1.66	0.45	-0.40	19.8691	18.4847	17.5399	16.4002	1
2492	15 03 50.679	-33 04 44.88	0.91	81.79	1.81	0.90	99.9999	19.8353	18.8371	17.8386	1
2498	15 03 50.555	-33 01 53.57	0.05	1.92	1.04	0.99	20.1339	19.1196	18.9480	19.0780	1
2500	15 03 50.398	-33 05 20.76	1.24	1.07	-0.83	-2.07	19.2724	17.1791	15.8679	14.4591	1
2501	15 03 50.539	-33 01 21.43	0.74	81.79	0.83	0.09	99.9999	18.8723	18.0336	16.9295	1
2510	15 03 50.277	-33 04 06.04	0.14	81.79	0.78	0.64	99.9999	18.8539	18.5978	18.3361	1
2515	15 03 50.280	-33 02 57.85	0.86	1.57	0.45	-0.41	19.7802	18.4806	17.5350	16.4080	1
2518	15 03 50.122	-33 06 32.74	0.83	1.87	1.06	0.23	20.0796	19.0973	18.1725	17.0273	1
2524	15 03 50.100	-33 03 34.41	0.75	81.79	1.41	0.66	99.9999	19.4506	18.6028	17.5977	1
2525	15 03 50.023	-33 05 37.44	0.58	2.49	1.63	1.05	20.6954	19.6752	18.9951	17.9269	1
2529	15 03 49.925	-33 05 39.74	0.08	1.92	0.82	0.74	20.1321	18.8976	18.7005	18.4735	1
2530	15 03 49.960	-33 04 38.49	0.80	1.84	0.87	0.06	20.0471	18.9037	18.0079	16.9399	1
2533	15 03 49.864	-33 06 14.12	0.67	1.81	0.84	0.17	20.0231	18.8823	18.1180	16.9733	1
2535	15 03 49.861	-33 04 59.54	0.67	81.79	2.15	1.48	99.9999	20.1926	19.4219	18.4354	1
2537	15 03 49.964	-33 01 50.89	0.85	81.79	2.19	1.35	99.9999	20.2253	19.2888	17.9155	1
2541	15 03 49.750	-33 06 14.20	0.32	1.85	1.00	0.68	20.0571	19.0692	18.6357	18.1512	1
2542	15 03 49.773	-33 05 29.99	0.11	1.96	0.81	0.70	20.1757	18.8861	18.6582	18.5209	1
2543	15 03 49.811	-33 04 12.62	0.11	1.89	0.82	0.71	20.1008	18.8969	18.6662	18.3992	1
2545	15 03 49.864	-33 02 11.95	0.79	2.32	1.70	0.91	20.5321	19.7380	18.8585	17.9264	1
2547	15 03 49.580	-33 08 11.99	0.28	1.89	0.58	0.30	20.1052	18.6454	18.2509	17.6592	1
2548	15 03 49.652	-33 05 55.27	0.61	1.67	0.81	0.19	19.8838	18.8555	18.1419	17.2497	1
2553	15 03 49.754	-33 00 57.99	0.80	81.79	1.85	1.06	99.9999	19.8893	19.0017	18.0183	1
2559	15 03 49.487	-33 02 43.72	1.14	81.79	1.73	0.59	99.9999	19.7476	18.5309	17.3490	1
2561	15 03 49.224	-33 08 44.75	0.86	81.79	1.99	1.14	99.9999	20.0275	19.0810	17.9274	1
2562	15 03 49.349	-33 05 21.41	0.76	1.51	0.51	-0.25	19.7166	18.5478	17.6900	16.5541	1
2564	15 03 49.389	-33 03 53.87	-0.22	81.79	1.66	1.88	99.9999	19.7543	19.8404	20.2223	1
2565	15 03 49.273	-33 05 46.91	0.11	1.92	0.76	0.65	20.1337	18.8362	18.6091	18.3746	1
2567	15 03 49.239	-33 05 17.27	0.83	81.79	1.21	0.38	99.9999	19.2444	18.3215	17.2922	1
2568	15 03 49.292	-33 03 24.57	0.78	81.79	1.69	0.91	99.9999	19.7235	18.8504	17.7534	1
2569	15 03 49.168	-33 06 39.83	0.74	81.79	1.67	0.93	99.9999	19.7146	18.8795	17.9160	1
2573	15 03 48.999	-33 07 29.11	0.66	81.79	1.73	1.07	99.9999	19.7784	19.0177	18.0344	1
2575	15 03 49.078	-33 05 09.72	0.59	81.79	2.38	1.78	99.9999	20.4257	19.7303	18.8681	1
2576	15 03 49.081	-33 03 46.14	0.82	81.79	1.10	0.29	99.9999	19.1397	18.2321	17.1334	1
2578	15 03 49.046	-33 04 17.10	0.04	2.03	0.81	0.77	20.2373	18.8917	18.7327	18.4426	1
2579	15 03 49.064	-33 03 42.80	0.67	81.79	1.78	1.11	99.9999	19.8248	19.0559	18.3002	1
2580	15 03 49.178	-32 59 39.95	0.90	81.79	1.47	0.57	99.9999	19.5002	18.5129	17.5126	1
2581	15 03 48.948	-33 05 23.77	0.52	81.79	2.08	1.56	99.9999	20.1324	19.5087	18.7434	1
2586	15 03 48.676	-33 09 06.13	0.80	1.56	0.35	-0.45	19.7717	18.3880	17.4958	16.3110	1
2590	15 03 48.688	-33 02 43.64	0.94	1.51	0.64	-0.30	19.7162	18.6644	17.6417	16.5257	1
2591	15 03 48.629	-33 03 49.41	0.13	81.79	0.70	0.58	99.9999	18.7827	18.5375	18.2064	1
2593	15 03 48.546	-33 04 52.05	-0.00	1.74	0.82	0.83	19.9477	18.9106	18.7879	18.6194	1
2597	15 03 48.420	-33 07 34.95	0.84	81.79	1.48	0.64	99.9999	19.5166	18.5827	17.4952	1
2602	15 03 48.185	-33 09 22.24	0.78	81.79	1.57	0.79	99.9999	19.6094	18.7354	17.6080	1
2603	15 03 48.419	-33 01 51.88	0.22	1.64	0.49	0.27	19.8551	18.5604	18.2275	17.7137	1
2605	15 03 48.148	-33 06 46.69	0.04	81.79	2.22	2.18	99.9999	20.3053	20.1418	99.9999	1
2606	15 03 48.195	-33 04 37.35	-0.03	81.79	0.65	0.68	99.9999	18.7397	18.6433	18.3144	1
2608	15 03 48.119	-33 06 12.66	0.69	81.79	2.47	1.77	99.9999	20.5080	19.7173	18.7442	1
2612	15 03 47.986	-33 04 56.65	0.53	81.79	2.49	1.96	99.9999	20.5466	19.9129	19.0305	1
2614	15 03 47.884	-33 07 23.30	1.26	0.88	-0.99	-2.26	19.0856	17.0149	15.6775	14.2190	1
2615	15 03 48.020	-33 00 38.37	0.35	81.79	1.89	1.54	99.9999	19.9544	19.4922	18.6861	1
2616	15 03 47.918	-33 03 19.69	0.71	81.79	1.78	1.07	99.9999	19.8269	19.0209	17.9048	1
2617	15 03 47.745	-33 07 01.18	0.85	81.79	2.35	1.50	99.9999	20.3803	19.4428	18.6027	1
2620	15 03 47.736	-33 04 38.63	0.86	1.68	0.62	-0.23	19.8906	18.6564	17.7080	16.6006	1
2623	15 03 47.736	-33 03 01.31	0.83	1.39	0.29	-0.54	19.6024	18.3284	17.4055	16.2839	1
2626	15 03 47.615	-33 04 48.86	0.61	2.55	1.79	1.18	20.7592	19.8380	19.1307	18.0776	1
2631	15 03 47.584	-33 04 00.33	0.59	81.79	1.74	1.15	99.9999	19.7928	19.0992	18.3236	1
2633	15 03 47.573	-33 02 06.67	0.86	1.45	0.37	-0.50	19.6531	18.3990	17.4461	16.3278	1
2634	15 03 47.475	-33 03 50.56	0.75	1.87	0.91	0.16	20.0744	18.9516	18.1038	17.0094	1
2636	15 03 47.339	-33 04 52.80	0.57	2.14	1.43	0.85	20.3538	19.4767	18.8030	17.9853	1
2641	15 03 47.212	-33 00 16.86	0.78	81.79	1.69	0.91	99.9999	19.7238	18.8543	17.8379	1
2642	15 03 46.932	-33 07 34.29	0.18	81.79	2.12	1.94	99.9999	20.1897	19.8936	19.0812	0
2645	15 03 46.833	-33 05 43.26	0.98	0.98	-0.38	-1.36	19.1874	17.6476	16.5787	15.3164	1
2646	15 03 46.758	-33 02 41.53	0.61	1.43	0.42	-0.18	19.6421	18.4700	17.7637	16.8284	1
2647	15 03 46.520	-33 08 26.26	0.55	1.19	0.38	-0.17	19.3960	18.4362	17.7816	16.9505	1
2653	15 03 46.590	-33 00 39.61	0.27	1.91	0.71	0.44	20.1255	18.7762	18.3917	17.9543	1
2659	15 03 46.154	-33 07 12.65	0.80	81.79	1.32	0.53	99.9999	19.3602	18.4717	17.3832	1
2662	15 03 46.081	-33 05 17.37	0.66	81.79	1.83	1.17	99.9999	19.8766	19.1177	18.1128	1
2666	15 03 45.781	-33 08 35.38	0.78	1.24	0.31	-0.47	19.4506	18.3524	17.4774	16.3824	1
2668	15 03 45.866	-33 04 34.41	0.94	1.23	0.00	-0.94	19.4400	18.0278	16.9988	15.7855	1
2677	15 03 45.459	-33 03 27.60	0.82	81.79	2.32	1.50	99.9999	20.3581	19.4433	18.5035	1
2678	15 03 45.508	-33 01 38.53	1.04	81.79	1.73	0.69	99.9999	19.7550	18.6289	17.5933	1
2679	15 03 45.351	-33 05 43.36	0.15	81.79	0.68	0.53	99.9999	18.7586	18.4861	18.0749	1
2680	15 03 45.311	-33 05 29.30	0.87	1.70	0.75	-0.12	19.9099	18.7865	17.8273	16.7412	1
2685	15 03 45.014	-33 06 09.76	0.82	81.79	1.14	0.31	99.9999	19.1701	18.2553	17.2085	1
2687	15 03 44.910	-33 07 21.04	0.10	1.90	1.10	1.01	20.1131	19.1841	18.9679	18.7621	1
2690	15 03 44.737	-33 06 18.25	0.72	81.79	1.77	1.06	99.9999	19.8125	19.0010	17.9908	1
2691	15 03 44.737	-33 03 43.19	0.89	1.68	0.71	-0.18	19.8876	18.7418	17.7617	16.6418	1
2695	15 03 44.461	-33 06 51.57	0.75	81.79	0.63	-0.12	99.9999	18.6650	17.8227	16.7136	1
2698	15 03 44.531	-33 02 20.23	0.64	1.28	0.46	-0.18	19.4868	18.5081	17.7655	16.9090	1
2699	15 03 44.333	-33 07 18.61	0.55	81.79	1.71	1.15	99.9999	19.7579	19.1034	18.1665	1
2701	15 03 44.360	-33 06 09.97	0.81	81.79	1.74	0.93	99.9999	19.7735	18.8759	17.7725	1
2702	15 03 44.434	-33 04 08.71	0.47	81.79	1.52	1.04	99.9999	19.5759	18.9958	18.0320	1
2704	15 03 44.374	-33 04 49.40	0.48	2.35	2.07	1.59	20.5566	20.1298	19.5441	18.8117	1
2706	15 03 44.160	-33 06 16.34	0.06	1.83	0.74	0.68	20.0452	18.8191	18.6401	18.3015	1
2714	15 03 43.884	-33 06 40.14	0.90	1.23	0.01	-0.90	19.4422	18.0378	17.0450	15.8551	1
2715	15 03 44.081	-33 01 00.15	0.73	2.16	1.46	0.73	20.3689	19.4993	18.6733	17.6294	1
2716	15 03 43.976	-33 02 34.28	0.64	2.11	1.40	0.76	20.3143	19.4435	18.7054	17.8932	1
2721	15 03 43.714	-33 02 39.10	0.14	1.80	0.65	0.51	20.0146	18.7284	18.4659	18.2051	1
2723	15 03 43.495	-33 06 31.90	0.61	1.59	0.84	0.23	19.8030	18.8881	18.1827	17.3496	1
2725	15 03 43.734	-32 59 55.04	0.84	81.79	1.21	0.37	99.9999	19.2456	18.3127	17.2959	1
2726	15 03 43.606	-33 01 43.37	0.67	81.79	1.76	1.08	99.9999	19.8005	19.0289	18.0247	1
2729	15 03 43.235	-33 07 04.08	0.15	1.87	0.76	0.62	20.0787	18.8392	18.5750	18.3023	1
2730	15 03 43.400	-33 02 37.15	0.80	81.79	0.96	0.16	99.9999	19.0008	18.1068	17.0045	1
2732	15 03 43.301	-33 03 13.87	0.72	81.79	2.14	1.42	99.9999	20.1772	19.3621	18.3685	1
2737	15 03 43.030	-33 04 56.03	-0.02	1.71	0.65	0.67	19.9229	18.7370	18.6325	18.3426	1
2740	15 03 42.922	-33 05 54.60	0.78	1.65	0.56	-0.22	19.8580	18.5948	17.7253	16.5793	1
2742	15 03 42.853	-33 07 00.11	0.57	81.79	1.25	0.68	99.9999	19.3016	18.6308	17.7839	1
2745	15 03 42.927	-33 02 54.57	0.96	1.06	-0.13	-1.08	19.2637	17.9018	16.8601	15.6750	1
2747	15 03 42.805	-33 05 07.29	0.20	1.67	0.80	0.60	19.8789	18.8728	18.5581	18.0771	1
2752	15 03 42.726	-33 00 54.94	0.29	1.41	0.47	0.18	19.6187	18.5368	18.1360	17.5186	1
2761	15 03 42.376	-33 00 20.51	0.50	1.39	0.62	0.12	19.5984	18.6751	18.0685	17.2493	1
2766	15 03 42.015	-33 04 26.84	0.81	81.79	0.59	-0.23	99.9999	18.6208	17.7141	16.6135	1
2772	15 03 41.729	-33 06 01.85	0.71	81.79	2.30	1.59	99.9999	20.3449	19.5379	18.6093	1
2773	15 03 41.840	-33 02 44.30	0.91	1.62	0.43	-0.48	19.8268	18.4624	17.4651	16.3537	1
2778	15 03 41.727	-33 00 23.21	1.17	81.79	1.90	0.73	99.9999	19.9139	18.6636	17.3396	1
2791	15 03 40.957	-33 00 10.16	0.70	81.79	2.58	1.88	99.9999	20.6256	19.8295	19.0712	1
2794	15 03 40.766	-33 00 09.68	0.84	1.84	1.12	0.28	20.0513	19.1569	18.2266	17.1785	1
2799	15 03 40.462	-33 02 31.32	0.61	1.21	0.29	-0.32	19.4184	18.3347	17.6248	16.8201	1
2800	15 03 40.334	-33 05 09.57	0.63	81.79	1.98	1.34	99.9999	20.0219	19.2920	18.3182	1
2803	15 03 40.316	-33 01 47.71	0.74	1.33	0.25	-0.48	19.5396	18.2929	17.4615	16.4106	1
2808	15 03 39.886	-33 07 33.15	0.19	81.79	0.72	0.54	99.9999	18.7970	18.4928	18.1614	1
2823	15 03 39.230	-33 03 00.27	0.86	0.89	-0.24	-1.10	19.0994	17.7905	16.8430	15.6698	1
2844	15 03 38.155	-33 06 39.77	0.21	1.87	0.66	0.45	20.0816	18.7310	18.4064	18.0508	1
2845	15 03 38.289	-33 03 13.49	-0.02	0.92	-0.11	-0.09	19.1328	17.9782	17.8755	17.6838	1
2856	15 03 37.592	-33 03 26.82	0.81	81.79	0.98	0.17	99.9999	19.0198	18.1141	16.9987	1
2858	15 03 37.441	-33 04 23.60	0.40	81.79	1.80	1.39	99.9999	19.8603	19.3473	18.6963	1
2859	15 03 37.399	-33 05 02.19	0.58	1.46	0.77	0.19	19.6685	18.8181	18.1372	17.3723	1
2861	15 03 37.335	-33 03 32.48	0.80	81.79	1.29	0.49	99.9999	19.3270	18.4358	17.4081	1
2864	15 03 37.250	-33 02 22.18	0.68	81.79	1.07	0.39	99.9999	19.1122	18.3360	17.5331	1
2865	15 03 37.210	-33 02 25.91	0.73	81.79	1.27	0.54	99.9999	19.3133	18.4873	17.4051	1
2867	15 03 36.913	-33 06 14.39	0.19	81.79	2.09	1.90	99.9999	20.1636	19.8549	18.7378	0
2870	15 03 36.934	-33 01 52.74	0.71	1.68	0.74	0.03	19.8891	18.7817	17.9720	16.8744	1
2876	15 03 36.703	-33 01 32.25	0.96	1.10	-0.17	-1.13	19.3062	17.8525	16.8072	15.5690	1
2884	15 03 36.099	-33 03 08.04	0.72	81.79	1.89	1.17	99.9999	19.9330	19.1152	18.0754	1
2889	15 03 35.613	-33 06 11.07	0.59	0.53	-0.25	-0.84	18.7366	17.7972	17.1054	16.2726	1
2893	15 03 35.298	-33 06 23.07	0.63	81.79	1.20	0.57	99.9999	19.2450	18.5170	17.4558	1
2901	15 03 34.988	-33 02 45.39	0.71	1.83	1.08	0.38	20.0412	19.1233	18.3218	17.4002	1
2908	15 03 34.557	-33 02 19.98	0.03	1.74	0.70	0.66	19.9542	18.7817	18.6237	18.4328	1
2916	15 03 34.299	-33 04 27.36	0.79	81.79	0.82	0.03	99.9999	18.8549	17.9745	16.8450	1
2917	15 03 34.241	-33 05 06.60	1.03	1.14	-0.18	-1.22	19.3419	17.8378	16.7227	15.6696	1
2920	15 03 34.067	-33 04 31.51	0.74	81.79	0.95	0.21	99.9999	18.9909	18.1595	17.0113	1
2928	15 03 33.891	-33 04 30.12	0.79	81.79	1.75	0.97	99.9999	19.7920	18.9125	17.8891	1
2953	15 03 32.930	-33 04 17.74	0.50	0.84	0.12	-0.38	19.0459	18.1716	17.5704	16.7778	1
2972	15 03 32.360	-33 04 08.08	0.24	81.79	0.69	0.45	99.9999	18.7619	18.4059	17.9173	1
2973	15 03 32.360	-33 03 41.20	0.72	81.79	1.78	1.06	99.9999	19.8203	19.0061	18.0263	1
2980	15 03 31.867	-33 04 39.82	0.58	1.14	0.48	-0.11	19.3489	18.5248	17.8402	17.0213	1
