# ngc5053 E(B-V)=0.01, m-M = 16.20
# BlueFlag Note: if (V-I)0 > 0.331 + 1.444 * (B-V)0 then BlueFlag = 0
# 	RA		Dec		(B-V)_0	M_u	M_B	M_V	u	B	V	I	BlueFlag
30	13 16 39.572	+17 51 34.72	0.86	2.74	1.70	0.84	18.9887	17.9076	17.0642	16.1433	1
45	13 16 49.340	+17 50 36.52	0.59	3.81	3.29	2.70	20.0644	19.5122	18.9316	18.2474	1
66	13 16 29.921	+17 49 09.78	0.33	83.75	3.78	3.44	99.9999	20.0096	19.6758	19.1236	1
72	13 16 33.676	+17 48 51.33	0.53	83.75	3.75	3.21	99.9999	19.9686	19.4420	19.0431	1
73	13 16 38.052	+17 48 49.84	0.60	4.00	3.33	2.72	20.2522	19.5463	18.9505	18.2392	1
78	13 17 04.413	+17 48 46.74	0.74	4.01	3.26	2.53	20.2618	19.4768	18.7531	17.9194	1
82	13 16 27.189	+17 48 26.72	0.26	83.75	4.20	3.94	99.9999	20.4337	20.1687	19.4746	1
87	13 16 11.907	+17 48 10.75	0.33	1.59	0.62	0.29	17.8409	16.8531	16.5201	16.0150	1
89	13 16 47.056	+17 48 19.05	0.71	2.30	1.44	0.72	18.5565	17.6486	16.9494	16.0890	1
90	13 16 29.644	+17 48 12.41	0.41	83.75	4.27	3.87	99.9999	20.5017	20.0954	19.7120	1
96	13 16 15.590	+17 47 52.75	0.63	83.75	3.79	3.16	99.9999	20.0047	19.3886	18.5950	1
107	13 16 27.301	+17 47 42.75	0.48	83.75	3.63	3.14	99.9999	19.8490	19.3704	18.7611	1
110	13 16 24.639	+17 47 34.63	0.41	4.23	3.80	3.39	20.4886	20.0299	19.6221	18.9099	1
112	13 16 31.512	+17 47 35.80	0.60	3.23	2.50	1.90	19.4828	18.7159	18.1296	17.3274	1
116	13 16 40.794	+17 47 33.69	0.91	1.03	-0.15	-1.06	17.2846	16.0517	15.1619	14.1421	1
119	13 16 22.644	+17 47 25.10	0.08	83.75	3.90	3.82	99.9999	20.1414	20.0569	19.3385	0
123	13 16 48.690	+17 47 30.94	0.61	3.84	3.14	2.53	20.0906	19.3580	18.7576	18.0037	1
130	13 16 40.412	+17 47 19.81	0.47	4.03	3.54	3.07	20.2802	19.7672	19.2995	18.6532	1
131	13 16 17.919	+17 47 08.69	0.57	3.31	2.60	2.03	19.5666	18.8205	18.2549	17.4179	1
133	13 16 04.584	+17 47 01.83	0.85	1.29	0.16	-0.69	17.5441	16.3657	15.5339	14.5483	1
135	13 16 15.460	+17 47 01.78	0.16	83.75	4.32	4.16	99.9999	20.5570	20.3917	19.9368	1
136	13 16 23.788	+17 47 00.66	0.40	83.75	4.47	4.07	99.9999	20.6991	20.3046	19.7216	1
142	13 16 31.570	+17 46 56.69	0.33	83.75	3.71	3.37	99.9999	19.9376	19.6045	19.0614	1
145	13 16 27.809	+17 46 51.82	0.07	83.75	4.05	3.98	99.9999	20.2950	20.2170	19.5049	0
152	13 16 40.081	+17 46 41.75	0.63	3.34	2.53	1.90	19.5889	18.7515	18.1279	17.3131	1
153	13 16 15.240	+17 46 31.65	0.28	83.75	3.64	3.35	99.9999	19.8708	19.5865	19.0857	1
156	13 16 29.143	+17 46 33.87	0.43	83.75	3.50	3.07	99.9999	19.7229	19.2960	18.7264	1
157	13 16 56.814	+17 46 42.43	0.76	2.90	2.18	1.43	19.1526	18.3933	17.6516	16.8544	1
158	13 16 16.794	+17 46 27.54	0.49	83.75	4.05	3.56	99.9999	20.2731	19.7905	19.2091	1
159	13 16 37.751	+17 46 34.22	0.04	83.75	3.83	3.78	99.9999	20.0696	20.0175	19.2736	0
163	13 16 10.669	+17 46 19.38	0.63	2.98	2.14	1.51	19.2321	18.3585	17.7381	16.9383	1
164	13 16 24.175	+17 46 23.77	0.13	83.75	4.08	3.96	99.9999	20.3211	20.1900	19.7117	1
165	13 16 14.605	+17 46 18.24	0.60	3.65	2.95	2.35	19.9044	19.1689	18.5811	17.8240	1
168	13 16 13.092	+17 46 12.40	0.62	3.37	2.69	2.08	19.6262	18.9100	18.3032	17.5788	1
173	13 16 36.282	+17 46 02.96	0.13	83.75	4.19	4.06	99.9999	20.4294	20.2966	99.9999	1
174	13 16 32.444	+17 46 00.11	0.65	3.85	3.13	2.47	20.1070	19.3446	18.7010	17.9839	1
176	13 16 38.787	+17 45 57.84	0.60	3.76	2.98	2.39	20.0133	19.2023	18.6144	17.8517	1
179	13 16 33.158	+17 45 53.91	0.37	83.75	3.56	3.19	99.9999	19.7846	19.4161	18.6554	1
181	13 16 25.532	+17 45 50.15	0.52	3.94	3.53	3.02	20.1888	19.7558	19.2445	18.5693	1
183	13 16 46.826	+17 45 56.82	0.52	83.75	3.90	3.38	99.9999	20.1208	19.6073	19.1181	1
187	13 16 45.398	+17 45 52.48	0.34	83.75	4.17	3.83	99.9999	20.4020	20.0619	19.4524	1
190	13 16 13.501	+17 45 39.03	0.34	83.75	4.29	3.94	99.9999	20.5150	20.1744	19.6168	1
191	13 16 15.540	+17 45 39.48	-0.00	1.86	0.74	0.75	18.1114	16.9888	16.9814	16.9897	1
195	13 16 40.616	+17 45 41.09	0.45	83.75	4.13	3.68	99.9999	20.3570	19.9104	19.5175	1
196	13 16 30.317	+17 45 36.77	0.40	4.05	3.55	3.16	20.3013	19.7817	19.3880	18.7818	1
197	13 16 30.008	+17 45 33.10	0.28	4.01	3.60	3.32	20.2672	19.8318	19.5480	18.9011	1
198	13 16 03.843	+17 45 23.83	0.65	3.01	2.28	1.63	19.2604	18.4928	17.8515	17.0515	1
199	13 16 37.918	+17 45 35.38	0.94	1.00	-0.26	-1.20	17.2480	15.9416	15.0217	13.9896	1
204	13 16 31.863	+17 45 28.28	0.21	83.75	3.66	3.45	99.9999	19.8946	19.6850	19.0940	1
207	13 16 38.202	+17 45 28.26	0.24	83.75	3.82	3.59	99.9999	20.0583	19.8176	19.3245	1
208	13 16 40.746	+17 45 28.77	0.57	3.53	2.82	2.26	19.7807	19.0436	18.4854	17.7123	1
209	13 16 26.565	+17 45 23.65	0.64	83.75	3.67	3.04	99.9999	19.8896	19.2630	18.5426	1
211	13 16 00.901	+17 45 14.21	0.65	83.75	4.28	3.63	99.9999	20.4963	19.8524	19.3311	1
216	13 16 15.187	+17 45 16.03	0.34	4.24	3.90	3.55	20.4944	20.1279	19.7850	19.3140	1
217	13 16 56.554	+17 45 29.20	0.76	2.02	1.21	0.45	18.2745	17.4199	16.6773	15.8104	1
220	13 16 36.736	+17 45 20.88	0.29	83.75	3.99	3.70	99.9999	20.2202	19.9287	19.4686	1
222	13 16 31.350	+17 45 15.88	0.42	83.75	3.73	3.31	99.9999	19.9586	19.5373	19.2021	1
223	13 15 58.531	+17 45 02.60	0.20	83.75	4.04	3.84	99.9999	20.2804	20.0735	19.8552	1
224	13 16 15.125	+17 45 07.81	0.40	4.04	3.36	2.97	20.2936	19.5921	19.1982	18.4017	1
225	13 16 37.960	+17 45 14.89	0.69	2.42	1.60	0.91	18.6750	17.8150	17.1325	16.3024	1
226	13 16 29.273	+17 45 09.55	0.07	83.75	3.87	3.81	99.9999	20.1169	20.0406	19.6089	1
229	13 16 26.007	+17 45 04.85	0.38	4.23	3.67	3.29	20.4852	19.8946	19.5180	18.8905	1
230	13 16 23.857	+17 45 03.72	0.05	3.83	3.02	2.97	20.0848	19.2647	19.2072	19.0885	1
233	13 16 22.895	+17 45 02.56	0.11	3.67	2.84	2.73	19.9279	19.0808	18.9634	18.8498	1
235	13 16 33.313	+17 45 05.04	0.74	83.75	4.25	3.51	99.9999	20.4661	19.7383	19.3501	1
240	13 16 24.063	+17 44 57.18	0.64	3.24	2.48	1.84	19.4893	18.6938	18.0622	17.2601	1
242	13 16 34.148	+17 44 58.04	0.41	83.75	3.95	3.54	99.9999	20.1782	19.7670	19.2219	1
244	13 16 06.222	+17 44 48.08	0.29	83.75	4.12	3.83	99.9999	20.3529	20.0663	19.2751	0
246	13 16 18.521	+17 44 50.70	-0.12	83.74	3.71	3.83	99.9999	19.9607	20.0642	19.3452	0
248	13 16 29.058	+17 44 54.07	0.60	4.01	3.44	2.84	20.2626	19.6582	19.0687	18.4329	1
250	13 16 27.487	+17 44 52.46	0.64	2.89	2.08	1.44	19.1441	18.2998	17.6694	16.8327	1
255	13 16 19.085	+17 44 47.72	0.68	2.99	2.27	1.59	19.2465	18.4834	17.8142	17.0059	1
257	13 16 39.128	+17 44 53.08	0.75	83.75	4.30	3.55	99.9999	20.5117	19.7722	19.3149	1
259	13 16 28.949	+17 44 47.84	0.22	83.75	4.03	3.81	99.9999	20.2655	20.0382	19.5774	1
263	13 16 41.920	+17 44 50.86	0.61	3.71	2.93	2.32	19.9580	19.1499	18.5465	17.7617	1
265	13 16 37.589	+17 44 48.19	0.31	4.42	3.82	3.51	20.6714	20.0526	19.7394	19.2583	1
266	13 16 24.994	+17 44 43.06	0.50	83.75	3.63	3.13	99.9999	19.8555	19.3598	18.6725	1
267	13 16 26.410	+17 44 43.43	0.69	3.17	2.41	1.71	19.4187	18.6203	17.9403	17.1617	1
268	13 16 16.518	+17 44 39.33	0.46	83.75	4.02	3.56	99.9999	20.2407	19.7863	19.2639	1
269	13 16 23.438	+17 44 41.33	0.48	83.75	3.87	3.39	99.9999	20.0946	19.6210	19.0999	1
270	13 16 35.029	+17 44 44.74	0.81	83.75	3.40	2.59	99.9999	19.6105	18.8164	17.9973	1
271	13 16 19.746	+17 44 38.35	0.25	1.79	0.68	0.43	18.0430	16.9155	16.6644	16.3476	1
274	13 16 24.246	+17 44 37.12	0.72	2.35	1.52	0.80	18.6046	17.7336	17.0277	16.1924	1
275	13 16 02.544	+17 44 29.50	0.74	3.77	3.28	2.54	20.0229	19.4891	18.7640	18.0615	1
276	13 16 28.949	+17 44 38.51	0.22	83.75	4.03	3.80	99.9999	20.2625	20.0359	19.3452	0
277	13 15 59.338	+17 44 27.69	0.37	1.73	0.81	0.44	17.9801	17.0415	16.6725	16.2082	1
280	13 16 30.215	+17 44 37.51	-0.19	2.68	2.75	2.94	18.9332	19.0000	19.1742	19.3092	1
283	13 16 22.971	+17 44 33.72	0.76	83.75	4.08	3.32	99.9999	20.2889	19.5465	18.9729	1
284	13 16 27.119	+17 44 34.81	0.13	1.78	0.61	0.49	18.0330	16.8540	16.7207	16.5600	1
287	13 16 28.301	+17 44 32.73	0.50	83.75	4.64	4.14	99.9999	20.8585	20.3685	19.9061	1
292	13 16 22.991	+17 44 29.40	0.46	83.75	4.28	3.81	99.9999	20.4998	20.0408	19.5273	1
293	13 16 18.439	+17 44 26.51	0.44	4.16	3.82	3.37	20.4166	20.0422	19.6031	19.0943	1
294	13 16 33.181	+17 44 31.51	0.26	83.75	3.80	3.54	99.9999	20.0294	19.7692	19.1019	1
295	13 16 33.906	+17 44 31.51	0.30	83.75	3.56	3.26	99.9999	19.7927	19.4922	18.8236	1
297	13 16 37.486	+17 44 32.21	0.42	83.75	3.59	3.17	99.9999	19.8158	19.3983	18.7177	1
303	13 16 27.496	+17 44 25.62	0.25	83.75	3.69	3.44	99.9999	19.9241	19.6710	19.3430	1
304	13 16 25.174	+17 44 23.37	0.56	3.45	2.69	2.13	19.7034	18.9087	18.3573	17.5171	1
306	13 16 54.301	+17 44 33.11	0.58	83.75	3.89	3.32	99.9999	20.1141	19.5433	18.9335	1
307	13 16 18.421	+17 44 20.35	0.67	2.74	1.89	1.22	18.9914	18.1059	17.4496	16.6394	1
308	13 16 28.554	+17 44 23.61	0.63	3.48	2.81	2.19	19.7378	19.0314	18.4133	17.6781	1
310	13 16 32.823	+17 44 23.75	0.59	1.69	0.83	0.24	17.9415	17.0481	16.4656	15.7078	1
311	13 16 26.957	+17 44 21.67	0.72	2.55	1.69	0.97	18.8018	17.9046	17.1942	16.3592	1
313	13 16 12.802	+17 44 15.23	0.72	3.61	2.89	2.17	19.8631	19.1044	18.3961	17.6001	1
315	13 16 27.906	+17 44 20.26	0.40	83.75	4.06	3.66	99.9999	20.2895	19.8874	19.3609	1
317	13 16 30.631	+17 44 21.01	0.47	4.03	3.51	3.04	20.2882	19.7387	19.2701	18.5855	1
318	13 16 09.860	+17 44 13.69	0.05	1.80	0.71	0.67	18.0549	16.9544	16.9007	16.8931	1
319	13 16 33.224	+17 44 21.67	0.27	83.75	4.32	4.06	99.9999	20.5570	20.2869	19.8593	1
320	13 16 39.013	+17 44 22.41	0.96	4.32	3.82	2.86	20.5724	20.0215	19.0783	18.3951	1
326	13 16 24.361	+17 44 13.35	0.29	4.38	3.96	3.67	20.6295	20.1901	19.8998	19.2729	1
327	13 16 11.131	+17 44 08.12	0.54	83.75	4.61	4.08	99.9999	20.8349	20.3030	19.8906	1
330	13 16 43.451	+17 44 18.47	0.26	83.75	3.72	3.46	99.9999	19.9575	19.6955	19.0952	1
331	13 16 35.637	+17 44 15.73	0.31	1.49	0.70	0.39	17.7456	16.9306	16.6216	16.1286	1
332	13 16 19.826	+17 44 09.70	0.59	0.92	-0.03	-0.62	17.1773	16.1861	15.6068	14.8332	1
333	13 16 38.873	+17 44 16.05	0.18	4.04	3.73	3.55	20.2967	19.9690	19.7863	19.1640	0
335	13 16 37.914	+17 44 15.32	0.69	83.75	4.37	3.68	99.9999	20.5800	19.9055	19.5124	1
341	13 16 07.719	+17 44 00.49	0.09	83.75	4.04	3.95	99.9999	20.2862	20.1889	19.4996	0
343	13 16 39.266	+17 44 10.80	0.37	3.26	2.64	2.27	19.5160	18.8713	18.5028	17.7969	1
347	13 16 17.553	+17 44 02.41	0.29	83.75	4.10	3.82	99.9999	20.3366	20.0495	19.5158	1
348	13 16 35.415	+17 44 07.99	0.41	4.36	3.85	3.44	20.6117	20.0788	19.6726	19.1343	1
354	13 16 17.924	+17 43 57.36	0.65	3.61	2.88	2.23	19.8657	19.0954	18.4569	17.6654	1
356	13 16 13.394	+17 43 55.19	0.91	1.46	0.26	-0.66	17.7104	16.4600	15.5674	14.5389	1
357	13 16 34.296	+17 44 02.15	0.16	83.75	3.93	3.77	99.9999	20.1680	20.0032	19.3590	0
358	13 16 26.828	+17 43 59.05	0.68	2.99	2.26	1.57	19.2396	18.4702	17.7995	17.0140	1
362	13 16 30.592	+17 43 59.18	0.42	83.75	3.78	3.36	99.9999	20.0095	19.5901	18.8975	1
364	13 16 18.397	+17 43 54.40	0.27	83.75	3.60	3.33	99.9999	19.8291	19.5584	18.7441	0
370	13 16 20.628	+17 43 53.74	0.20	83.75	4.10	3.90	99.9999	20.3343	20.1294	19.4452	0
372	13 16 30.061	+17 43 56.31	0.69	3.24	2.62	1.93	19.4913	18.8303	18.1514	17.3499	1
378	13 16 30.762	+17 43 55.13	0.61	3.22	2.57	1.96	19.4719	18.7901	18.1889	17.4256	1
380	13 16 29.031	+17 43 54.26	0.19	83.75	4.10	3.91	99.9999	20.3335	20.1420	19.5231	0
384	13 16 17.873	+17 43 49.07	0.25	83.75	3.46	3.21	99.9999	19.6917	19.4440	18.8559	1
386	13 16 15.157	+17 43 47.89	0.56	3.35	2.63	2.07	19.5993	18.8512	18.2980	17.5334	1
388	13 16 26.135	+17 43 51.32	0.58	83.75	3.95	3.37	99.9999	20.1659	19.5985	18.9625	1
389	13 16 26.864	+17 43 51.12	0.12	1.81	0.64	0.52	18.0615	16.8825	16.7561	16.5397	1
391	13 16 11.884	+17 43 44.96	0.37	4.25	4.02	3.65	20.5070	20.2494	19.8848	19.3591	1
395	13 16 25.306	+17 43 48.32	0.33	83.75	3.73	3.40	99.9999	19.9575	19.6265	19.3496	1
400	13 16 19.395	+17 43 45.07	0.17	83.75	3.57	3.40	99.9999	19.8106	19.6338	19.0070	0
402	13 16 37.201	+17 43 49.77	0.15	83.75	3.81	3.66	99.9999	20.0503	19.8973	19.4902	1
403	13 16 34.487	+17 43 48.48	0.42	4.55	3.75	3.33	20.8067	19.9785	19.5604	19.0323	1
404	13 16 37.779	+17 43 49.42	0.21	83.75	3.50	3.29	99.9999	19.7384	19.5239	18.9938	1
405	13 16 26.250	+17 43 45.35	0.17	3.56	2.54	2.37	19.8170	18.7784	18.6002	18.5399	1
407	13 16 22.923	+17 43 43.35	0.56	83.75	4.00	3.45	99.9999	20.2236	19.6740	19.1773	1
408	13 16 13.478	+17 43 39.90	0.68	3.85	3.17	2.50	20.1028	19.3863	18.7219	17.9930	1
409	13 16 37.553	+17 43 48.08	0.36	4.10	3.58	3.23	20.3513	19.8128	19.4575	18.8889	1
410	13 16 31.633	+17 43 45.89	0.07	83.75	3.96	3.89	99.9999	20.2009	20.1256	19.4706	0
413	13 16 20.244	+17 43 41.49	0.52	83.75	3.73	3.21	99.9999	19.9549	19.4404	18.7570	1
414	13 16 26.659	+17 43 43.26	0.34	4.21	3.72	3.37	20.4634	19.9450	19.6027	19.0876	1
416	13 16 30.732	+17 43 43.64	0.18	83.75	3.61	3.43	99.9999	19.8447	19.6614	19.2557	1
418	13 16 32.971	+17 43 44.07	0.39	4.32	3.64	3.26	20.5748	19.8713	19.4858	18.7732	1
419	13 16 08.024	+17 43 35.31	0.59	3.73	3.09	2.50	19.9791	19.3068	18.7258	17.9584	1
420	13 16 14.836	+17 43 37.70	-0.06	83.74	3.95	4.01	99.9999	20.1977	20.2486	19.6572	0
423	13 16 43.566	+17 43 46.90	0.22	4.06	3.32	3.10	20.3187	19.5551	19.3297	19.0595	1
425	13 16 33.304	+17 43 43.28	0.10	1.82	0.64	0.55	18.0736	16.8846	16.7815	16.6081	1
426	13 16 36.209	+17 43 44.13	0.44	4.17	4.02	3.58	20.4273	20.2485	19.8128	19.2091	1
427	13 16 15.022	+17 43 36.66	0.70	2.20	1.31	0.61	18.4480	17.5217	16.8335	15.9479	1
429	13 16 08.467	+17 43 33.58	0.71	83.75	3.71	3.00	99.9999	19.9242	19.2286	18.6111	1
431	13 16 25.874	+17 43 37.83	0.69	2.14	1.28	0.59	18.3922	17.4966	16.8163	15.9558	1
432	13 16 18.416	+17 43 34.98	0.58	4.58	3.64	3.05	20.8359	19.8550	19.2819	18.4996	1
434	13 16 32.722	+17 43 39.52	0.66	2.66	1.85	1.19	18.9116	18.0638	17.4182	16.5898	1
436	13 16 35.108	+17 43 39.43	0.51	3.84	3.25	2.74	20.0930	19.4731	18.9700	18.2627	1
437	13 16 26.157	+17 43 36.11	0.47	4.05	3.39	2.92	20.3030	19.6117	19.1468	18.3357	1
439	13 16 29.067	+17 43 36.73	0.54	83.75	4.00	3.46	99.9999	20.2201	19.6847	19.3322	1
440	13 16 20.882	+17 43 33.84	0.38	83.75	4.08	3.70	99.9999	20.3039	19.9290	19.3771	1
442	13 16 27.041	+17 43 35.51	0.25	3.62	2.93	2.68	19.8720	19.1627	18.9121	18.2574	1
445	13 16 28.767	+17 43 34.94	0.20	3.85	2.87	2.67	20.1033	19.1027	18.8979	18.7546	1
448	13 16 24.042	+17 43 31.78	0.45	83.75	3.37	2.91	99.9999	19.5939	19.1435	18.4256	1
449	13 16 36.269	+17 43 35.57	0.74	1.96	1.00	0.26	18.2141	17.2114	16.4812	15.5717	1
450	13 16 28.675	+17 43 32.95	0.42	4.11	3.63	3.22	20.3620	19.8586	19.4460	18.6916	1
451	13 16 43.037	+17 43 37.84	0.46	3.98	3.63	3.18	20.2343	19.8591	19.4075	18.7110	1
453	13 16 26.594	+17 43 31.40	0.05	1.85	0.71	0.66	18.1015	16.9559	16.8930	16.8549	1
454	13 16 31.150	+17 43 32.39	0.66	3.38	2.60	1.94	19.6299	18.8142	18.1645	17.3803	1
457	13 16 26.077	+17 43 29.15	0.18	83.75	3.77	3.58	99.9999	20.0033	19.8176	19.6058	1
459	13 16 26.260	+17 43 28.63	0.52	83.75	4.26	3.74	99.9999	20.4777	19.9661	19.4894	1
460	13 16 33.380	+17 43 30.78	0.71	4.26	3.75	3.04	20.5135	19.9633	19.2677	18.6520	1
461	13 16 47.395	+17 43 35.39	0.58	83.75	4.32	3.74	99.9999	20.5372	19.9637	19.6450	1
462	13 16 37.810	+17 43 32.03	0.37	83.75	3.62	3.25	99.9999	19.8453	19.4812	18.8220	1
463	13 16 09.035	+17 43 21.98	0.49	4.68	3.99	3.49	20.9361	20.2115	19.7234	19.2458	1
467	13 16 24.583	+17 43 26.14	0.65	3.16	2.48	1.83	19.4173	18.6983	18.0612	17.2852	1
468	13 16 31.318	+17 43 28.34	0.53	83.75	3.72	3.18	99.9999	19.9366	19.4096	18.7009	1
472	13 16 21.344	+17 43 24.26	0.31	83.75	4.18	3.87	99.9999	20.4146	20.0998	19.7187	1
475	13 16 22.277	+17 43 24.27	0.20	83.75	3.30	3.10	99.9999	19.5370	19.3312	18.8145	1
476	13 16 19.571	+17 43 23.09	0.56	3.71	2.96	2.41	19.9605	19.1850	18.6331	17.8286	1
477	13 16 33.702	+17 43 27.67	0.20	83.75	3.96	3.77	99.9999	20.1980	19.9981	19.5880	1
480	13 16 41.126	+17 43 29.51	0.60	3.40	2.62	2.02	19.6501	18.8380	18.2433	17.4723	1
481	13 16 23.704	+17 43 23.48	0.60	83.75	4.45	3.84	99.9999	20.6634	20.0700	19.5646	1
482	13 16 23.106	+17 43 22.68	-0.05	1.91	0.88	0.93	18.1630	17.1290	17.1686	17.1691	1
483	13 16 26.909	+17 43 23.88	0.14	1.81	0.65	0.51	18.0659	16.8868	16.7454	16.5996	1
484	13 16 21.644	+17 43 21.83	0.46	83.75	3.90	3.44	99.9999	20.1215	19.6666	19.1374	1
485	13 16 33.343	+17 43 25.87	0.67	4.18	3.60	2.93	20.4318	19.8121	19.1568	18.3893	1
486	13 16 29.109	+17 43 23.92	-0.13	83.74	3.91	4.04	99.9999	20.1630	20.2794	19.6577	0
488	13 16 02.667	+17 43 14.45	0.34	83.75	3.69	3.35	99.9999	19.9211	19.5822	19.0278	1
490	13 16 41.217	+17 43 27.75	-0.25	3.69	3.77	4.02	19.9413	20.0276	20.2637	19.5297	0
491	13 16 13.798	+17 43 17.75	0.39	83.75	3.70	3.30	99.9999	19.9250	19.5332	18.9365	1
492	13 16 34.222	+17 43 24.80	0.49	83.75	3.71	3.22	99.9999	19.9344	19.4467	18.8261	1
493	13 16 25.369	+17 43 21.62	0.16	1.73	0.59	0.44	17.9804	16.8330	16.6699	16.4071	1
494	13 16 19.251	+17 43 19.27	0.30	83.75	4.06	3.76	99.9999	20.2924	19.9917	19.5155	1
495	13 16 27.686	+17 43 22.19	0.77	2.09	1.21	0.44	18.3376	17.4200	16.6685	15.7999	1
497	13 16 26.471	+17 43 21.26	0.24	1.15	0.42	0.18	17.4062	16.6561	16.4136	15.7184	0
499	13 16 18.883	+17 43 18.28	0.12	83.75	3.98	3.86	99.9999	20.2207	20.0963	19.4302	0
500	13 17 06.965	+17 43 34.65	0.39	83.75	4.13	3.73	99.9999	20.3538	19.9643	19.4446	1
502	13 16 29.152	+17 43 21.55	0.53	83.75	3.83	3.29	99.9999	20.0497	19.5217	18.9335	1
503	13 16 26.094	+17 43 20.43	0.63	83.75	3.71	3.07	99.9999	19.9241	19.3011	18.5523	1
504	13 16 28.257	+17 43 21.17	0.25	4.44	3.91	3.66	20.6964	20.1468	19.8916	19.2809	1
505	13 16 26.446	+17 43 20.55	2.05	83.75	2.66	0.60	99.9999	18.8100	16.8091	15.8164	1
506	13 16 20.338	+17 43 18.41	0.38	83.75	4.02	3.64	99.9999	20.2481	19.8709	19.3781	1
508	13 16 17.181	+17 43 16.82	0.28	83.75	3.75	3.47	99.9999	19.9807	19.6974	19.0143	1
510	13 16 27.316	+17 43 20.12	0.67	3.57	3.41	2.74	19.8221	19.6213	18.9625	18.1670	1
511	13 16 32.939	+17 43 21.96	0.27	83.75	4.07	3.80	99.9999	20.3052	20.0317	19.5428	1
513	13 16 27.384	+17 43 19.31	0.73	3.11	2.35	1.63	19.3588	18.5654	17.8514	17.2393	1
516	13 16 27.406	+17 43 18.96	0.65	3.64	2.60	1.95	19.8901	18.8183	18.1772	17.4655	1
517	13 16 31.075	+17 43 20.13	0.65	83.75	4.13	3.47	99.9999	20.3411	19.7000	19.1733	1
519	13 16 35.200	+17 43 21.43	0.46	83.75	3.89	3.43	99.9999	20.1192	19.6627	18.9104	1
521	13 16 33.575	+17 43 19.85	0.60	3.11	2.48	1.88	19.3656	18.6968	18.1065	17.3500	1
522	13 16 16.383	+17 43 13.85	0.15	83.75	3.59	3.44	99.9999	19.8264	19.6724	19.0617	0
524	13 16 36.051	+17 43 20.23	0.24	83.75	4.21	3.98	99.9999	20.4493	20.2095	19.6755	1
526	13 16 32.060	+17 43 18.49	0.66	3.98	3.52	2.86	20.2368	19.7316	19.0844	18.3651	1
527	13 16 17.370	+17 43 13.23	0.66	2.78	1.96	1.30	19.0366	18.1745	17.5238	16.6704	1
529	13 16 46.320	+17 43 21.50	0.29	83.75	3.98	3.69	99.9999	20.2151	19.9248	19.4459	1
530	13 16 23.438	+17 43 13.58	0.40	3.89	3.47	3.06	20.1461	19.6934	19.2933	18.6184	1
532	13 16 30.466	+17 43 15.49	0.10	83.75	3.62	3.52	99.9999	19.8596	19.7550	19.1016	0
536	13 16 16.676	+17 43 10.36	0.71	2.34	1.44	0.74	18.5959	17.6571	16.9622	16.0826	1
538	13 16 29.237	+17 43 14.42	0.65	2.71	1.91	1.26	18.9628	18.1260	17.4878	16.6496	1
544	13 16 16.453	+17 43 09.30	0.53	4.16	3.53	3.00	20.4168	19.7477	19.2260	18.6446	1
546	13 16 22.769	+17 43 10.43	0.30	83.75	3.63	3.33	99.9999	19.8622	19.5657	18.9384	1
547	13 16 16.201	+17 43 07.57	0.00	4.05	3.45	3.45	20.3037	19.6963	19.6838	19.1102	0
549	13 16 32.122	+17 43 12.89	0.59	4.11	3.40	2.81	20.3664	19.6181	19.0341	18.2479	1
550	13 16 30.140	+17 43 12.08	0.57	83.75	4.49	3.92	99.9999	20.7107	20.1469	99.9999	1
551	13 16 17.584	+17 43 07.68	0.23	83.75	3.57	3.34	99.9999	19.8048	19.5742	19.0180	1
553	13 16 32.944	+17 43 12.32	0.46	83.75	3.91	3.45	99.9999	20.1337	19.6752	19.2500	1
557	13 16 46.836	+17 43 15.84	0.62	4.01	3.51	2.90	20.2627	19.7283	19.1222	18.4455	1
559	13 16 18.532	+17 43 05.86	0.72	3.75	3.07	2.35	19.9979	19.2810	18.5725	17.8418	1
560	13 16 34.641	+17 43 11.32	0.69	3.02	2.19	1.50	19.2751	18.4085	17.7261	16.9215	1
561	13 16 15.845	+17 43 04.82	0.46	4.27	3.63	3.17	20.5217	19.8525	19.4003	18.8027	1
562	13 16 28.198	+17 43 08.94	0.50	83.75	3.80	3.30	99.9999	20.0228	19.5273	19.0208	1
563	13 16 30.543	+17 43 09.24	0.67	2.97	2.24	1.57	19.2195	18.4511	17.7948	16.9445	1
564	13 16 29.746	+17 43 08.87	0.66	4.17	3.78	3.13	20.4276	20.0002	19.3550	18.7543	1
565	13 16 26.564	+17 43 07.48	0.61	4.18	3.75	3.14	20.4304	19.9668	19.3695	18.7088	1
567	13 16 23.600	+17 43 06.30	0.41	83.75	3.86	3.45	99.9999	20.0880	19.6782	19.0445	1
569	13 16 33.719	+17 43 09.76	0.69	2.82	2.01	1.32	19.0700	18.2268	17.5445	16.7440	1
570	13 16 28.338	+17 43 07.86	0.12	83.75	3.80	3.67	99.9999	20.0390	19.9085	19.1836	0
574	13 16 27.571	+17 43 07.00	0.45	3.93	3.33	2.88	20.1867	19.5506	19.1058	18.3221	1
575	13 16 47.088	+17 43 13.02	0.35	4.12	3.36	3.02	20.3766	19.5933	19.2473	18.4791	1
576	13 16 36.405	+17 43 09.24	0.43	4.26	3.90	3.47	20.5127	20.1292	19.6997	19.1875	1
578	13 16 24.688	+17 43 04.04	0.10	3.93	3.27	3.17	20.1861	19.5157	19.4084	18.8783	0
580	13 16 34.640	+17 43 07.20	0.11	1.65	0.53	0.42	17.9025	16.7662	16.6517	16.4092	1
581	13 16 07.657	+17 42 57.58	0.43	83.75	4.12	3.69	99.9999	20.3479	19.9218	19.5374	1
586	13 16 15.655	+17 42 59.42	0.45	3.62	3.23	2.78	19.8718	19.4511	19.0091	18.3999	1
587	13 16 37.101	+17 43 06.58	0.76	1.90	0.95	0.20	18.1536	17.1631	16.4202	15.5303	1
588	13 16 13.753	+17 42 58.33	0.06	1.88	0.73	0.66	18.1393	16.9679	16.8957	16.8267	1
590	13 16 28.156	+17 43 03.12	0.30	83.75	3.95	3.65	99.9999	20.1777	19.8781	19.1920	1
592	13 16 20.569	+17 43 00.04	0.51	3.82	3.12	2.61	20.0690	19.3425	18.8389	18.2524	1
594	13 16 16.978	+17 42 58.44	0.70	2.82	1.99	1.29	19.0715	18.2033	17.5113	16.6694	1
597	13 16 35.690	+17 43 04.23	0.54	83.75	3.80	3.26	99.9999	20.0191	19.4833	18.7407	1
598	13 16 26.122	+17 43 00.73	-0.21	83.74	3.13	3.34	99.9999	19.3806	19.5745	19.0459	0
603	13 16 23.940	+17 42 58.55	0.32	83.75	3.99	3.67	99.9999	20.2248	19.9055	19.5807	1
604	13 16 28.684	+17 43 00.02	0.75	3.53	2.93	2.18	19.7831	19.1416	18.4062	17.6707	1
608	13 16 41.629	+17 43 04.02	0.33	4.25	3.48	3.15	20.5024	19.7107	19.3774	18.5749	1
610	13 16 22.007	+17 42 57.00	0.46	83.75	3.78	3.32	99.9999	20.0044	19.5508	18.8391	1
612	13 16 34.636	+17 43 00.73	0.66	3.10	2.30	1.64	19.3542	18.5133	17.8620	17.0592	1
613	13 16 35.812	+17 43 01.13	0.55	83.75	3.83	3.27	99.9999	20.0457	19.4990	18.8921	1
617	13 16 28.565	+17 42 57.84	0.08	1.90	0.68	0.59	18.1564	16.9181	16.8261	16.7672	1
618	13 16 40.895	+17 43 01.97	0.56	4.14	3.41	2.85	20.3952	19.6310	19.0813	18.3058	1
619	13 16 23.380	+17 42 55.78	0.60	3.48	2.80	2.20	19.7308	19.0168	18.4234	17.5510	1
621	13 16 33.521	+17 42 59.15	0.58	83.75	3.84	3.26	99.9999	20.0571	19.4856	18.9025	1
624	13 16 25.860	+17 42 55.42	0.76	83.75	4.25	3.49	99.9999	20.4633	19.7142	19.2149	1
628	13 16 18.292	+17 42 52.27	0.68	2.27	1.35	0.67	18.5204	17.5631	16.8967	16.0286	1
629	13 16 32.625	+17 42 57.05	0.20	4.18	3.68	3.48	20.4337	19.9132	19.7129	19.0888	1
630	13 16 40.535	+17 42 59.51	0.24	83.75	3.98	3.73	99.9999	20.2106	19.9649	19.5361	1
634	13 16 33.032	+17 42 56.33	0.26	4.11	3.33	3.07	20.3627	19.5604	19.3000	18.8739	1
636	13 16 38.612	+17 42 57.62	0.62	3.31	2.72	2.10	19.5668	18.9339	18.3233	17.5621	1
637	13 16 25.796	+17 42 53.05	0.64	83.75	4.22	3.58	99.9999	20.4375	19.8070	19.2916	1
641	13 16 21.893	+17 42 50.70	0.01	1.79	0.75	0.74	18.0480	16.9954	16.9773	16.9486	1
644	13 16 39.034	+17 42 56.25	0.34	4.12	3.81	3.47	20.3764	20.0411	19.6980	19.0692	1
645	13 16 15.130	+17 42 47.70	1.21	83.75	2.61	1.39	99.9999	18.7967	17.6127	16.4640	1
647	13 16 29.392	+17 42 52.39	0.78	4.22	3.68	2.90	20.4763	19.8854	19.1208	18.4039	1
648	13 16 33.686	+17 42 53.78	0.48	4.28	3.66	3.18	20.5359	19.8802	19.4102	18.7549	1
651	13 16 31.091	+17 42 52.33	0.42	3.78	3.32	2.89	20.0288	19.5416	19.1232	18.4796	1
654	13 16 27.344	+17 42 50.32	-0.04	83.74	4.07	4.12	99.9999	20.3210	20.3531	19.6694	0
656	13 16 21.285	+17 42 47.96	0.22	83.75	3.69	3.47	99.9999	19.9244	19.7022	19.0894	1
659	13 16 22.389	+17 42 47.66	0.28	3.81	2.96	2.68	20.0650	19.1892	18.9073	18.7870	1
661	13 16 32.428	+17 42 50.85	0.68	3.01	2.24	1.56	19.2581	18.4559	17.7873	17.0093	1
663	13 16 25.008	+17 42 48.23	0.75	3.72	3.15	2.40	19.9762	19.3623	18.6236	17.8580	1
665	13 16 20.615	+17 42 46.43	1.05	0.75	-0.71	-1.77	17.0000	15.4835	14.4555	13.3185	1
666	13 16 34.079	+17 42 50.72	0.61	2.42	1.64	1.03	18.6725	17.8542	17.2550	16.4381	1
669	13 16 30.496	+17 42 48.82	0.64	4.31	3.33	2.69	20.5608	19.5507	18.9214	18.1680	1
670	13 16 17.938	+17 42 44.22	0.43	83.75	3.96	3.53	99.9999	20.1856	19.7579	19.2280	1
671	13 16 42.951	+17 42 52.68	0.23	83.75	3.81	3.58	99.9999	20.0427	19.8128	19.3303	1
674	13 16 32.858	+17 42 48.25	0.37	83.75	3.39	3.02	99.9999	19.6197	19.2477	18.5163	1
677	13 17 02.772	+17 42 57.97	0.63	3.88	3.30	2.67	20.1363	19.5179	18.8932	18.1404	1
682	13 16 03.784	+17 42 36.37	0.60	4.07	3.40	2.79	20.3200	19.6143	19.0206	18.2560	1
684	13 16 38.553	+17 42 48.08	0.62	3.67	3.30	2.69	19.9192	19.5196	18.9136	18.1263	1
685	13 16 19.360	+17 42 41.44	0.61	3.60	3.02	2.41	19.8483	19.2332	18.6357	17.8481	1
687	13 16 24.122	+17 42 43.04	0.07	4.65	3.93	3.86	20.9085	20.1724	20.0918	19.3139	0
689	13 16 20.868	+17 42 40.94	0.41	83.75	3.68	3.27	99.9999	19.9056	19.5013	19.0426	1
690	13 16 08.904	+17 42 36.73	0.45	83.75	3.98	3.53	99.9999	20.2042	19.7544	19.3849	1
691	13 16 42.080	+17 42 47.97	0.13	1.81	0.66	0.53	18.0610	16.9005	16.7621	16.5940	1
693	13 16 11.348	+17 42 37.16	0.46	83.75	3.68	3.22	99.9999	19.9066	19.4503	18.9738	1
694	13 16 22.520	+17 42 41.00	0.21	4.42	3.51	3.30	20.6726	19.7430	19.5285	18.9131	1
695	13 16 32.670	+17 42 44.30	0.24	83.75	3.78	3.54	99.9999	20.0124	19.7701	19.2668	1
697	13 16 36.479	+17 42 45.41	0.59	4.15	3.44	2.85	20.4061	19.6545	19.0771	18.2533	1
698	13 16 20.308	+17 42 39.45	0.30	83.75	3.92	3.62	99.9999	20.1530	19.8484	19.3108	1
702	13 16 37.558	+17 42 44.37	0.55	83.75	4.44	3.89	99.9999	20.6586	20.1155	19.4471	1
703	13 16 42.609	+17 42 45.99	0.65	83.75	3.61	2.96	99.9999	19.8238	19.1877	18.7102	1
704	13 16 15.964	+17 42 36.57	0.64	4.20	3.73	3.09	20.4489	19.9426	19.3124	18.5898	1
706	13 16 24.456	+17 42 39.31	0.40	3.16	2.49	2.08	19.4149	18.7136	18.3123	17.6312	1
708	13 16 26.916	+17 42 39.76	0.53	83.75	3.91	3.38	99.9999	20.1310	19.6090	18.8774	1
710	13 16 38.734	+17 42 43.42	0.33	83.75	3.72	3.40	99.9999	19.9552	19.6280	19.0797	1
711	13 16 31.158	+17 42 40.67	0.11	3.21	2.28	2.17	19.4692	18.5188	18.4027	18.1513	1
716	13 16 29.610	+17 42 39.36	0.10	83.75	3.76	3.66	99.9999	19.9986	19.8937	19.2697	0
717	13 16 36.547	+17 42 41.54	0.02	1.85	0.72	0.70	18.1037	16.9660	16.9349	16.8948	1
718	13 16 30.369	+17 42 39.27	0.33	83.75	3.92	3.58	99.9999	20.1482	19.8143	19.2036	1
719	13 16 17.427	+17 42 34.63	0.32	83.75	3.79	3.47	99.9999	20.0221	19.6997	19.3059	1
720	13 16 34.046	+17 42 40.13	0.27	1.80	0.86	0.60	18.0525	17.0945	16.8280	16.3780	1
721	13 16 20.428	+17 42 35.37	0.52	4.10	3.42	2.90	20.3547	19.6402	19.1244	18.4782	1
722	13 16 33.331	+17 42 39.67	0.22	83.75	4.17	3.95	99.9999	20.4043	20.1810	99.9999	1
723	13 16 11.586	+17 42 31.98	0.39	83.75	3.70	3.31	99.9999	19.9257	19.5381	18.9420	1
725	13 16 29.436	+17 42 37.16	0.59	83.75	3.83	3.24	99.9999	20.0464	19.4695	18.7537	1
726	13 16 18.459	+17 42 33.21	0.47	83.75	3.87	3.39	99.9999	20.0903	19.6219	19.0650	1
728	13 16 12.079	+17 42 30.71	0.58	3.66	2.95	2.37	19.9083	19.1669	18.5996	17.8099	1
729	13 16 22.077	+17 42 34.19	0.42	83.75	4.12	3.69	99.9999	20.3426	19.9233	19.3317	1
732	13 16 17.843	+17 42 32.53	0.52	3.99	3.37	2.85	20.2417	19.5916	19.0763	18.2450	1
733	13 16 58.118	+17 42 46.21	0.06	2.86	2.91	2.84	19.1152	19.1484	19.0758	18.3006	0
736	13 16 27.430	+17 42 35.21	0.58	4.01	3.41	2.84	20.2583	19.6328	19.0656	18.2184	1
739	13 16 26.579	+17 42 34.52	0.45	83.75	3.73	3.28	99.9999	19.9527	19.5101	18.7990	1
741	13 16 32.338	+17 42 35.45	0.07	1.83	0.64	0.57	18.0885	16.8822	16.8044	16.6893	1
743	13 16 13.309	+17 42 28.78	0.81	1.58	0.55	-0.25	17.8367	16.7623	15.9694	15.0315	1
744	13 16 15.700	+17 42 29.32	0.65	2.44	1.58	0.93	18.6898	17.7917	17.1531	16.3072	1
746	13 16 18.836	+17 42 30.05	0.17	83.75	3.69	3.52	99.9999	19.9234	19.7517	19.2830	1
748	13 16 27.616	+17 42 32.53	0.66	3.72	3.31	2.66	19.9757	19.5290	18.8837	18.2607	1
749	13 16 12.581	+17 42 27.22	0.53	4.16	3.54	3.01	20.4109	19.7620	19.2351	18.4168	1
752	13 16 04.306	+17 42 23.88	0.44	1.61	0.74	0.29	17.8670	16.9613	16.5218	15.9054	1
754	13 16 21.857	+17 42 29.73	0.69	3.16	2.41	1.72	19.4168	18.6279	17.9468	17.1467	1
756	13 16 31.527	+17 42 32.57	0.72	2.90	2.07	1.36	19.1558	18.2869	17.5832	16.7489	1
759	13 16 29.029	+17 42 31.00	0.22	83.75	3.99	3.77	99.9999	20.2287	20.0010	19.5901	1
763	13 16 09.998	+17 42 23.68	0.41	4.22	3.72	3.31	20.4705	19.9462	19.5374	18.8650	1
764	13 16 30.763	+17 42 30.46	0.29	83.75	3.78	3.49	99.9999	20.0141	19.7254	19.2599	1
765	13 16 38.438	+17 42 32.98	0.32	83.75	3.46	3.13	99.9999	19.6861	19.3645	18.8254	1
767	13 16 21.691	+17 42 26.80	0.44	83.75	3.27	2.83	99.9999	19.4980	19.0588	18.3955	1
769	13 16 20.891	+17 42 26.33	0.10	83.75	3.68	3.58	99.9999	19.9177	19.8105	19.3579	1
771	13 16 19.333	+17 42 25.66	0.63	4.04	3.54	2.92	20.2895	19.7608	19.1446	18.4583	1
772	13 16 16.522	+17 42 24.34	0.12	1.81	0.65	0.52	18.0631	16.8888	16.7582	16.5876	1
774	13 16 25.486	+17 42 26.96	0.35	83.75	3.84	3.49	99.9999	20.0745	19.7249	19.1705	1
775	13 16 29.136	+17 42 27.75	0.10	2.94	1.92	1.82	19.1929	18.1566	18.0526	17.9056	1
778	13 16 26.841	+17 42 26.68	0.56	3.26	2.62	2.06	19.5145	18.8352	18.2863	17.5382	1
781	13 16 29.737	+17 42 27.21	0.72	2.35	1.55	0.83	18.6072	17.7648	17.0547	16.2212	1
782	13 16 35.617	+17 42 29.19	0.54	3.60	2.89	2.35	19.8558	19.1140	18.5783	17.7819	1
786	13 16 28.435	+17 42 26.39	0.67	2.88	2.14	1.47	19.1344	18.3520	17.6959	16.9101	1
790	13 16 31.049	+17 42 26.35	0.66	3.07	2.38	1.72	19.3243	18.5995	17.9500	17.1619	1
792	13 16 40.026	+17 42 29.04	0.56	3.63	2.86	2.31	19.8825	19.0848	18.5346	17.7566	1
793	13 16 25.636	+17 42 24.08	0.70	4.04	3.44	2.74	20.2878	19.6562	18.9642	18.3131	1
800	13 16 28.920	+17 42 23.57	0.41	83.75	4.01	3.60	99.9999	20.2370	19.8258	19.0837	1
801	13 16 20.793	+17 42 20.64	0.63	2.55	1.74	1.11	18.8068	17.9615	17.3391	16.5394	1
802	13 16 29.521	+17 42 23.62	0.75	4.24	3.71	2.96	20.4921	19.9175	19.1852	18.5177	1
803	13 16 26.854	+17 42 22.60	0.60	83.75	4.33	3.73	99.9999	20.5463	19.9538	19.4998	1
807	13 16 29.840	+17 42 22.61	0.70	3.60	2.92	2.21	19.8518	19.1295	18.4401	17.6192	1
809	13 16 31.463	+17 42 22.76	0.48	83.75	3.57	3.09	99.9999	19.7909	19.3200	18.5398	1
813	13 16 23.194	+17 42 19.55	0.06	83.75	3.64	3.58	99.9999	19.8834	19.8132	19.1815	0
814	13 16 24.188	+17 42 19.82	0.68	2.56	1.75	1.07	18.8159	17.9601	17.2940	16.4776	1
816	13 16 33.924	+17 42 22.90	0.85	1.15	0.01	-0.84	17.4042	16.2201	15.3843	14.3907	1
817	13 16 10.557	+17 42 14.12	0.09	1.74	0.58	0.48	17.9910	16.8164	16.7162	16.6246	1
823	13 16 26.773	+17 42 19.13	0.54	4.44	3.80	3.26	20.6925	20.0191	19.4861	18.8156	1
827	13 16 34.538	+17 42 21.37	0.38	83.75	3.99	3.61	99.9999	20.2192	19.8416	19.3531	1
828	13 16 34.734	+17 42 21.28	0.18	4.21	3.51	3.33	20.4634	19.7515	19.5650	18.8300	0
830	13 16 37.485	+17 42 21.48	0.12	1.74	0.57	0.45	17.9927	16.8074	16.6825	16.4824	1
832	13 16 21.488	+17 42 15.75	0.67	4.03	3.38	2.71	20.2858	19.5922	18.9363	18.1618	1
841	13 16 23.480	+17 42 14.86	0.15	4.04	3.43	3.27	20.2900	19.6637	19.5040	18.9569	1
842	13 16 40.538	+17 42 20.56	0.07	83.75	4.09	4.03	99.9999	20.3358	20.2620	19.6868	0
844	13 16 32.521	+17 42 17.35	0.82	0.95	-0.17	-1.00	17.1974	16.0347	15.2262	14.2474	1
845	13 16 27.106	+17 42 15.37	0.30	83.75	3.55	3.25	99.9999	19.7849	19.4805	18.8850	1
847	13 16 16.353	+17 42 11.16	0.74	3.59	3.12	2.38	19.8422	19.3343	18.6071	17.7936	1
848	13 16 23.270	+17 42 13.30	0.64	2.67	2.00	1.36	18.9209	18.2201	17.5872	16.8354	1
850	13 16 29.171	+17 42 14.92	0.61	2.95	2.23	1.62	19.2001	18.4435	17.8444	17.0661	1
853	13 16 24.077	+17 42 13.03	0.79	1.56	0.54	-0.25	17.8139	16.7524	15.9735	15.0528	1
855	13 16 45.934	+17 42 20.28	0.75	2.66	1.82	1.08	18.9124	18.0360	17.3005	16.4842	1
857	13 16 13.550	+17 42 09.09	0.55	3.22	2.46	1.91	19.4770	18.6850	18.1415	17.3338	1
863	13 16 30.638	+17 42 13.90	0.62	83.75	3.84	3.21	99.9999	20.0536	19.4386	18.9770	1
864	13 16 25.063	+17 42 11.80	0.75	4.10	3.61	2.86	20.3525	19.8165	19.0809	18.4302	1
866	13 16 26.493	+17 42 12.26	-0.03	83.74	3.32	3.35	99.9999	19.5622	19.5864	18.6015	0
868	13 16 01.927	+17 42 03.41	0.53	3.16	2.51	1.98	19.4174	18.7339	18.2075	17.3590	1
869	13 16 28.190	+17 42 12.45	0.66	2.77	2.01	1.35	19.0246	18.2298	17.5812	16.7776	1
870	13 16 18.646	+17 42 09.08	0.69	3.42	2.68	1.99	19.6745	18.8899	18.2126	17.4211	1
871	13 15 44.303	+17 41 56.61	0.21	83.75	4.07	3.87	99.9999	20.3096	20.0989	19.5837	1
872	13 16 15.763	+17 42 07.70	0.09	83.75	3.94	3.85	99.9999	20.1799	20.0874	19.5738	0
877	13 16 26.487	+17 42 10.87	-0.49	83.74	3.32	3.81	99.9999	19.5911	20.0578	99.9999	1
878	13 16 26.205	+17 42 10.61	0.66	2.90	2.14	1.48	19.1546	18.3564	17.7069	16.9153	1
880	13 16 23.260	+17 42 09.17	0.67	3.23	2.47	1.80	19.4863	18.6899	18.0285	17.2407	1
881	13 16 25.545	+17 42 09.88	0.55	3.78	3.14	2.60	20.0323	19.3645	18.8263	18.2268	1
885	13 16 22.404	+17 42 08.27	0.28	83.75	3.98	3.70	99.9999	20.2107	19.9279	19.2333	1
889	13 16 28.119	+17 42 09.68	0.45	4.09	3.25	2.80	20.3473	19.4735	19.0264	18.2692	1
890	13 16 37.796	+17 42 12.88	0.54	83.75	4.03	3.49	99.9999	20.2479	19.7160	19.2814	1
891	13 16 26.999	+17 42 09.13	0.65	3.23	2.36	1.71	19.4861	18.5784	17.9413	17.1306	1
892	13 16 41.007	+17 42 13.86	0.03	4.27	3.66	3.62	20.5268	19.8999	19.8587	19.2293	0
894	13 16 27.505	+17 42 08.45	0.59	3.09	2.38	1.79	19.3451	18.5942	18.0135	17.2435	1
896	13 16 47.767	+17 42 15.02	0.29	4.19	3.62	3.33	20.4403	19.8530	19.5656	18.9375	1
897	13 16 34.518	+17 42 10.37	0.60	3.79	3.16	2.56	20.0398	19.3749	18.7835	18.1269	1
899	13 16 32.238	+17 42 09.38	0.41	83.75	3.61	3.20	99.9999	19.8398	19.4329	18.9895	1
900	13 16 35.380	+17 42 10.32	0.61	83.75	4.02	3.41	99.9999	20.2388	19.6377	19.1222	1
901	13 16 33.610	+17 42 09.58	0.28	83.75	3.52	3.24	99.9999	19.7528	19.4681	18.7225	1
902	13 16 30.438	+17 42 08.33	0.24	3.63	3.20	2.96	19.8857	19.4390	19.1951	18.5287	1
903	13 16 23.764	+17 42 05.82	0.37	83.75	3.49	3.12	99.9999	19.7221	19.3501	18.6103	1
904	13 16 25.578	+17 42 06.05	0.26	83.75	3.59	3.33	99.9999	19.8238	19.5581	18.9704	1
906	13 16 33.409	+17 42 08.64	0.39	3.95	3.29	2.90	20.2053	19.5187	19.1265	18.3967	1
907	13 16 20.175	+17 42 03.57	0.38	3.61	3.23	2.85	19.8600	19.4594	19.0850	18.5418	1
910	13 16 25.735	+17 42 05.38	0.41	83.75	3.93	3.52	99.9999	20.1557	19.7497	19.1618	1
911	13 16 33.216	+17 42 07.96	0.64	83.75	4.11	3.47	99.9999	20.3245	19.6934	19.1368	1
917	13 16 26.035	+17 42 04.42	0.54	83.75	3.71	3.17	99.9999	19.9320	19.3948	18.7002	1
921	13 16 19.737	+17 42 01.74	0.09	83.75	4.10	4.01	99.9999	20.3401	20.2443	19.6020	0
923	13 16 22.886	+17 42 02.34	0.31	3.19	2.47	2.16	19.4448	18.7026	18.3902	17.7260	1
927	13 16 24.069	+17 42 02.42	0.18	83.75	3.78	3.60	99.9999	20.0150	19.8316	19.1805	0
928	13 16 28.635	+17 42 03.92	0.51	4.32	3.49	2.99	20.5752	19.7162	19.2163	18.5116	1
933	13 16 14.560	+17 41 58.29	0.55	3.52	2.71	2.16	19.7720	18.9352	18.3901	17.5638	1
934	13 16 26.202	+17 42 02.19	0.42	83.75	4.38	3.97	99.9999	20.6112	20.1970	19.7083	1
936	13 16 23.888	+17 42 01.05	0.19	4.15	3.52	3.33	20.4058	19.7533	19.5582	19.2963	1
937	13 16 26.687	+17 42 01.98	0.45	3.26	2.70	2.24	19.5100	18.9211	18.4718	17.6368	1
940	13 16 37.370	+17 42 05.19	0.61	3.52	2.77	2.15	19.7739	18.9843	18.3796	17.5281	1
943	13 16 34.525	+17 42 03.52	0.16	83.75	4.03	3.87	99.9999	20.2692	20.1012	19.7508	1
944	13 16 31.051	+17 42 02.03	0.30	83.75	3.67	3.38	99.9999	19.9064	19.6101	19.1776	1
945	13 16 23.599	+17 41 59.06	0.42	4.07	3.26	2.84	20.3205	19.4895	19.0706	18.6362	1
946	13 16 26.600	+17 41 59.70	0.30	83.75	3.51	3.21	99.9999	19.7439	19.4394	18.6636	1
947	13 16 22.946	+17 41 58.27	0.77	4.12	3.79	3.02	20.3724	20.0010	19.2413	18.5713	1
949	13 16 35.136	+17 42 02.38	0.65	3.77	2.92	2.27	20.0195	19.1394	18.5013	17.7778	1
950	13 16 46.229	+17 42 05.64	0.68	1.40	0.52	-0.17	17.6569	16.7306	16.0608	15.2327	1
951	13 16 08.334	+17 41 52.45	0.24	83.75	4.00	3.76	99.9999	20.2352	19.9960	19.4557	1
952	13 16 09.467	+17 41 52.83	0.65	3.35	2.68	2.04	19.6027	18.8979	18.2616	17.4895	1
953	13 16 25.384	+17 41 58.23	0.50	4.01	3.41	2.91	20.2679	19.6311	19.1392	18.3256	1
954	13 16 22.434	+17 41 56.78	0.74	3.05	2.40	1.66	19.2981	18.6100	17.8803	17.0459	1
956	13 16 26.927	+17 41 57.90	0.56	83.75	3.39	2.83	99.9999	19.6097	19.0593	18.3731	1
958	13 16 28.958	+17 41 58.36	0.69	3.72	3.03	2.33	19.9772	19.2399	18.5604	17.7839	1
960	13 16 33.365	+17 41 59.71	-0.00	1.88	0.82	0.82	18.1379	17.0613	17.0520	17.0520	1
961	13 16 23.161	+17 41 56.11	0.50	4.10	3.58	3.08	20.3559	19.8016	19.3115	18.5761	1
965	13 16 21.787	+17 41 54.73	0.52	83.75	4.00	3.48	99.9999	20.2178	19.7055	19.0187	1
966	13 16 22.143	+17 41 54.85	0.87	1.27	0.10	-0.77	17.5203	16.3074	15.4535	14.4341	1
969	13 16 34.549	+17 41 58.15	0.05	1.84	0.69	0.64	18.0974	16.9380	16.8773	16.8304	1
971	13 16 42.206	+17 42 00.53	0.43	83.75	3.85	3.42	99.9999	20.0736	19.6450	19.0369	1
973	13 16 22.297	+17 41 53.39	0.92	1.13	-0.04	-0.97	17.3851	16.1621	15.2572	14.2468	1
981	13 16 22.731	+17 41 52.91	0.30	83.75	3.96	3.67	99.9999	20.1945	19.8970	19.1640	1
983	13 16 39.248	+17 41 58.52	0.52	83.75	4.02	3.50	99.9999	20.2432	19.7251	19.2600	1
985	13 16 08.586	+17 41 47.57	0.63	3.27	2.52	1.89	19.5215	18.7388	18.1185	17.2917	1
986	13 16 35.959	+17 41 56.84	0.48	3.87	3.08	2.60	20.1267	19.3067	18.8287	18.0710	1
988	13 16 38.269	+17 41 56.97	0.10	4.40	4.18	4.08	20.6513	20.4205	20.3166	19.7623	0
990	13 16 27.888	+17 41 52.92	0.53	3.53	2.87	2.34	19.7872	19.0921	18.5715	17.8672	1
991	13 16 29.268	+17 41 53.38	0.06	1.79	0.59	0.53	18.0446	16.8356	16.7634	16.6461	1
993	13 16 26.372	+17 41 52.15	0.67	3.88	3.12	2.44	20.1355	19.3305	18.6701	17.7896	1
995	13 16 24.663	+17 41 51.34	0.67	3.07	2.24	1.57	19.3191	18.4564	17.7927	16.9703	1
996	13 16 25.161	+17 41 51.47	0.68	2.01	1.11	0.42	18.2630	17.3199	16.6499	15.7794	1
997	13 16 41.830	+17 41 57.05	0.39	83.75	4.15	3.77	99.9999	20.3794	19.9960	19.5058	1
998	13 16 12.381	+17 41 46.76	0.27	1.72	0.68	0.41	17.9781	16.9089	16.6411	16.2531	1
1000	13 16 30.372	+17 41 52.85	0.15	83.75	3.48	3.33	99.9999	19.7147	19.5602	18.8066	0
1001	13 16 40.110	+17 41 55.66	0.65	2.93	2.11	1.46	19.1820	18.3259	17.6903	16.8708	1
1004	13 16 32.818	+17 41 52.42	0.55	83.75	4.29	3.74	99.9999	20.5093	19.9694	19.3058	1
1005	13 16 25.347	+17 41 49.72	0.35	83.75	3.87	3.52	99.9999	20.1045	19.7554	19.0522	1
1006	13 16 28.783	+17 41 50.66	0.07	1.76	0.69	0.62	18.0182	16.9282	16.8541	16.7095	1
1007	13 16 25.861	+17 41 49.59	0.19	3.41	2.39	2.20	19.6692	18.6286	18.4333	18.1678	1
1009	13 16 24.051	+17 41 48.93	0.78	1.49	0.50	-0.28	17.7454	16.7087	15.9419	14.9893	1
1010	13 16 23.518	+17 41 48.64	0.67	3.47	2.77	2.11	19.7192	18.9891	18.3330	17.6015	1
1015	13 16 14.357	+17 41 44.51	0.68	2.81	2.00	1.33	19.0631	18.2171	17.5518	16.7341	1
1016	13 16 33.482	+17 41 50.85	0.39	4.75	3.78	3.39	21.0016	20.0072	19.6241	19.3304	1
1018	13 16 19.262	+17 41 45.02	0.34	83.75	3.45	3.11	99.9999	19.6835	19.3441	19.0384	1
1019	13 16 23.408	+17 41 45.99	0.57	83.75	4.18	3.61	99.9999	20.4027	19.8385	19.3142	1
1021	13 16 28.853	+17 41 47.60	0.42	83.75	3.58	3.16	99.9999	19.8034	19.3858	18.7311	1
1022	13 16 34.653	+17 41 49.35	0.50	83.75	4.01	3.51	99.9999	20.2298	19.7356	19.1243	1
1024	13 16 35.191	+17 41 49.38	0.41	4.00	3.71	3.30	20.2562	19.9377	19.5324	18.8898	1
1025	13 16 19.050	+17 41 43.60	-0.80	83.74	2.74	3.54	99.9999	19.0231	19.7884	19.1907	0
1026	13 16 25.587	+17 41 45.72	0.56	83.75	4.37	3.81	99.9999	20.5901	20.0373	19.4195	1
1028	13 16 15.517	+17 41 41.99	0.64	3.84	3.08	2.44	20.0925	19.2922	18.6653	17.7969	1
1029	13 16 30.029	+17 41 47.03	0.61	3.91	3.23	2.63	20.1626	19.4516	18.8523	18.1543	1
1036	13 16 31.586	+17 41 46.90	0.00	83.74	3.86	3.86	99.9999	20.1053	20.0934	19.6092	0
1037	13 16 30.623	+17 41 46.29	0.68	3.07	2.35	1.67	19.3267	18.5670	17.8961	17.0801	1
1038	13 16 27.198	+17 41 44.95	0.49	83.75	3.54	3.05	99.9999	19.7633	19.2760	18.6303	1
1040	13 16 25.163	+17 41 44.01	0.31	83.75	3.65	3.34	99.9999	19.8781	19.5707	18.7909	1
1041	13 16 23.967	+17 41 43.48	0.20	83.75	4.00	3.80	99.9999	20.2342	20.0309	19.4381	1
1046	13 16 26.653	+17 41 43.92	0.42	83.75	4.10	3.69	99.9999	20.3289	19.9152	19.3989	1
1047	13 16 38.729	+17 41 48.07	0.62	2.71	1.90	1.28	18.9629	18.1180	17.5092	16.7030	1
1048	13 16 28.321	+17 41 44.43	0.95	3.14	2.23	1.28	19.3915	18.4321	17.5024	16.6277	1
1051	13 16 29.558	+17 41 44.58	0.71	3.53	2.80	2.09	19.7855	19.0124	18.3150	17.5367	1
1052	13 16 33.555	+17 41 45.70	0.42	83.75	3.85	3.42	99.9999	20.0714	19.6525	18.9954	1
1053	13 16 13.452	+17 41 38.70	0.80	1.55	0.64	-0.16	17.8043	16.8502	16.0653	15.1530	1
1054	13 16 47.214	+17 41 50.28	0.15	83.75	3.71	3.56	99.9999	19.9442	19.7926	19.2626	1
1056	13 16 27.030	+17 41 42.29	0.30	4.81	4.04	3.74	21.0620	20.2725	19.9752	19.3032	1
1059	13 16 27.291	+17 41 42.18	0.43	83.75	3.71	3.28	99.9999	19.9388	19.5136	18.7898	1
1060	13 16 30.460	+17 41 42.89	0.52	83.75	3.93	3.41	99.9999	20.1508	19.6392	19.0208	1
1062	13 16 42.364	+17 41 46.77	0.24	83.75	3.99	3.75	99.9999	20.2285	19.9847	19.3839	1
1063	13 16 34.434	+17 41 43.90	0.62	3.99	3.60	2.98	20.2447	19.8136	19.2065	18.5379	1
1066	13 16 12.517	+17 41 36.11	0.25	83.75	3.74	3.49	99.9999	19.9780	19.7245	19.1484	1
1067	13 16 16.675	+17 41 37.44	0.39	83.75	3.55	3.16	99.9999	19.7798	19.3897	18.7438	1
1070	13 16 37.422	+17 41 44.18	-0.17	83.74	3.79	3.96	99.9999	20.0427	20.2000	19.6544	0
1071	13 16 21.978	+17 41 38.82	0.54	4.60	4.21	3.66	20.8561	20.4273	19.8913	19.3241	1
1072	13 16 35.346	+17 41 43.39	0.01	83.74	4.46	4.46	99.9999	20.7086	20.6910	19.7221	0
1078	13 16 25.270	+17 41 38.89	0.44	3.91	3.36	2.92	20.1659	19.5875	19.1508	18.5521	1
1079	13 16 24.444	+17 41 38.59	0.77	1.66	0.74	-0.03	17.9077	16.9531	16.1953	15.2891	1
1080	13 16 30.756	+17 41 40.63	0.30	83.75	3.77	3.47	99.9999	20.0030	19.6988	19.2311	1
1083	13 16 27.193	+17 41 39.13	-0.04	1.89	0.91	0.95	18.1462	17.1560	17.1828	17.2222	1
1084	13 16 23.306	+17 41 37.75	0.40	4.30	3.82	3.42	20.5508	20.0491	19.6539	18.9900	1
1090	13 16 20.859	+17 41 35.47	0.41	83.75	3.64	3.23	99.9999	19.8636	19.4590	18.9766	1
1092	13 16 25.196	+17 41 36.61	-0.50	3.86	2.47	2.97	20.1164	18.7384	19.2159	18.5898	0
1097	13 16 29.706	+17 41 37.48	0.65	1.81	1.05	0.39	18.0602	17.2639	16.6200	15.7770	1
1098	13 16 28.758	+17 41 37.11	0.56	4.08	3.28	2.72	20.3349	19.4989	18.9427	18.1070	1
1099	13 16 32.118	+17 41 38.23	0.45	3.92	3.53	3.08	20.1779	19.7510	19.3076	18.7165	1
1100	13 16 21.780	+17 41 34.58	0.15	83.75	3.78	3.62	99.9999	20.0138	19.8556	19.3264	1
1106	13 16 25.333	+17 41 34.63	0.32	3.05	2.36	2.05	19.3027	18.5920	18.2764	17.3977	0
1109	13 16 38.935	+17 41 38.93	0.24	83.75	3.70	3.46	99.9999	19.9375	19.6941	19.2625	1
1116	13 16 29.502	+17 41 34.20	0.45	2.74	1.94	1.49	18.9911	18.1634	17.7155	17.0909	1
1117	13 16 24.793	+17 41 32.28	0.27	83.75	3.83	3.55	99.9999	20.0613	19.7854	19.1959	1
1121	13 16 25.938	+17 41 32.48	0.49	3.21	2.48	1.99	19.4594	18.6997	18.2164	17.2792	1
1122	13 16 26.801	+17 41 32.65	0.36	83.75	3.95	3.58	99.9999	20.1772	19.8148	19.1140	1
1123	13 16 15.909	+17 41 28.33	0.86	83.75	4.64	3.78	99.9999	20.8475	20.0067	19.5023	1
1124	13 16 25.291	+17 41 31.51	0.43	83.75	3.89	3.46	99.9999	20.1150	19.6868	18.9463	1
1125	13 16 28.673	+17 41 32.54	0.63	3.67	2.87	2.23	19.9189	19.0821	18.4596	17.7126	1
1128	13 16 37.762	+17 41 35.36	0.46	4.02	3.65	3.19	20.2773	19.8724	19.4207	18.6811	1
1129	13 16 28.171	+17 41 31.65	0.57	83.75	4.48	3.91	99.9999	20.6965	20.1369	19.4088	1
1130	13 16 17.296	+17 41 27.75	0.65	3.66	2.94	2.29	19.9098	19.1558	18.5168	17.7133	1
1132	13 16 12.034	+17 41 25.48	0.76	1.87	0.92	0.16	18.1260	17.1313	16.3895	15.4786	1
1136	13 16 19.157	+17 41 26.77	0.30	4.18	3.72	3.42	20.4314	19.9489	19.6500	19.1495	1
1139	13 16 18.609	+17 41 26.13	-0.64	83.74	3.00	3.64	99.9999	19.2779	19.8845	19.0951	0
1140	13 16 18.133	+17 41 25.81	0.33	83.75	4.33	3.99	99.9999	20.5555	20.2243	19.3965	0
1141	13 16 30.780	+17 41 30.16	0.33	4.84	4.16	3.82	21.0950	20.3878	20.0539	19.4278	1
1142	13 16 24.680	+17 41 27.52	0.28	83.75	3.64	3.36	99.9999	19.8773	19.5940	99.9999	1
1144	13 16 24.473	+17 41 27.38	0.46	4.14	3.63	3.18	20.3957	19.8592	19.4051	18.7242	1
1147	13 16 42.014	+17 41 32.66	0.58	3.98	3.29	2.71	20.2295	19.5063	18.9369	18.1597	1
1149	13 16 14.967	+17 41 23.16	0.47	4.41	4.35	3.88	20.6639	20.5742	20.1093	19.6143	1
1151	13 16 27.971	+17 41 27.40	0.83	4.37	4.25	3.42	20.6191	20.4601	19.6473	19.1326	1
1152	13 16 39.951	+17 41 31.23	0.75	83.75	4.70	3.95	99.9999	20.9137	20.1734	19.7509	1
1155	13 16 25.363	+17 41 25.78	0.68	3.64	2.94	2.26	19.8911	19.1505	18.4837	17.6758	1
1156	13 16 32.280	+17 41 28.02	0.60	3.26	2.57	1.97	19.5098	18.7925	18.2006	17.3927	1
1158	13 16 30.184	+17 41 27.15	0.31	83.75	3.33	3.03	99.9999	19.5638	19.2574	99.9999	1
1159	13 16 18.857	+17 41 23.14	0.12	3.71	2.74	2.62	19.9611	18.9785	18.8533	18.6223	1
1160	13 16 33.952	+17 41 28.20	0.43	3.59	2.81	2.38	19.8410	19.0357	18.6102	17.9473	1
1161	13 16 26.431	+17 41 25.39	0.27	3.90	3.26	2.99	20.1588	19.4940	19.2240	18.7062	1
1165	13 16 24.912	+17 41 24.30	0.73	3.67	3.12	2.39	19.9257	19.3343	18.6201	17.8681	1
1166	13 16 15.958	+17 41 21.07	0.47	3.58	3.05	2.58	19.8354	19.2749	18.8075	18.1283	1
1171	13 16 27.037	+17 41 24.26	0.60	83.75	3.60	3.00	99.9999	19.8157	19.2253	18.4419	1
1173	13 16 35.689	+17 41 27.08	0.31	83.75	3.72	3.41	99.9999	19.9533	19.6411	18.9955	1
1174	13 16 17.733	+17 41 20.65	0.39	83.75	4.20	3.81	99.9999	20.4255	20.0412	19.3881	1
1175	13 16 31.244	+17 41 24.46	0.55	3.68	2.92	2.37	19.9336	19.1415	18.5964	17.8681	1
1176	13 16 19.849	+17 41 20.40	-0.05	1.90	0.94	0.99	18.1530	17.1885	17.2259	17.2467	1
1179	13 16 31.530	+17 41 23.42	0.55	3.77	3.12	2.57	20.0231	19.3401	18.8010	18.0626	1
1183	13 16 34.483	+17 41 22.30	0.72	2.26	1.44	0.72	18.5156	17.6501	16.9457	16.1044	1
1185	13 16 27.934	+17 41 19.68	0.62	3.81	3.18	2.56	20.0617	19.4003	18.7908	18.0436	1
1186	13 16 23.318	+17 41 17.74	0.67	3.04	2.33	1.67	19.2899	18.5502	17.8950	17.0526	1
1187	13 16 39.352	+17 41 23.15	0.11	1.74	0.57	0.46	17.9925	16.8097	16.6973	16.5424	1
1188	13 16 20.703	+17 41 16.71	0.06	1.85	0.70	0.64	18.1061	16.9451	16.8762	16.7762	1
1189	13 16 20.907	+17 41 16.52	0.18	83.75	3.78	3.60	99.9999	20.0151	19.8326	19.3871	1
1194	13 16 42.213	+17 41 21.62	0.34	83.75	3.54	3.19	99.9999	19.7670	19.4248	18.9779	1
1198	13 16 17.926	+17 41 12.39	0.65	3.77	3.19	2.55	20.0185	19.4101	18.7746	17.9936	1
1200	13 16 12.971	+17 41 10.49	0.54	83.75	3.48	2.94	99.9999	19.7023	19.1707	18.4328	1
1202	13 16 27.448	+17 41 15.12	0.52	83.75	3.65	3.13	99.9999	19.8759	19.3606	18.8132	1
1203	13 16 31.251	+17 41 16.23	0.67	2.40	1.51	0.84	18.6567	17.7290	17.0675	16.2070	1
1207	13 16 25.460	+17 41 13.68	0.64	4.47	3.86	3.22	20.7230	20.0747	19.4441	18.7453	1
1209	13 16 22.228	+17 41 12.31	0.40	83.75	4.34	3.93	99.9999	20.5634	20.1625	19.7098	1
1210	13 16 26.784	+17 41 13.30	0.45	83.75	4.15	3.70	99.9999	20.3780	19.9312	19.4608	1
1212	13 16 28.735	+17 41 13.34	0.52	3.81	3.04	2.53	20.0587	19.2668	18.7557	17.9516	1
1213	13 16 28.413	+17 41 13.22	0.22	83.75	3.59	3.37	99.9999	19.8282	19.6063	18.8939	0
1216	13 16 15.659	+17 41 08.19	0.15	83.75	3.89	3.75	99.9999	20.1332	19.9822	19.2560	0
1218	13 16 27.878	+17 41 12.30	0.39	4.06	3.79	3.40	20.3113	20.0171	19.6256	19.0576	1
1220	13 16 25.982	+17 41 10.96	0.13	4.23	3.66	3.53	20.4821	19.8963	19.7615	19.1579	0
1222	13 16 11.826	+17 41 05.93	0.67	1.62	0.74	0.07	17.8705	16.9525	16.2980	15.4966	1
1223	13 16 32.200	+17 41 12.78	0.55	4.41	4.19	3.64	20.6677	20.4078	19.8632	19.1700	1
1225	13 16 25.110	+17 41 09.92	0.58	3.13	2.46	1.88	19.3823	18.6771	18.1051	17.4730	1
1226	13 16 30.244	+17 41 11.32	0.27	83.75	3.91	3.64	99.9999	20.1478	19.8745	19.4124	1
1227	13 16 17.517	+17 41 06.71	0.52	3.69	3.22	2.70	19.9410	19.4425	18.9244	18.0973	1
1229	13 16 30.716	+17 41 11.03	0.25	83.75	4.02	3.77	99.9999	20.2517	20.0043	19.5138	1
1230	13 16 35.968	+17 41 12.73	1.04	0.83	-0.62	-1.66	17.0818	15.5794	14.5637	13.4473	1
1235	13 16 25.606	+17 41 08.71	0.07	83.75	4.13	4.06	99.9999	20.3723	20.2900	19.8601	1
1236	13 16 27.956	+17 41 09.46	0.43	4.20	3.66	3.24	20.4540	19.8908	19.4682	18.8055	1
1237	13 16 23.857	+17 41 07.99	0.68	3.25	2.57	1.89	19.5014	18.7871	18.1198	17.3607	1
1238	13 16 15.989	+17 41 05.24	0.52	3.87	3.15	2.63	20.1248	19.3701	18.8596	18.0801	1
1241	13 16 20.752	+17 41 05.91	0.92	1.05	-0.19	-1.10	17.3004	16.0176	15.1211	14.0810	1
1242	13 16 31.906	+17 41 09.73	0.41	1.70	0.81	0.40	17.9582	17.0340	16.6316	16.0294	1
1244	13 16 14.332	+17 41 03.56	0.64	3.30	2.46	1.82	19.5565	18.6733	18.0449	17.2459	1
1246	13 16 24.540	+17 41 07.03	0.81	1.60	0.57	-0.25	17.8565	16.7773	15.9784	15.0623	1
1247	13 16 29.305	+17 41 08.62	0.56	83.75	3.61	3.05	99.9999	19.8343	19.2780	18.5850	1
1248	13 16 19.377	+17 41 05.11	0.68	2.85	2.08	1.40	19.1021	18.2903	17.6223	16.8157	1
1250	13 16 41.802	+17 41 12.18	0.14	1.69	0.54	0.40	17.9466	16.7836	16.6375	16.4053	1
1252	13 16 30.061	+17 41 06.60	0.49	83.75	3.91	3.42	99.9999	20.1330	19.6523	19.1926	1
1255	13 16 28.781	+17 41 05.64	0.75	1.14	0.08	-0.67	17.3877	16.2893	15.5512	14.6141	1
1256	13 16 27.451	+17 41 04.87	0.53	4.04	3.06	2.53	20.2952	19.2802	18.7538	18.0429	1
1258	13 16 21.728	+17 41 02.68	0.47	4.24	3.83	3.36	20.4957	20.0559	19.5939	19.0310	1
1260	13 16 34.193	+17 41 06.43	0.52	83.75	3.98	3.45	99.9999	20.1991	19.6808	19.1752	1
1262	13 16 15.228	+17 40 59.13	0.00	83.74	3.99	3.98	99.9999	20.2325	20.2184	19.3533	0
1263	13 16 32.550	+17 41 05.13	0.47	4.16	3.38	2.92	20.4162	19.6060	19.1445	18.5179	1
1265	13 16 35.604	+17 41 05.48	0.69	83.75	4.29	3.60	99.9999	20.5054	19.8237	19.4528	1
1267	13 16 26.996	+17 41 02.20	0.79	83.75	4.46	3.67	99.9999	20.6720	19.8920	19.3545	1
1268	13 16 26.723	+17 41 01.59	1.16	0.63	-1.04	-2.20	16.8842	15.1498	14.0173	12.8111	1
1270	13 16 16.804	+17 40 57.86	0.55	4.34	3.77	3.22	20.5943	19.9936	19.4463	18.9546	1
1274	13 16 23.791	+17 40 59.71	0.28	83.75	4.07	3.79	99.9999	20.3047	20.0213	19.5367	1
1275	13 16 14.315	+17 40 56.37	0.35	2.89	4.06	3.71	19.1402	20.2945	19.9456	19.4041	1
1277	13 16 35.997	+17 41 03.60	0.71	3.51	2.91	2.20	19.7641	19.1199	18.4256	17.6893	1
1278	13 16 31.409	+17 41 01.99	0.46	83.75	3.56	3.10	99.9999	19.7814	19.3277	18.8076	1
1279	13 16 42.365	+17 41 05.37	0.33	83.75	4.32	3.99	99.9999	20.5473	20.2180	19.9419	1
1282	13 16 21.187	+17 40 57.45	0.37	83.75	4.17	3.81	99.9999	20.4004	20.0358	19.6633	1
1283	13 16 21.776	+17 40 57.32	0.60	4.34	3.68	3.08	20.5906	19.8943	19.3052	18.5907	1
1287	13 16 15.494	+17 40 53.27	0.70	2.86	2.14	1.44	19.1136	18.3545	17.6663	16.8568	1
1290	13 16 16.777	+17 40 52.86	0.25	4.37	3.79	3.54	20.6230	20.0220	19.7685	19.2635	1
1292	13 16 27.903	+17 40 56.12	0.02	83.74	3.59	3.57	99.9999	19.8384	19.8094	19.2532	0
1294	13 16 17.835	+17 40 51.92	0.16	83.75	3.47	3.31	99.9999	19.7069	19.5434	19.1512	1
1295	13 16 17.331	+17 40 51.65	0.56	4.15	3.55	2.99	20.4078	19.7745	19.2220	18.5353	1
1300	13 16 36.362	+17 40 56.44	0.40	83.75	3.99	3.59	99.9999	20.2130	19.8203	19.3329	1
1304	13 16 30.547	+17 40 52.89	0.29	83.75	3.85	3.56	99.9999	20.0839	19.7891	19.1010	1
1305	13 16 20.433	+17 40 48.84	0.05	83.75	4.17	4.11	99.9999	20.4081	20.3469	19.7551	0
1308	13 16 39.175	+17 40 54.71	0.49	83.75	4.06	3.57	99.9999	20.2812	19.7973	19.2453	1
1311	13 16 28.827	+17 40 50.93	0.45	4.23	3.63	3.18	20.4869	19.8513	19.4080	18.9314	1
1316	13 16 21.848	+17 40 47.90	0.61	83.75	3.14	2.53	99.9999	19.3544	18.7543	18.0021	1
1317	13 16 34.591	+17 40 51.93	0.16	4.31	3.70	3.54	20.5609	19.9412	19.7775	19.0246	0
1318	13 16 35.289	+17 40 52.15	0.64	2.69	1.89	1.25	18.9435	18.1043	17.4716	16.6371	1
1319	13 16 30.343	+17 40 50.21	0.66	2.94	2.24	1.58	19.1917	18.4539	17.8088	17.0410	1
1322	13 16 38.210	+17 40 51.73	1.01	1.13	-0.29	-1.30	17.3836	15.9086	14.9225	13.8106	1
1323	13 16 31.245	+17 40 49.25	0.47	3.82	3.12	2.65	20.0710	19.3419	18.8779	18.3385	1
1324	13 16 32.808	+17 40 49.68	0.28	83.75	4.02	3.74	99.9999	20.2567	19.9733	19.3974	1
1325	13 16 17.342	+17 40 44.23	0.20	83.75	3.86	3.66	99.9999	20.0982	19.8940	19.3747	1
1326	13 16 20.573	+17 40 45.02	0.43	83.75	3.98	3.55	99.9999	20.2040	19.7760	19.1537	1
1329	13 16 33.402	+17 40 48.62	0.81	3.85	3.04	2.23	20.1029	19.2475	18.4543	17.6275	1
1330	13 16 23.794	+17 40 45.03	0.55	2.92	2.18	1.63	19.1767	18.4049	17.8609	17.0923	1
1331	13 16 24.534	+17 40 45.22	0.66	2.86	1.94	1.28	19.1117	18.1520	17.5067	16.6645	1
1332	13 16 20.358	+17 40 43.60	0.66	3.92	3.25	2.59	20.1707	19.4689	18.8187	18.0861	1
1333	13 16 15.532	+17 40 41.82	0.29	83.75	3.71	3.42	99.9999	19.9401	19.6512	19.1952	1
1334	13 16 28.133	+17 40 45.99	0.28	83.75	3.55	3.27	99.9999	19.7860	19.5007	18.8534	1
1336	13 16 15.776	+17 40 41.28	0.60	3.22	2.52	1.92	19.4765	18.7395	18.1511	17.3658	1
1337	13 16 43.531	+17 40 50.74	0.27	83.75	4.09	3.81	99.9999	20.3203	20.0444	19.4917	1
1338	13 16 32.860	+17 40 46.96	0.80	83.75	3.67	2.86	99.9999	19.8765	19.0878	18.3326	1
1340	13 16 34.948	+17 40 47.10	0.52	83.75	3.64	3.12	99.9999	19.8599	19.3451	18.6957	1
1343	13 16 31.590	+17 40 45.57	0.53	83.75	3.90	3.37	99.9999	20.1206	19.5937	18.9721	1
1345	13 16 36.311	+17 40 46.42	0.74	1.20	0.15	-0.59	17.4531	16.3626	15.6339	14.7157	1
1348	13 16 23.256	+17 40 41.72	0.57	3.80	3.07	2.51	20.0541	19.2926	18.7344	17.9376	1
1349	13 16 19.506	+17 40 40.21	0.68	2.57	1.67	0.99	18.8181	17.8805	17.2152	16.4138	1
1350	13 16 22.850	+17 40 41.36	0.60	83.75	4.03	3.43	99.9999	20.2485	19.6537	19.0742	1
1351	13 16 21.772	+17 40 40.67	0.37	83.75	3.86	3.49	99.9999	20.0866	19.7170	19.1378	1
1357	13 16 07.337	+17 40 34.32	0.44	83.75	3.97	3.53	99.9999	20.1964	19.7612	19.1524	1
1360	13 16 28.233	+17 40 40.76	0.61	4.10	3.32	2.71	20.3492	19.5384	18.9414	18.1782	1
1361	13 16 26.802	+17 40 39.53	0.14	83.75	3.43	3.29	99.9999	19.6658	19.5215	19.4653	1
1364	13 16 26.794	+17 40 38.59	-0.03	3.98	3.30	3.33	20.2346	19.5423	19.5643	18.7625	0
1365	13 16 13.756	+17 40 33.92	0.50	4.16	3.84	3.34	20.4148	20.0609	19.5653	18.9877	1
1366	13 16 30.005	+17 40 39.27	0.43	83.75	4.00	3.58	99.9999	20.2297	19.8070	19.2911	1
1370	13 16 23.054	+17 40 36.19	0.48	3.59	3.06	2.58	19.8416	19.2829	18.8060	99.9999	1
1371	13 16 30.267	+17 40 38.48	0.55	83.75	3.87	3.32	99.9999	20.0881	19.5478	18.6818	1
1372	13 16 32.200	+17 40 38.76	0.50	4.23	3.51	3.01	20.4801	19.7298	19.2362	18.5363	1
1375	13 16 14.775	+17 40 32.23	0.58	83.75	3.77	3.20	99.9999	19.9941	19.4234	18.9144	1
1376	13 16 34.014	+17 40 38.64	0.24	83.75	4.32	4.07	99.9999	20.5516	20.3053	19.8166	1
1377	13 16 36.337	+17 40 39.44	-0.12	83.74	3.63	3.75	99.9999	19.8776	19.9837	19.2481	0
1378	13 16 21.493	+17 40 34.29	0.18	83.75	3.81	3.63	99.9999	20.0493	19.8619	19.3010	1
1379	13 16 40.711	+17 40 40.74	0.51	4.48	4.00	3.49	20.7309	20.2213	19.7192	19.3508	1
1380	13 16 29.160	+17 40 36.74	0.39	83.75	3.57	3.19	99.9999	19.8013	19.4184	18.5896	1
1382	13 16 41.609	+17 40 40.26	0.41	4.18	3.52	3.11	20.4337	19.7488	19.3423	18.6293	1
1383	13 16 21.814	+17 40 33.10	0.69	2.66	1.85	1.16	18.9110	18.0658	17.3832	16.5290	1
1387	13 16 17.020	+17 40 29.93	0.22	83.75	3.77	3.56	99.9999	20.0092	19.7893	19.1354	1
1389	13 16 22.303	+17 40 31.65	0.04	1.87	0.73	0.69	18.1258	16.9726	16.9211	16.8562	1
1390	13 16 26.207	+17 40 32.77	0.56	3.74	3.02	2.46	19.9888	19.2391	18.6862	17.9254	1
1392	13 16 14.493	+17 40 28.01	0.65	2.84	2.05	1.40	19.0888	18.2670	17.6286	16.7987	1
1393	13 16 30.346	+17 40 33.49	-0.04	83.74	3.20	3.24	99.9999	19.4470	19.4749	19.1140	0
1394	13 16 15.081	+17 40 28.14	0.40	83.75	4.16	3.76	99.9999	20.3905	19.9890	19.3767	1
1395	13 16 17.288	+17 40 28.87	0.42	83.75	3.84	3.41	99.9999	20.0646	19.6439	19.4405	1
1398	13 16 21.814	+17 40 29.72	-0.06	4.40	3.78	3.84	20.6536	20.0276	20.0805	19.3964	0
1399	13 16 32.048	+17 40 33.20	0.40	83.75	3.72	3.32	99.9999	19.9465	19.5450	18.8730	1
1400	13 16 25.368	+17 40 30.76	0.46	3.74	2.91	2.46	19.9982	19.1382	18.6874	17.9044	1
1403	13 16 28.396	+17 40 30.93	0.62	3.90	3.21	2.59	20.1565	19.4275	18.8159	18.0503	1
1405	13 16 16.097	+17 40 26.40	0.59	4.02	3.33	2.74	20.2696	19.5521	18.9717	18.1955	1
1406	13 16 34.084	+17 40 32.47	0.22	83.75	3.95	3.73	99.9999	20.1883	19.9653	19.4249	1
1407	13 16 29.320	+17 40 29.26	0.83	83.75	4.62	3.79	99.9999	20.8259	20.0150	19.6004	1
1409	13 16 31.115	+17 40 29.51	0.05	83.75	3.66	3.61	99.9999	19.9048	19.8485	19.3342	0
1410	13 16 37.036	+17 40 31.11	0.51	2.22	1.44	0.93	18.4704	17.6617	17.1585	16.3889	1
1411	13 16 31.585	+17 40 29.05	0.07	83.75	3.37	3.29	99.9999	19.6092	19.5275	18.9459	0
1412	13 16 10.426	+17 40 20.94	0.13	83.75	3.84	3.70	99.9999	20.0745	19.9354	19.3779	0
1415	13 16 21.923	+17 40 24.14	0.71	2.01	1.11	0.40	18.2640	17.3191	16.6213	15.7298	1
1416	13 16 42.884	+17 40 31.20	0.45	83.75	3.99	3.53	99.9999	20.2112	19.7617	19.1221	1
1418	13 16 35.865	+17 40 28.52	0.59	3.56	2.81	2.22	19.8179	19.0263	18.4459	17.7043	1
1419	13 16 26.801	+17 40 25.31	0.77	1.63	0.64	-0.14	17.8828	16.8460	16.0875	15.1557	1
1422	13 16 20.014	+17 40 22.30	0.48	83.75	3.97	3.50	99.9999	20.1979	19.7253	19.1942	1
1424	13 16 26.256	+17 40 24.43	0.32	4.29	3.71	3.39	20.5437	19.9369	19.6168	19.0655	1
1425	13 16 32.027	+17 40 26.14	0.33	83.75	3.94	3.60	99.9999	20.1676	19.8338	19.3324	1
1430	13 16 22.895	+17 40 20.72	0.18	4.17	3.58	3.40	20.4207	19.8130	19.6312	18.9655	0
1433	13 16 26.468	+17 40 21.10	0.44	4.39	4.08	3.64	20.6482	20.3025	19.8674	19.1716	1
1435	13 16 40.321	+17 40 25.25	0.81	1.30	0.26	-0.55	17.5557	16.4728	15.6777	14.7068	1
1436	13 16 24.189	+17 40 19.61	0.67	2.31	1.49	0.82	18.5614	17.7075	17.0475	16.1969	1
1437	13 16 28.268	+17 40 20.52	0.65	2.80	2.03	1.38	19.0498	18.2463	17.6081	16.7480	1
1440	13 16 35.419	+17 40 21.70	0.13	1.78	0.62	0.49	18.0297	16.8568	16.7251	16.5050	1
1443	13 16 20.251	+17 40 16.13	0.17	1.83	0.70	0.53	18.0803	16.9371	16.7673	16.5520	1
1446	13 16 30.918	+17 40 19.67	0.73	2.42	1.60	0.87	18.6699	17.8127	17.0949	16.2562	1
1447	13 16 34.255	+17 40 20.08	0.74	1.91	0.92	0.19	18.1578	17.1365	16.4110	15.5185	1
1448	13 16 16.062	+17 40 13.60	-0.18	83.74	3.71	3.89	99.9999	19.9601	20.1265	19.5892	0
1451	13 16 32.046	+17 40 17.94	0.35	4.02	3.65	3.30	20.2729	19.8775	19.5285	18.9177	1
1453	13 16 24.741	+17 40 15.15	0.46	4.35	3.51	3.05	20.5992	19.7305	19.2797	18.4947	1
1457	13 16 36.896	+17 40 17.65	0.57	3.97	3.33	2.76	20.2224	19.5506	18.9857	18.2289	1
1460	13 16 26.143	+17 40 12.61	0.30	83.75	3.80	3.50	99.9999	20.0335	19.7285	19.1290	1
1461	13 16 02.913	+17 40 04.39	0.42	4.43	4.29	3.87	20.6852	20.5162	20.1035	19.6356	1
1462	13 16 12.906	+17 40 07.74	0.62	3.91	3.39	2.78	20.1670	19.6114	19.0035	18.3180	1
1463	13 16 10.482	+17 40 06.67	0.60	2.93	2.14	1.54	19.1857	18.3615	17.7669	16.9268	1
1464	13 16 18.649	+17 40 09.36	0.43	83.75	3.76	3.34	99.9999	19.9894	19.5666	19.0354	1
1466	13 16 27.012	+17 40 11.12	0.45	83.75	4.31	3.87	99.9999	20.5377	20.0965	19.5283	1
1470	13 16 02.555	+17 40 00.72	0.56	83.75	4.19	3.63	99.9999	20.4132	19.8572	19.3842	1
1472	13 16 29.884	+17 40 09.57	0.69	3.96	3.34	2.65	20.2134	19.5532	18.8757	18.1897	1
1473	13 16 26.465	+17 40 07.59	0.95	0.76	-0.58	-1.53	17.0118	15.6208	14.6935	13.6186	1
1474	13 16 35.934	+17 40 10.60	0.65	3.83	3.19	2.54	20.0780	19.4105	18.7707	17.9770	1
1475	13 16 00.063	+17 39 57.09	0.45	3.75	3.20	2.75	20.0068	19.4236	18.9824	18.0937	1
1477	13 16 27.988	+17 40 06.20	0.60	3.39	2.69	2.09	19.6463	18.9073	18.3184	17.5085	1
1478	13 16 26.359	+17 40 05.57	0.69	2.53	1.82	1.13	18.7814	18.0344	17.3560	16.5236	1
1481	13 16 35.658	+17 40 08.47	0.07	83.75	3.75	3.68	99.9999	19.9878	19.9147	19.3948	0
1482	13 16 24.954	+17 40 04.78	0.32	83.75	3.77	3.45	99.9999	19.9978	19.6795	19.2178	1
1483	13 16 17.536	+17 40 02.09	0.59	83.75	4.09	3.51	99.9999	20.3116	19.7324	19.2064	1
1486	13 16 21.203	+17 40 01.62	0.58	3.72	3.11	2.53	19.9776	19.3281	18.7535	17.9994	1
1490	13 16 10.564	+17 39 57.12	0.60	4.11	3.36	2.76	20.3587	19.5749	18.9841	18.2536	1
1491	13 16 26.872	+17 40 02.60	0.47	4.10	3.55	3.08	20.3515	19.7772	19.3118	18.6463	1
1492	13 16 20.215	+17 40 00.21	0.28	83.75	3.92	3.64	99.9999	20.1547	19.8723	19.3225	1
1494	13 16 21.965	+17 40 00.01	0.75	1.87	0.90	0.16	18.1220	17.1152	16.3818	15.4615	1
1496	13 16 35.397	+17 40 03.67	0.55	1.62	0.81	0.26	17.8766	17.0306	16.4892	15.7751	1
1498	13 16 10.603	+17 39 54.45	0.51	3.97	3.38	2.88	20.2199	19.6066	19.1038	18.3154	1
1499	13 16 29.601	+17 40 00.94	0.73	2.04	1.16	0.43	18.2901	17.3678	16.6523	15.7777	1
1500	13 16 24.544	+17 39 59.03	0.47	3.75	3.03	2.56	20.0038	19.2535	18.7858	18.0494	1
1507	13 16 33.211	+17 40 00.38	0.34	4.07	3.62	3.27	20.3243	19.8451	19.5034	18.8155	1
1508	13 16 40.087	+17 40 02.54	0.11	83.75	3.85	3.75	99.9999	20.0920	19.9804	19.2653	0
1510	13 16 42.898	+17 40 02.96	0.12	4.43	3.61	3.50	20.6812	19.8526	19.7305	19.0925	0
1514	13 16 23.613	+17 39 55.61	0.62	3.07	2.31	1.69	19.3268	18.5292	17.9157	17.1126	1
1518	13 16 28.034	+17 39 56.31	0.24	1.70	0.75	0.51	17.9542	16.9884	16.7461	16.1117	1
1523	13 16 23.278	+17 39 52.95	0.44	83.75	3.95	3.51	99.9999	20.1713	19.7376	19.1144	1
1524	13 16 12.194	+17 39 49.05	0.34	4.87	4.44	4.10	21.1202	20.6710	20.3309	19.7791	1
1526	13 16 26.906	+17 39 53.65	0.65	3.14	2.36	1.71	19.3889	18.5807	17.9383	17.1566	1
1529	13 16 06.654	+17 39 45.76	0.66	2.68	1.86	1.21	18.9308	18.0801	17.4327	16.6104	1
1530	13 16 28.040	+17 39 53.18	0.65	2.26	1.35	0.70	18.5118	17.5645	16.9219	16.0505	1
1531	13 16 21.221	+17 39 49.91	0.10	1.80	0.65	0.56	18.0585	16.8959	16.7903	16.6420	1
1532	13 16 24.514	+17 39 49.96	0.96	0.92	-0.42	-1.38	17.1755	15.7830	14.8412	13.7599	1
1533	13 16 21.112	+17 39 47.83	0.15	83.75	3.76	3.61	99.9999	19.9994	19.8435	19.3296	1
1534	13 16 37.792	+17 39 53.33	0.70	83.75	4.08	3.39	99.9999	20.2955	19.6123	19.0469	1
1537	13 16 44.322	+17 39 55.19	0.54	4.46	4.30	3.76	20.7127	20.5202	19.9854	19.6756	1
1538	13 16 36.847	+17 39 51.95	0.23	83.75	3.56	3.33	99.9999	19.7988	19.5674	19.0992	1
1545	13 16 29.785	+17 39 47.48	-0.01	83.74	3.80	3.81	99.9999	20.0414	20.0448	19.3803	0
1548	13 16 49.218	+17 39 53.67	0.69	2.22	1.34	0.65	18.4746	17.5579	16.8787	15.9840	1
1550	13 16 19.411	+17 39 43.19	0.61	3.99	3.43	2.81	20.2440	19.6427	19.0401	18.2059	1
1551	13 16 23.281	+17 39 44.29	0.49	1.66	0.85	0.35	17.9173	17.0704	16.5823	15.8788	1
1552	13 16 28.481	+17 39 45.97	0.56	4.30	3.92	3.36	20.5536	20.1373	19.5833	19.0326	1
1553	13 16 39.510	+17 39 49.40	0.74	3.78	3.10	2.37	20.0354	19.3151	18.5904	17.8279	1
1556	13 16 08.400	+17 39 37.04	0.52	1.66	0.85	0.33	17.9096	17.0687	16.5577	15.9283	1
1558	13 16 30.448	+17 39 44.27	0.35	4.34	3.86	3.51	20.5946	20.0903	19.7450	19.2939	1
1560	13 16 47.422	+17 39 47.85	0.56	83.75	4.19	3.63	99.9999	20.4100	19.8580	19.3322	1
1561	13 16 26.764	+17 39 40.72	0.47	83.75	3.45	2.98	99.9999	19.6714	19.2069	18.4638	1
1562	13 16 21.467	+17 39 38.81	0.25	83.75	3.89	3.64	99.9999	20.1271	19.8723	19.3712	1
1563	13 16 05.086	+17 39 32.79	0.48	83.75	3.71	3.24	99.9999	19.9344	19.4644	18.9234	1
1564	13 16 39.399	+17 39 44.26	0.43	4.07	3.61	3.18	20.3247	19.8347	19.4114	18.6732	1
1567	13 16 28.090	+17 39 39.77	0.56	3.69	2.98	2.41	19.9454	19.1956	18.6401	17.8249	1
1568	13 16 25.220	+17 39 37.68	0.52	4.09	3.58	3.06	20.3425	19.8013	19.2890	18.6470	1
1569	13 16 17.933	+17 39 31.63	0.29	83.75	3.77	3.48	99.9999	19.9990	19.7099	19.0894	1
1570	13 16 38.510	+17 39 37.98	0.57	3.36	2.66	2.08	19.6095	18.8764	18.3106	17.5456	1
1571	13 16 14.047	+17 39 29.08	0.41	4.21	3.82	3.41	20.4681	20.0488	19.6417	18.9076	1
1573	13 16 35.621	+17 39 35.39	0.66	4.16	3.65	2.99	20.4170	19.8677	19.2188	18.6209	1
1574	13 16 23.671	+17 39 30.69	0.62	3.33	2.53	1.92	19.5813	18.7487	18.1430	17.3491	1
1576	13 16 24.406	+17 39 30.08	0.52	83.75	3.98	3.45	99.9999	20.1980	19.6832	19.3145	1
1581	13 16 28.464	+17 39 29.34	0.61	2.57	1.87	1.26	18.8259	18.0832	17.4832	16.6992	1
1582	13 16 52.309	+17 39 37.37	0.53	83.75	4.18	3.65	99.9999	20.4056	19.8792	19.2635	1
1583	13 16 27.055	+17 39 28.54	0.75	2.10	1.23	0.48	18.3548	17.4458	16.7082	15.8399	1
1586	13 16 19.110	+17 39 23.78	0.25	4.36	3.66	3.40	20.6124	19.8913	19.6353	19.1423	1
1588	13 16 28.232	+17 39 26.33	0.17	83.75	4.13	3.95	99.9999	20.3637	20.1861	19.6659	1
1589	13 16 17.759	+17 39 22.57	0.58	83.75	4.00	3.43	99.9999	20.2199	19.6525	19.1866	1
1591	13 16 30.311	+17 39 25.88	0.65	4.53	4.02	3.37	20.7858	20.2331	19.5950	19.0086	1
1592	13 16 27.638	+17 39 24.43	0.50	4.31	3.74	3.25	20.5658	19.9672	19.4769	18.8658	1
1593	13 16 29.699	+17 39 23.68	0.42	4.24	3.88	3.46	20.4962	20.1073	19.6922	19.1713	1
1594	13 16 19.151	+17 39 19.81	0.68	2.89	2.21	1.53	19.1451	18.4223	17.7564	16.9673	1
1595	13 16 20.670	+17 39 19.88	0.25	83.75	3.94	3.70	99.9999	20.1784	19.9304	19.4640	1
1599	13 16 22.825	+17 39 11.90	0.67	2.75	1.97	1.30	18.9996	18.1822	17.5273	16.7326	1
1600	13 16 27.036	+17 39 13.33	0.47	4.02	3.70	3.23	20.2717	19.9241	19.4605	18.9976	1
1601	13 16 21.531	+17 39 10.83	-0.12	83.74	4.07	4.19	99.9999	20.3185	20.4260	19.6330	0
1604	13 16 22.815	+17 39 07.39	0.77	1.25	0.26	-0.50	17.4975	16.4729	15.7204	14.7956	1
1605	13 16 18.193	+17 39 05.66	0.82	0.95	-0.18	-1.00	17.2066	16.0286	15.2217	14.2311	1
1608	13 16 21.342	+17 39 04.66	0.54	3.32	2.63	2.08	19.5716	18.8477	18.3108	17.4630	1
1609	13 16 28.749	+17 39 05.84	0.17	83.75	3.68	3.51	99.9999	19.9193	19.7417	19.2116	1
1613	13 16 30.995	+17 39 04.11	0.18	83.75	3.97	3.80	99.9999	20.2099	20.0292	19.2857	0
1614	13 16 45.432	+17 39 08.97	0.37	83.75	3.89	3.51	99.9999	20.1168	19.7441	19.2395	1
1616	13 16 14.918	+17 38 56.84	0.49	4.31	3.67	3.17	20.5647	19.8902	19.4010	18.7343	1
1617	13 16 19.748	+17 38 58.52	0.59	2.82	2.08	1.49	19.0701	18.2975	17.7196	16.9116	1
1618	13 16 26.478	+17 39 00.75	0.21	4.53	3.78	3.57	20.7870	20.0198	19.8050	19.2497	1
1619	13 16 24.878	+17 39 00.15	0.70	2.24	1.41	0.71	18.4931	17.6245	16.9338	16.0676	1
1623	13 16 24.698	+17 38 58.74	-0.07	83.74	3.53	3.60	99.9999	19.7815	19.8364	19.0972	0
1626	13 16 12.242	+17 38 53.57	0.62	3.56	2.82	2.20	19.8153	19.0366	18.4222	17.6049	1
1627	13 16 28.659	+17 38 58.60	0.23	83.75	4.04	3.81	99.9999	20.2730	20.0381	19.3710	1
1628	13 16 50.639	+17 39 05.79	0.57	3.67	2.95	2.38	19.9228	19.1652	18.6028	17.8264	1
1629	13 16 11.308	+17 38 51.73	0.50	83.75	4.39	3.89	99.9999	20.6118	20.1170	19.7935	1
1631	13 16 34.917	+17 38 58.14	0.61	3.82	3.14	2.53	20.0726	19.3595	18.7584	17.9726	1
1638	13 16 21.836	+17 38 50.30	0.31	4.08	3.72	3.41	20.3366	19.9470	19.6416	18.9831	1
1639	13 16 22.151	+17 38 50.09	0.87	1.12	-0.08	-0.94	17.3747	16.1297	15.2795	14.2523	1
1641	13 16 21.066	+17 38 48.48	0.30	83.75	4.34	4.04	99.9999	20.5749	20.2710	19.6293	1
1642	13 16 25.395	+17 38 49.46	0.48	4.14	3.61	3.13	20.3973	19.8318	19.3549	18.6921	1
1645	13 16 04.742	+17 38 39.63	0.47	4.12	3.54	3.07	20.3708	19.7684	19.3004	18.6957	1
1647	13 16 13.519	+17 38 41.18	0.33	83.75	3.69	3.36	99.9999	19.9192	19.5928	18.9235	1
1648	13 16 15.120	+17 38 41.71	-0.06	83.74	3.91	3.97	99.9999	20.1582	20.2088	19.5711	0
1650	13 16 21.433	+17 38 41.95	0.13	3.94	3.14	3.01	20.1943	19.3808	19.2414	18.9837	1
1651	13 16 49.479	+17 38 50.68	0.50	3.99	3.28	2.78	20.2427	19.5015	19.0120	18.2731	1
1652	13 16 23.068	+17 38 41.60	0.36	4.09	3.69	3.33	20.3420	19.9236	19.5608	18.7126	1
1653	13 16 12.589	+17 38 37.13	0.10	83.75	3.55	3.45	99.9999	19.7896	19.6815	18.9767	0
1654	13 16 24.158	+17 38 40.88	-0.01	1.88	0.87	0.88	18.1344	17.1163	17.1197	17.1374	1
1656	13 16 21.212	+17 38 39.16	0.56	83.75	4.21	3.65	99.9999	20.4286	19.8759	19.3283	1
1657	13 16 44.459	+17 38 47.05	0.31	83.75	4.12	3.81	99.9999	20.3522	20.0430	19.5832	1
1659	13 16 54.871	+17 38 49.39	0.59	83.75	3.96	3.37	99.9999	20.1748	19.5925	18.9803	1
1660	13 16 37.895	+17 38 43.38	0.15	1.76	0.61	0.45	18.0149	16.8456	16.6862	16.4491	1
1661	13 16 37.658	+17 38 39.88	0.29	83.75	4.17	3.87	99.9999	20.3994	20.1046	19.7850	1
1662	13 16 25.981	+17 38 35.03	0.37	4.43	4.02	3.65	20.6815	20.2467	19.8776	19.2510	1
1663	13 16 25.666	+17 38 34.40	0.28	83.75	3.67	3.40	99.9999	19.9076	19.6299	19.2315	1
1666	13 16 31.087	+17 38 34.92	0.35	83.75	3.92	3.57	99.9999	20.1496	19.7986	19.1931	1
1667	13 16 33.304	+17 38 35.48	0.55	4.43	3.43	2.89	20.6802	19.6530	19.1131	18.3359	1
1668	13 16 45.563	+17 38 39.54	0.74	1.99	1.04	0.30	18.2381	17.2530	16.5287	15.6446	1
1670	13 16 17.556	+17 38 28.31	0.41	4.50	3.84	3.42	20.7561	20.0651	19.6542	19.1980	1
1671	13 16 25.531	+17 38 29.98	0.15	83.75	3.55	3.39	99.9999	19.7856	19.6275	19.0018	0
1672	13 16 38.539	+17 38 32.17	0.13	83.75	3.54	3.40	99.9999	19.7755	19.6368	18.8265	0
1675	13 16 38.012	+17 38 30.57	0.55	83.75	3.71	3.16	99.9999	19.9317	19.3879	18.7385	1
1676	13 16 03.658	+17 38 18.35	0.33	83.75	3.78	3.45	99.9999	20.0113	19.6833	19.0612	1
1678	13 16 16.679	+17 38 20.32	0.25	83.75	3.68	3.43	99.9999	19.9161	19.6616	19.1297	1
1680	13 16 08.601	+17 38 17.29	0.33	4.03	3.68	3.35	20.2803	19.9080	19.5820	18.9927	1
1681	13 16 35.945	+17 38 23.99	0.50	4.13	3.40	2.90	20.3857	19.6226	19.1321	18.4257	1
1685	13 16 33.503	+17 38 15.65	0.13	83.75	3.76	3.63	99.9999	20.0033	19.8688	19.4012	1
1686	13 16 11.250	+17 38 05.12	0.21	83.75	3.91	3.70	99.9999	20.1427	19.9325	19.5779	1
1690	13 16 23.534	+17 38 07.70	0.18	4.36	3.98	3.81	20.6105	20.2195	20.0394	19.4283	0
1694	13 16 41.226	+17 38 10.50	0.32	1.59	0.72	0.40	17.8468	16.9545	16.6309	16.0570	1
1698	13 16 16.408	+17 37 59.16	0.66	3.01	2.26	1.60	19.2659	18.4769	17.8241	16.9911	1
1699	13 16 09.190	+17 37 56.59	0.63	3.86	3.27	2.64	20.1147	19.4874	18.8669	18.1179	1
1703	13 16 40.113	+17 38 06.01	0.59	83.75	3.61	3.02	99.9999	19.8302	19.2448	18.6444	1
1705	13 16 34.988	+17 38 02.11	0.33	83.75	4.08	3.75	99.9999	20.3103	19.9826	19.3835	1
1707	13 16 38.545	+17 38 01.64	0.44	83.75	4.14	3.70	99.9999	20.3643	19.9293	19.4676	1
1709	13 16 57.643	+17 38 04.91	0.95	0.94	-0.41	-1.37	17.1940	15.7892	14.8558	13.7972	1
1711	13 16 24.635	+17 37 53.32	0.54	3.76	2.98	2.44	20.0172	19.1969	18.6685	17.8892	1
1712	13 16 32.395	+17 37 55.61	0.29	83.75	4.15	3.86	99.9999	20.3792	20.0890	19.7328	1
1713	13 16 15.043	+17 37 48.63	0.76	83.75	3.64	2.88	99.9999	19.8506	19.1057	18.1822	1
1714	13 16 16.311	+17 37 46.42	0.67	3.82	3.27	2.60	20.0730	19.4849	18.8240	18.0351	1
1715	13 16 31.368	+17 37 50.88	0.79	83.75	4.39	3.60	99.9999	20.5965	19.8261	19.3816	1
1716	13 16 17.858	+17 37 44.80	0.09	1.70	0.51	0.42	17.9539	16.7528	16.6539	16.4837	1
1721	13 16 46.339	+17 37 47.38	0.79	1.74	0.74	-0.05	17.9957	16.9486	16.1749	15.2647	1
1726	13 16 21.094	+17 37 32.94	0.61	3.45	2.71	2.09	19.6987	18.9248	18.3207	17.5190	1
1727	13 16 12.655	+17 37 29.32	0.56	4.32	3.91	3.35	20.5755	20.1332	19.5803	19.0381	1
1728	13 16 40.313	+17 37 37.67	0.17	3.95	3.15	2.98	20.2025	19.3833	19.2113	19.0081	1
1731	13 16 41.007	+17 37 29.97	0.54	4.45	4.34	3.80	20.7028	20.5592	20.0236	19.5535	1
1732	13 16 43.651	+17 37 30.07	0.73	2.11	1.18	0.45	18.3608	17.3967	16.6787	15.7783	1
1733	13 16 27.887	+17 37 20.25	0.22	4.46	3.87	3.64	20.7124	20.1036	19.8760	19.3858	1
1738	13 16 25.123	+17 37 09.10	0.55	3.43	2.58	2.03	19.6815	18.7976	18.2531	17.4423	1
1740	13 16 29.878	+17 37 08.48	0.54	3.30	2.54	2.00	19.5564	18.7567	18.2241	17.3850	1
1745	13 16 25.421	+17 37 02.43	0.38	4.43	3.61	3.22	20.6863	19.8353	19.4543	18.8538	1
1747	13 16 38.531	+17 37 00.38	-0.04	1.90	0.92	0.96	18.1541	17.1701	17.1981	17.2005	1
1754	13 16 52.547	+17 36 47.69	0.38	83.75	3.41	3.03	99.9999	19.6382	19.2600	18.7063	1
1760	13 16 10.845	+17 36 19.78	0.68	2.78	1.99	1.31	19.0330	18.2047	17.5409	16.7491	1
1762	13 16 27.570	+17 36 23.03	0.28	83.75	3.64	3.36	99.9999	19.8765	19.5952	19.1012	1
1769	13 16 53.522	+17 36 06.94	0.48	83.75	3.72	3.24	99.9999	19.9466	19.4734	18.6667	1
1775	13 16 21.141	+17 35 38.08	0.56	3.25	2.39	1.82	19.5021	18.6086	18.0520	17.1835	1
1779	13 15 58.733	+17 35 23.05	0.01	2.72	2.94	2.94	18.9754	19.1864	19.1708	18.4810	0
1782	13 16 19.893	+17 35 25.38	0.30	83.75	4.27	3.98	99.9999	20.5055	20.2090	19.4445	1
1799	13 16 38.669	+17 34 06.89	0.43	83.75	3.88	3.45	99.9999	20.1020	19.6747	18.9820	1
1800	13 16 20.656	+17 33 57.62	0.32	83.75	3.66	3.34	99.9999	19.8941	19.5698	18.9490	1
