# ngc6229 E(B-V)=0.01, m-M = 17.42
# BlueFlag Note: if (V-I)0 > 0.331 + 1.444 * (B-V)0 then BlueFlag = 0
# 	RA		Dec		(B-V)_0	M_u	M_B	M_V	u	B	V	I	BlueFlag
202	16 47 08.239	+47 34 55.25	0.70	82.53	2.36	1.66	99.9999	19.7910	19.1077	18.1879	1
206	16 47 05.131	+47 34 46.86	0.70	3.33	2.25	1.55	20.7994	19.6776	18.9904	18.1037	1
208	16 47 02.355	+47 34 44.99	0.51	82.53	3.08	2.56	99.9999	20.5185	20.0106	19.1918	1
211	16 47 07.217	+47 34 42.93	0.56	1.35	0.66	0.10	18.8217	18.0952	17.5431	16.8342	1
218	16 47 05.076	+47 34 33.23	0.02	1.94	0.88	0.85	19.4131	18.3404	18.3071	18.2423	1
223	16 47 05.632	+47 34 27.79	-0.08	2.03	1.19	1.27	19.5009	18.6617	18.7256	18.7380	1
225	16 47 01.060	+47 34 25.18	-0.11	1.94	1.65	1.76	19.4183	19.1228	19.2152	19.3061	1
231	16 47 03.563	+47 34 18.85	-0.08	1.91	1.37	1.45	19.3819	18.8331	18.9008	18.9751	1
242	16 47 01.659	+47 33 59.53	0.68	82.53	3.56	2.88	99.9999	20.9886	20.3217	19.5424	1
245	16 46 47.903	+47 33 41.93	0.82	3.23	2.50	1.68	20.6966	19.9285	19.1268	18.2563	1
248	16 46 54.278	+47 33 41.93	0.66	82.53	3.50	2.84	99.9999	20.9326	20.2849	19.3065	1
250	16 46 58.627	+47 33 41.34	0.38	2.04	1.02	0.64	19.5133	18.4695	18.0916	17.5408	1
251	16 47 02.856	+47 33 41.62	-0.11	1.99	1.51	1.62	19.4641	18.9823	19.0804	19.1053	1
253	16 46 54.221	+47 33 37.11	1.77	2.20	-0.44	-2.21	19.6648	16.9471	15.2207	13.6227	1
256	16 47 10.667	+47 33 37.82	0.66	82.53	3.11	2.45	99.9999	20.5405	19.8942	18.9388	1
259	16 46 55.583	+47 33 31.07	0.52	1.96	1.11	0.59	19.4309	18.5522	18.0404	17.4891	1
260	16 47 01.795	+47 33 32.31	-0.01	2.05	1.53	1.54	19.5279	18.9915	18.9945	19.1576	1
261	16 46 53.378	+47 33 30.02	0.59	2.02	1.24	0.65	19.4947	18.6796	18.0989	17.4713	1
265	16 46 49.796	+47 33 25.99	0.58	1.99	1.17	0.59	19.4659	18.6048	18.0324	17.3224	1
267	16 46 55.460	+47 33 26.38	0.91	82.53	3.33	2.41	99.9999	20.7505	19.8561	19.0033	1
268	16 47 12.062	+47 33 30.00	0.73	2.51	1.57	0.84	19.9787	19.0012	18.2866	17.4293	1
270	16 46 56.493	+47 33 23.94	0.53	82.53	3.44	2.91	99.9999	20.8796	20.3529	19.4352	1
274	16 46 50.847	+47 33 19.34	0.84	2.53	1.32	0.48	19.9973	18.7446	17.9223	16.9549	1
276	16 46 55.553	+47 33 17.55	-0.10	1.93	1.67	1.77	19.4042	19.1342	19.2262	19.2542	1
277	16 46 53.925	+47 33 16.33	0.85	82.53	1.92	1.07	99.9999	19.3435	18.5113	17.6003	1
280	16 46 56.818	+47 33 15.93	1.09	82.53	3.65	2.56	99.9999	21.0665	19.9973	19.2591	1
281	16 47 09.378	+47 33 18.57	0.94	1.55	0.20	-0.73	19.0214	17.6260	16.7062	15.7078	1
282	16 47 02.083	+47 33 16.30	1.25	1.55	-0.13	-1.38	19.0167	17.2817	16.0600	14.8343	1
284	16 47 03.156	+47 33 13.61	0.46	82.53	3.01	2.56	99.9999	20.4584	20.0061	19.0806	1
286	16 47 01.173	+47 33 10.27	0.93	82.53	3.05	2.12	99.9999	20.4693	19.5630	18.7837	1
288	16 47 00.317	+47 33 09.34	0.72	3.15	2.34	1.62	20.6222	19.7731	19.0628	18.3461	1
289	16 46 59.338	+47 33 08.33	-0.08	2.00	1.17	1.25	19.4775	18.6377	18.7078	18.7821	1
290	16 47 07.217	+47 33 10.01	0.55	2.88	2.37	1.82	20.3508	19.8079	19.2655	18.4992	1
291	16 47 06.475	+47 33 08.78	1.03	82.53	3.83	2.80	99.9999	21.2471	20.2412	19.4638	1
292	16 46 54.927	+47 33 05.45	-0.09	1.91	1.46	1.54	19.3796	18.9251	18.9979	19.1449	1
293	16 46 52.342	+47 33 04.51	-0.17	1.40	2.29	2.46	18.8752	19.7576	19.9154	20.1485	1
295	16 46 45.859	+47 33 01.84	0.55	82.53	2.80	2.25	99.9999	20.2345	19.6927	18.9102	1
298	16 46 47.731	+47 33 01.64	1.00	2.02	0.79	-0.21	19.4902	18.2106	17.2350	16.1909	1
299	16 47 12.079	+47 33 07.48	0.87	2.38	1.45	0.58	19.8470	18.8738	18.0242	17.1347	1
300	16 46 56.926	+47 33 02.74	0.67	82.53	3.14	2.47	99.9999	20.5729	19.9173	19.1644	1
303	16 46 54.996	+47 32 59.84	0.89	2.22	1.06	0.16	19.6936	18.4817	17.6061	16.5825	1
304	16 46 56.727	+47 32 59.73	1.09	82.53	3.79	2.70	99.9999	21.2073	20.1403	19.3958	1
306	16 46 46.507	+47 32 56.11	-0.24	2.34	2.00	2.23	19.8127	19.4714	19.6917	19.5694	0
307	16 46 57.283	+47 32 57.60	1.04	1.58	0.07	-0.97	19.0512	17.4830	16.4673	15.3958	1
308	16 46 57.028	+47 32 57.30	0.71	82.53	2.84	2.14	99.9999	20.2763	19.5804	18.8753	1
311	16 46 50.279	+47 32 53.62	0.73	3.71	3.03	2.30	21.1809	20.4596	19.7428	19.0530	1
312	16 46 53.805	+47 32 54.46	0.75	2.57	1.71	0.96	20.0393	19.1441	18.4082	17.4535	1
315	16 47 03.228	+47 32 54.42	0.46	82.53	2.84	2.38	99.9999	20.2868	19.8274	18.9939	1
316	16 46 59.121	+47 32 53.31	0.45	82.53	3.56	3.11	99.9999	21.0021	20.5542	19.8767	1
317	16 47 01.178	+47 32 53.62	0.76	82.53	3.17	2.42	99.9999	20.6041	19.8589	18.9014	1
320	16 46 55.763	+47 32 51.40	0.29	1.85	0.88	0.59	19.3231	18.3331	18.0438	17.5805	1
321	16 47 04.742	+47 32 53.40	0.70	82.53	2.26	1.56	99.9999	19.6944	19.0049	17.9883	1
322	16 46 40.771	+47 32 47.28	0.75	82.53	3.42	2.66	99.9999	20.8466	20.1085	19.2564	1
323	16 47 06.159	+47 32 52.26	0.95	2.08	0.99	0.05	19.5489	18.4138	17.4883	16.5018	1
324	16 47 04.675	+47 32 51.64	0.31	1.99	0.93	0.62	19.4630	18.3777	18.0696	18.0482	1
325	16 46 58.907	+47 32 49.55	0.49	82.53	2.47	1.98	99.9999	19.9113	19.4272	18.5332	1
326	16 46 53.531	+47 32 47.83	0.92	2.52	1.41	0.49	19.9859	18.8281	17.9305	16.9677	1
332	16 47 00.041	+47 32 47.25	0.99	2.35	1.12	0.12	19.8245	18.5361	17.5646	16.5857	1
333	16 47 01.503	+47 32 46.95	0.04	1.95	0.73	0.69	19.4224	18.1941	18.1435	18.0557	1
334	16 47 02.878	+47 32 47.12	1.18	1.55	-0.11	-1.28	19.0176	17.3037	16.1532	15.0258	1
336	16 46 57.895	+47 32 45.13	0.59	2.58	1.70	1.11	20.0563	19.1376	18.5607	17.7784	1
337	16 46 58.535	+47 32 44.96	0.89	82.53	3.26	2.37	99.9999	20.6791	19.8094	19.1841	1
339	16 46 59.399	+47 32 44.42	0.81	82.53	2.99	2.18	99.9999	20.4177	19.6278	18.8112	1
340	16 46 54.213	+47 32 43.08	0.21	82.53	3.16	2.95	99.9999	20.6168	20.4029	19.7608	1
343	16 46 57.630	+47 32 43.61	0.73	82.53	2.96	2.23	99.9999	20.3895	19.6740	18.9822	1
344	16 46 57.257	+47 32 43.29	0.58	82.53	2.49	1.91	99.9999	19.9312	19.3598	18.3884	1
345	16 46 53.185	+47 32 41.37	1.62	1.88	-0.67	-2.30	19.3508	16.7188	15.1359	13.5797	1
346	16 46 57.459	+47 32 42.18	-0.16	2.08	2.00	2.16	19.5563	19.4716	19.6125	19.5903	1
350	16 46 53.392	+47 32 39.77	0.66	3.21	2.59	1.94	20.6766	20.0275	19.3830	18.4753	1
351	16 46 56.611	+47 32 40.02	0.88	82.53	3.73	2.85	99.9999	21.1568	20.2925	19.4723	1
352	16 46 55.942	+47 32 39.75	1.44	82.53	4.10	2.67	99.9999	21.5024	20.1004	19.6057	1
353	16 46 53.868	+47 32 39.14	0.95	1.51	0.32	-0.63	18.9838	17.7420	16.8128	15.8610	1
354	16 47 13.069	+47 32 43.02	1.23	1.61	-0.29	-1.51	19.0829	17.1234	15.9246	14.6931	1
355	16 46 52.118	+47 32 37.88	0.59	82.53	2.71	2.12	99.9999	20.1436	19.5639	18.8335	1
357	16 47 00.551	+47 32 39.86	0.16	1.89	0.78	0.61	19.3614	18.2332	18.0648	17.7353	1
360	16 46 59.145	+47 32 38.25	0.57	82.53	3.08	2.51	99.9999	20.5207	19.9576	19.0712	1
361	16 47 12.519	+47 32 40.89	0.23	1.79	0.73	0.50	19.2598	18.1807	17.9514	17.4946	1
362	16 46 54.758	+47 32 36.47	0.33	2.15	1.02	0.70	19.6222	18.4728	18.1471	17.5266	1
363	16 46 58.803	+47 32 37.44	0.83	82.53	3.04	2.21	99.9999	20.4701	19.6563	19.1519	1
364	16 47 00.658	+47 32 37.76	0.94	2.25	0.84	-0.11	19.7167	18.2571	17.3345	16.3181	1
367	16 46 48.173	+47 32 33.86	0.61	82.53	3.21	2.60	99.9999	20.6460	20.0443	19.2994	1
368	16 46 56.733	+47 32 35.96	0.23	1.91	0.70	0.48	19.3810	18.1583	17.9286	17.5314	1
369	16 46 54.928	+47 32 35.09	0.65	82.53	2.95	2.30	99.9999	20.3832	19.7401	19.0705	1
370	16 46 54.763	+47 32 34.81	0.51	1.98	1.11	0.60	19.4569	18.5488	18.0454	17.4723	1
371	16 46 59.363	+47 32 35.59	1.13	82.53	3.57	2.44	99.9999	20.9876	19.8807	19.0664	1
372	16 46 55.832	+47 32 34.59	0.74	2.68	1.52	0.78	20.1546	18.9530	18.2228	17.2557	1
373	16 47 05.124	+47 32 36.31	0.90	2.72	1.51	0.61	20.1951	18.9351	18.0558	17.1096	1
374	16 47 05.442	+47 32 36.23	0.90	2.68	1.92	1.02	20.1473	19.3458	18.4654	17.6285	1
375	16 46 58.234	+47 32 33.54	0.60	3.28	3.48	2.88	20.7521	20.9206	20.3268	19.3158	1
376	16 47 00.720	+47 32 33.93	0.64	82.53	2.51	1.87	99.9999	19.9414	19.3132	18.3908	1
377	16 46 57.042	+47 32 32.61	0.66	2.23	1.27	0.61	19.7037	18.7010	18.0503	17.3353	1
378	16 47 11.229	+47 32 36.01	0.55	82.53	3.46	2.90	99.9999	20.8978	20.3506	19.7524	1
380	16 47 16.192	+47 32 36.15	-0.05	1.80	0.87	0.92	19.2699	18.3368	18.3753	18.3847	1
382	16 47 00.807	+47 32 31.55	0.75	3.23	2.56	1.81	20.7060	19.9876	19.2538	18.3658	1
383	16 46 54.888	+47 32 30.08	0.79	3.45	2.98	2.18	20.9245	20.4041	19.6262	18.8723	1
384	16 46 52.339	+47 32 29.02	-0.00	1.74	1.32	1.32	19.2135	18.7850	18.7794	18.7388	1
385	16 46 57.624	+47 32 29.65	1.25	1.71	-0.20	-1.44	19.1788	17.2112	15.9927	14.7513	1
386	16 46 58.372	+47 32 29.29	0.91	2.76	1.20	0.28	20.2300	18.6180	17.7256	16.7624	1
387	16 47 02.323	+47 32 30.21	0.80	82.53	2.97	2.17	99.9999	20.3975	19.6120	18.7605	1
388	16 46 52.000	+47 32 27.63	0.89	82.53	1.76	0.87	99.9999	19.1821	18.3137	17.3960	1
389	16 46 52.775	+47 32 27.26	0.69	82.53	2.80	2.11	99.9999	20.2323	19.5524	18.7606	1
392	16 46 57.022	+47 32 27.62	0.96	2.97	1.57	0.60	20.4375	18.9873	18.0433	17.0782	1
393	16 47 00.058	+47 32 28.13	0.93	82.53	3.63	2.69	99.9999	21.0490	20.1337	19.1135	1
396	16 46 56.865	+47 32 26.64	0.62	82.53	2.45	1.83	99.9999	19.8822	19.2763	18.2617	1
399	16 47 02.054	+47 32 27.43	0.96	2.16	0.68	-0.29	19.6284	18.0981	17.1546	16.1209	1
400	16 47 03.827	+47 32 27.75	0.34	82.53	3.30	2.97	99.9999	20.7538	20.4169	19.6595	1
402	16 47 00.978	+47 32 26.90	0.34	82.53	2.86	2.51	99.9999	20.3065	19.9641	18.8374	0
403	16 46 56.430	+47 32 25.72	0.46	82.53	3.37	2.91	99.9999	20.8126	20.3580	19.5128	1
406	16 46 55.181	+47 32 24.78	-0.00	1.89	0.99	0.99	19.3606	18.4500	18.4415	18.4346	1
408	16 46 58.400	+47 32 25.23	0.72	1.56	2.09	1.36	19.0302	19.5167	18.8060	17.7953	1
409	16 46 57.990	+47 32 24.70	0.86	82.53	1.99	1.13	99.9999	19.4196	18.5745	17.6240	1
411	16 47 01.590	+47 32 24.93	0.05	1.76	0.77	0.72	19.2315	18.2357	18.1746	18.0957	1
412	16 46 39.382	+47 32 19.22	0.42	2.10	1.14	0.72	19.5713	18.5856	18.1687	17.5678	1
413	16 46 57.780	+47 32 23.75	0.76	82.53	2.50	1.74	99.9999	19.9296	19.1839	18.5033	1
414	16 47 00.873	+47 32 24.42	0.66	82.53	2.92	2.26	99.9999	20.3576	19.7042	18.6615	1
417	16 47 00.107	+47 32 22.95	0.28	2.33	1.21	0.93	19.8020	18.6578	18.3795	17.6967	1
418	16 46 48.344	+47 32 19.98	0.74	82.53	3.28	2.54	99.9999	20.7142	19.9880	19.1387	1
419	16 46 58.152	+47 32 22.06	0.58	82.53	2.57	1.99	99.9999	20.0042	19.4345	18.3794	1
421	16 46 55.300	+47 32 21.02	0.84	82.53	3.55	2.71	99.9999	20.9726	20.1520	19.5805	1
422	16 47 12.433	+47 32 24.90	0.67	82.53	2.40	1.73	99.9999	19.8310	19.1757	18.2492	1
423	16 47 04.512	+47 32 22.92	0.91	2.58	1.48	0.58	20.0543	18.9080	18.0203	17.0973	1
424	16 46 59.046	+47 32 21.29	0.43	2.11	1.08	0.64	19.5866	18.5228	18.0924	17.4373	1
425	16 46 57.850	+47 32 20.77	0.50	2.13	1.17	0.67	19.6026	18.6130	18.1152	17.3647	1
426	16 47 00.496	+47 32 21.39	0.49	82.53	3.14	2.65	99.9999	20.5842	20.0991	19.1450	1
427	16 46 54.618	+47 32 19.92	0.70	82.53	3.73	3.03	99.9999	21.1588	20.4705	19.9738	1
429	16 47 03.037	+47 32 20.60	0.32	1.76	1.14	0.82	19.2337	18.5895	18.2728	17.7814	1
431	16 46 58.192	+47 32 19.22	0.40	2.00	1.17	0.77	19.4710	18.6173	18.2214	17.4201	1
432	16 47 02.751	+47 32 20.07	0.44	2.23	1.24	0.79	19.6973	18.6820	18.2430	17.5580	1
433	16 47 01.671	+47 32 19.60	-0.08	2.04	1.22	1.30	19.5106	18.6851	18.7531	18.6703	1
434	16 47 03.564	+47 32 20.06	0.75	2.75	1.98	1.23	20.2257	19.4064	18.6747	17.8373	1
438	16 46 54.859	+47 32 16.97	0.48	2.15	1.22	0.74	19.6206	18.6619	18.1861	17.6045	1
440	16 47 06.050	+47 32 19.46	0.71	82.53	3.37	2.65	99.9999	20.7995	20.0981	19.1592	1
444	16 47 00.283	+47 32 17.38	0.82	1.69	0.32	-0.50	19.1606	17.7446	16.9408	15.8479	1
447	16 47 00.866	+47 32 16.54	0.93	2.13	0.35	-0.59	19.6004	17.7681	16.8551	15.8351	1
448	16 46 58.406	+47 32 15.83	0.91	82.53	2.48	1.57	99.9999	19.9045	19.0130	18.2604	1
449	16 46 56.815	+47 32 15.33	-0.03	1.93	1.18	1.21	19.4067	18.6463	18.6657	18.6392	1
450	16 46 56.631	+47 32 15.26	0.87	1.23	-0.06	-0.93	18.7028	17.3630	16.5086	15.5555	1
451	16 47 02.778	+47 32 16.46	0.77	82.53	2.10	1.33	99.9999	19.5298	18.7757	17.8999	1
453	16 46 57.700	+47 32 14.93	0.84	82.53	2.07	1.23	99.9999	19.4975	18.6746	17.8464	1
454	16 47 01.377	+47 32 15.80	0.82	3.35	2.30	1.49	20.8235	19.7302	18.9290	17.9872	1
455	16 46 56.039	+47 32 14.44	0.92	1.68	0.44	-0.48	19.1524	17.8655	16.9631	15.9856	1
456	16 47 06.079	+47 32 16.84	0.60	82.53	3.11	2.51	99.9999	20.5443	19.9519	19.0119	1
458	16 46 52.803	+47 32 13.37	0.79	82.53	2.69	1.89	99.9999	20.1150	19.3379	18.6133	1
461	16 47 04.635	+47 32 15.95	0.90	2.67	1.44	0.54	20.1451	18.8666	17.9805	16.9993	1
462	16 46 59.483	+47 32 14.65	0.74	82.53	1.68	0.94	99.9999	19.1145	18.3852	17.3647	1
463	16 47 00.340	+47 32 14.49	0.46	1.51	0.20	-0.26	18.9864	17.6467	17.1872	16.4506	1
464	16 46 54.520	+47 32 13.02	1.01	2.15	0.71	-0.30	19.6181	18.1257	17.1371	16.1226	1
465	16 46 58.747	+47 32 14.00	0.88	1.92	0.38	-0.50	19.3904	17.8091	16.9467	16.0208	1
466	16 46 53.452	+47 32 12.59	0.95	2.34	1.17	0.23	19.8058	18.5962	17.6703	16.7000	1
467	16 46 59.261	+47 32 13.84	0.81	2.64	1.63	0.82	20.1067	19.0584	18.2637	17.3336	1
469	16 47 05.689	+47 32 14.95	1.54	2.11	-0.41	-1.96	19.5765	16.9806	15.4766	14.0528	1
470	16 46 52.708	+47 32 11.70	0.84	2.70	1.63	0.78	20.1728	19.0511	18.2250	17.2978	1
471	16 46 55.659	+47 32 12.32	1.10	82.53	2.85	1.75	99.9999	20.2630	19.1860	18.3883	1
472	16 47 05.434	+47 32 14.72	1.01	2.10	0.74	-0.27	19.5753	18.1588	17.1718	16.1045	1
473	16 47 04.750	+47 32 14.47	0.10	2.32	2.21	2.11	19.7905	19.6659	19.5621	19.9787	1
475	16 46 57.733	+47 32 12.21	0.98	2.07	1.13	0.16	19.5425	18.5512	17.5965	16.7699	1
476	16 46 56.369	+47 32 11.87	1.29	1.53	-0.24	-1.53	19.0006	17.1659	15.9054	14.6056	1
477	16 46 49.342	+47 32 10.08	0.73	82.53	3.33	2.60	99.9999	20.7613	20.0472	19.2912	1
478	16 46 57.353	+47 32 12.06	0.32	1.63	0.76	0.44	19.0993	18.2060	17.8900	17.1014	1
479	16 46 54.315	+47 32 11.05	0.83	2.54	2.33	1.50	20.0132	19.7550	18.9416	18.1981	1
480	16 46 58.876	+47 32 11.87	0.20	1.55	0.69	0.49	19.0218	18.1431	17.9370	17.1821	0
481	16 46 55.138	+47 32 10.92	0.40	2.30	1.04	0.64	19.7727	18.4883	18.0921	17.5000	1
482	16 46 51.982	+47 32 10.13	0.65	3.68	2.77	2.12	21.1506	20.2033	19.5675	18.6611	1
483	16 46 58.027	+47 32 11.58	0.93	2.32	0.95	0.02	19.7876	18.3677	17.4569	16.4552	1
486	16 47 05.052	+47 32 12.88	0.68	82.53	2.49	1.81	99.9999	19.9214	19.2562	18.3501	1
487	16 46 54.513	+47 32 10.09	0.04	1.69	0.91	0.87	19.1664	18.3741	18.3256	17.8344	0
489	16 47 07.425	+47 32 13.19	0.55	2.05	1.18	0.63	19.5207	18.6212	18.0780	17.3338	1
494	16 47 02.346	+47 32 11.15	0.57	1.98	1.01	0.43	19.4512	18.4447	17.8796	17.1753	1
495	16 46 57.313	+47 32 09.91	0.31	82.53	2.36	2.05	99.9999	19.8126	19.4983	18.5676	0
496	16 47 03.094	+47 32 11.32	-0.00	1.82	0.71	0.71	19.2980	18.1715	18.1619	18.0247	1
497	16 47 00.665	+47 32 10.27	-0.32	2.23	1.35	1.67	19.7018	18.8310	19.1281	18.8651	0
499	16 47 01.037	+47 32 10.28	0.73	2.39	1.16	0.43	19.8598	18.5866	17.8711	16.8308	1
501	16 46 58.910	+47 32 09.64	0.84	82.53	1.81	0.96	99.9999	19.2317	18.4065	17.3484	1
502	16 47 05.609	+47 32 11.23	0.84	82.53	2.02	1.18	99.9999	19.4474	18.6254	17.7277	1
503	16 47 00.014	+47 32 09.86	0.57	2.04	1.04	0.47	19.5137	18.4768	17.9147	17.1197	1
506	16 46 55.414	+47 32 08.16	0.04	1.95	0.71	0.68	19.4193	18.1752	18.1301	17.9574	1
507	16 47 08.936	+47 32 11.46	0.80	2.65	1.76	0.96	20.1200	19.1892	18.4073	17.4794	1
508	16 46 58.692	+47 32 08.91	0.13	82.53	0.99	0.86	99.9999	18.4497	18.3175	17.2258	0
509	16 47 03.051	+47 32 09.91	-0.22	1.99	1.27	1.50	19.4628	18.7488	18.9566	18.9285	0
513	16 46 56.604	+47 32 08.00	0.62	82.53	2.71	2.09	99.9999	20.1502	19.5355	18.4875	1
514	16 46 50.893	+47 32 06.50	0.79	82.53	2.33	1.53	99.9999	19.7544	18.9757	18.1393	1
515	16 46 58.238	+47 32 08.28	0.59	1.21	-0.06	-0.64	18.6865	17.3795	16.8018	15.5143	0
516	16 46 48.544	+47 32 05.84	0.74	2.98	2.14	1.40	20.4525	19.5747	18.8446	17.9471	1
518	16 46 52.870	+47 32 06.41	0.61	3.46	3.20	2.59	20.9324	20.6358	20.0391	19.1474	1
519	16 46 42.906	+47 32 03.63	0.92	82.53	3.15	2.23	99.9999	20.5731	19.6745	18.7872	1
521	16 46 57.848	+47 32 07.22	0.74	1.45	0.33	-0.42	18.9226	17.7561	17.0256	16.1079	1
522	16 47 03.057	+47 32 08.48	0.29	2.44	0.94	0.65	19.9098	18.3926	18.1023	17.2967	0
523	16 47 00.605	+47 32 07.82	0.68	82.53	2.81	2.12	99.9999	20.2390	19.5679	18.8464	1
524	16 46 59.771	+47 32 07.59	0.91	2.37	1.03	0.13	19.8392	18.4560	17.5690	16.6321	1
526	16 46 54.642	+47 32 06.01	0.94	1.55	0.13	-0.81	19.0249	17.5515	16.6292	15.5740	1
527	16 47 03.442	+47 32 07.72	0.87	2.42	1.10	0.23	19.8878	18.5250	17.6732	16.6695	1
528	16 46 58.522	+47 32 06.50	0.55	1.68	0.88	0.32	19.1516	18.3145	17.7696	17.2664	1
529	16 46 51.403	+47 32 04.69	0.83	82.53	1.95	1.11	99.9999	19.3727	18.5560	17.8603	1
531	16 47 10.345	+47 32 09.20	0.97	2.03	0.59	-0.38	19.4989	18.0106	17.0601	15.9987	1
532	16 46 59.000	+47 32 06.34	0.83	82.53	1.92	1.09	99.9999	19.3492	18.5349	17.7156	1
533	16 46 56.153	+47 32 05.57	0.83	1.74	0.59	-0.24	19.2155	18.0156	17.2034	16.2392	1
534	16 46 56.344	+47 32 05.46	0.89	82.53	2.71	1.82	99.9999	20.1345	19.2626	18.6709	1
536	16 47 02.067	+47 32 06.62	0.14	2.00	0.77	0.63	19.4710	18.2255	18.0834	17.6833	1
538	16 47 08.033	+47 32 07.80	0.62	82.53	3.60	2.98	99.9999	21.0313	20.4222	19.3777	1
539	16 46 50.876	+47 32 03.54	0.86	82.53	2.47	1.62	99.9999	19.8997	19.0588	18.1999	1
540	16 47 02.853	+47 32 06.45	0.78	2.60	1.54	0.77	20.0668	18.9731	18.2086	17.3258	1
543	16 47 01.112	+47 32 05.75	0.90	2.95	1.91	1.01	20.4171	19.3363	18.4503	17.6856	1
547	16 47 09.487	+47 32 07.04	0.98	1.91	0.61	-0.37	19.3847	18.0322	17.0735	16.0296	1
549	16 46 54.815	+47 32 03.38	0.49	82.53	2.94	2.45	99.9999	20.3782	19.8952	18.8111	0
551	16 46 59.164	+47 32 04.26	0.46	1.58	0.72	0.26	19.0552	18.1658	17.7076	17.1309	1
552	16 46 58.209	+47 32 04.01	0.63	2.40	1.36	0.73	19.8707	18.7910	18.1724	17.0141	1
554	16 47 01.012	+47 32 04.62	0.74	2.58	1.84	1.10	20.0556	19.2714	18.5403	17.5308	1
555	16 46 56.874	+47 32 03.52	-0.05	3.43	2.05	2.09	20.9065	19.5135	19.5489	18.4013	0
556	16 46 48.575	+47 32 01.29	0.05	1.95	0.81	0.76	19.4256	18.2757	18.2167	18.0723	1
559	16 46 57.141	+47 32 02.97	0.76	82.53	2.02	1.26	99.9999	19.4484	18.7032	18.0430	1
560	16 46 54.040	+47 32 02.15	0.03	2.05	0.74	0.71	19.5279	18.2028	18.1602	17.9850	1
561	16 47 01.532	+47 32 03.94	0.05	0.91	0.57	0.52	18.3854	18.0315	17.9730	18.2478	1
563	16 46 58.723	+47 32 03.15	-0.14	1.53	0.55	0.69	19.0007	18.0170	18.1444	17.8455	0
564	16 46 57.827	+47 32 02.60	0.82	1.45	0.30	-0.52	18.9244	17.7247	16.9240	16.1068	1
565	16 46 57.999	+47 32 02.31	0.33	1.20	0.15	-0.18	18.6688	17.5964	17.2660	17.1243	1
566	16 47 09.898	+47 32 05.20	1.37	1.78	-0.42	-1.78	19.2450	16.9857	15.6526	14.2928	1
567	16 46 47.310	+47 31 59.60	0.57	82.53	2.53	1.96	99.9999	19.9659	19.4022	18.5111	1
570	16 47 02.142	+47 32 02.93	0.78	82.53	3.08	2.30	99.9999	20.5125	19.7450	18.8028	1
574	16 46 57.005	+47 32 01.58	0.20	1.68	0.61	0.42	19.1564	18.0695	17.8705	17.1294	0
576	16 47 01.305	+47 32 02.54	0.76	2.51	1.58	0.82	19.9821	19.0135	18.2631	17.3302	1
578	16 46 55.174	+47 32 00.67	0.84	2.18	0.78	-0.06	19.6484	18.2087	17.3843	16.3219	1
580	16 46 57.588	+47 32 01.14	0.79	82.53	1.42	0.63	99.9999	18.8482	18.0698	16.6986	1
581	16 46 53.147	+47 31 59.98	0.83	3.21	2.44	1.60	20.6799	19.8620	19.0432	18.1711	1
582	16 46 56.370	+47 32 00.71	0.74	2.19	1.40	0.66	19.6593	18.8278	18.0990	17.4835	1
583	16 46 58.249	+47 32 01.12	0.07	1.21	0.13	0.06	18.6823	17.5869	17.5111	17.0810	1
586	16 46 51.125	+47 31 59.08	0.40	82.53	2.84	2.43	99.9999	20.2835	19.8819	19.3961	1
587	16 46 54.209	+47 31 59.58	0.47	82.53	3.45	2.98	99.9999	20.8908	20.4300	19.3832	0
589	16 46 59.842	+47 32 00.92	0.76	1.08	0.06	-0.71	18.5469	17.4861	16.7368	15.7775	1
590	16 46 55.868	+47 31 59.91	1.49	1.88	-0.63	-2.12	19.3455	16.7695	15.3115	13.9099	1
591	16 47 01.030	+47 32 01.17	0.63	3.23	1.60	0.96	20.6972	19.0330	18.4100	17.4046	1
593	16 47 01.306	+47 32 00.86	0.38	1.91	0.98	0.60	19.3868	18.4280	18.0519	17.5210	1
595	16 46 56.631	+47 31 59.57	0.50	2.03	0.85	0.35	19.5013	18.2948	17.7998	16.6572	0
601	16 46 53.778	+47 31 58.50	0.59	82.53	2.38	1.79	99.9999	19.8201	19.2350	18.2569	1
606	16 46 59.224	+47 31 59.24	0.51	1.01	-0.39	-0.90	18.4818	17.0532	16.5483	15.4424	0
608	16 46 56.236	+47 31 58.09	0.73	2.89	1.94	1.21	20.3648	19.3696	18.6537	17.8542	1
611	16 47 01.353	+47 31 59.00	0.45	1.98	0.98	0.53	19.4530	18.4273	17.9804	17.2489	1
614	16 47 02.328	+47 31 58.82	-0.04	1.62	0.53	0.56	19.0978	17.9929	18.0176	17.7457	1
615	16 46 59.009	+47 31 58.00	1.21	0.93	-1.34	-2.55	18.3951	16.0680	14.8873	13.3607	1
616	16 47 02.430	+47 31 58.67	0.11	1.65	0.58	0.48	19.1189	18.0431	17.9307	17.5832	1
618	16 47 04.802	+47 31 58.97	0.73	2.40	1.30	0.56	19.8674	18.7283	18.0076	17.0097	1
619	16 46 59.508	+47 31 57.61	1.10	1.00	-0.69	-1.79	18.4748	16.7241	15.6487	14.3642	1
620	16 47 03.593	+47 31 58.26	0.92	2.18	0.72	-0.20	19.6501	18.1463	17.2451	16.2638	1
621	16 47 06.746	+47 31 59.00	0.66	82.53	2.56	1.90	99.9999	19.9958	19.3426	18.4648	1
622	16 46 57.056	+47 31 56.58	0.88	2.15	1.77	0.89	19.6236	19.1929	18.3315	17.5093	1
627	16 46 57.216	+47 31 56.34	0.71	2.34	1.82	1.12	19.8132	19.2563	18.5622	17.6908	1
631	16 46 55.335	+47 31 55.51	0.09	1.93	1.23	1.15	19.4041	18.6919	18.5990	18.3488	1
632	16 46 54.266	+47 31 55.16	0.46	2.22	1.11	0.66	19.6926	18.5577	18.1040	17.3510	1
633	16 47 03.152	+47 31 57.15	0.96	2.15	0.76	-0.20	19.6239	18.1779	17.2406	16.2690	1
636	16 46 58.726	+47 31 55.80	0.93	0.42	-1.18	-2.11	17.8890	16.2449	15.3297	14.0310	1
638	16 46 59.678	+47 31 55.76	0.99	1.49	0.41	-0.58	18.9577	17.8300	16.8608	15.9853	1
639	16 46 51.980	+47 31 53.61	1.05	1.96	0.42	-0.63	19.4299	17.8397	16.8092	15.6164	1
640	16 47 00.361	+47 31 55.60	0.67	0.98	-0.08	-0.75	18.4536	17.3559	16.6961	15.7116	1
642	16 46 49.249	+47 31 52.60	-0.18	1.93	1.75	1.92	19.4012	19.2180	19.3785	19.4646	1
643	16 47 02.215	+47 31 55.80	0.95	82.53	1.89	0.94	99.9999	19.3117	18.3795	17.5675	1
646	16 47 04.056	+47 31 56.06	0.57	82.53	2.42	1.86	99.9999	19.8597	19.3021	18.4791	1
647	16 47 01.726	+47 31 55.46	-0.10	2.09	0.74	0.84	19.5633	18.2109	18.2938	18.0917	1
648	16 46 58.435	+47 31 54.59	0.41	0.97	0.03	-0.39	18.4422	17.4710	17.0617	16.5465	1
654	16 47 04.411	+47 31 55.53	0.58	82.53	3.30	2.72	99.9999	20.7392	20.1672	19.4863	1
659	16 46 57.565	+47 31 53.31	0.70	0.68	-0.79	-1.49	18.1481	16.6446	15.9582	14.8448	1
660	16 46 58.040	+47 31 53.41	0.22	1.16	-0.06	-0.28	18.6295	17.3952	17.1748	17.0405	1
661	16 47 02.367	+47 31 54.47	-0.16	2.27	1.87	2.04	19.7463	19.3430	19.4927	19.5627	1
664	16 47 04.611	+47 31 54.54	0.70	1.83	0.95	0.24	19.3020	18.3808	17.6883	16.8939	1
666	16 46 55.453	+47 31 52.03	1.12	1.53	-0.18	-1.30	18.9981	17.2361	16.1418	14.9625	1
672	16 47 00.741	+47 31 52.66	0.64	1.27	0.55	-0.09	18.7437	17.9835	17.3555	16.5902	1
674	16 47 02.053	+47 31 52.85	0.88	2.23	1.27	0.40	19.6999	18.6963	17.8369	16.9301	1
678	16 46 44.654	+47 31 47.98	0.89	2.50	1.20	0.31	19.9725	18.6248	17.7535	16.8026	1
679	16 46 56.071	+47 31 50.84	0.01	1.76	0.98	0.97	19.2384	18.4455	18.4260	17.9998	0
681	16 47 01.842	+47 31 52.18	0.05	1.69	0.74	0.69	19.1618	18.2016	18.1459	17.7847	1
686	16 46 52.845	+47 31 49.17	0.67	82.53	2.94	2.27	99.9999	20.3753	19.7149	18.8565	1
688	16 46 48.453	+47 31 47.78	0.80	3.02	2.16	1.36	20.4943	19.5842	18.8002	17.8957	1
695	16 47 03.415	+47 31 50.93	0.39	82.53	2.42	2.03	99.9999	19.8647	19.4757	18.5720	1
696	16 47 01.570	+47 31 50.37	0.76	2.19	0.64	-0.12	19.6649	18.0681	17.3231	16.3211	1
699	16 46 55.149	+47 31 48.57	1.45	1.77	-0.61	-2.06	19.2421	16.7854	15.3699	13.8712	1
704	16 46 49.931	+47 31 46.80	0.90	2.56	1.63	0.73	20.0324	19.0507	18.1691	17.2124	1
705	16 46 50.728	+47 31 46.92	-0.21	1.97	1.55	1.76	19.4449	19.0267	19.2210	19.3161	1
706	16 46 56.843	+47 31 48.39	0.81	2.16	1.80	0.99	19.6326	19.2240	18.4296	17.6822	1
709	16 47 04.342	+47 31 49.89	0.65	82.53	2.96	2.31	99.9999	20.3961	19.7546	18.9296	1
713	16 47 01.239	+47 31 48.80	0.84	2.21	0.64	-0.21	19.6800	18.0611	17.2336	16.3208	1
718	16 46 55.899	+47 31 46.74	0.56	1.82	0.74	0.18	19.2951	18.1827	17.6278	16.8016	1
722	16 46 55.462	+47 31 46.54	0.70	3.39	2.93	2.23	20.8595	20.3659	19.6783	18.6872	1
723	16 46 56.989	+47 31 46.69	0.66	1.19	0.61	-0.04	18.6606	18.0465	17.4020	16.8068	1
725	16 47 06.070	+47 31 48.84	0.82	2.35	1.24	0.42	19.8213	18.6684	17.8671	16.9441	1
732	16 46 52.648	+47 31 44.93	0.81	82.53	2.02	1.21	99.9999	19.4518	18.6557	17.6797	1
735	16 47 01.824	+47 31 46.98	1.07	1.99	0.63	-0.44	19.4560	18.0468	17.0019	15.9906	1
736	16 46 56.246	+47 31 45.59	1.08	1.56	0.08	-1.01	19.0350	17.4932	16.4331	15.2842	1
741	16 47 01.435	+47 31 46.54	1.11	1.94	-0.27	-1.38	19.4081	17.1425	16.0548	14.8859	1
744	16 47 03.456	+47 31 46.93	0.56	82.53	3.00	2.44	99.9999	20.4389	19.8857	18.8771	1
751	16 46 51.625	+47 31 43.52	0.29	1.90	0.73	0.44	19.3679	18.1797	17.8862	17.4563	1
754	16 46 51.929	+47 31 43.00	0.60	3.26	2.21	1.61	20.7348	19.6518	19.0601	18.0636	1
766	16 46 55.591	+47 31 42.84	1.27	1.92	1.09	-0.19	19.3896	18.4932	17.2492	16.2504	1
769	16 46 54.912	+47 31 42.57	-0.12	1.94	0.79	0.91	19.4137	18.2611	18.3694	18.1778	0
772	16 47 01.017	+47 31 43.78	0.94	0.72	-0.11	-1.05	18.1896	17.3122	16.3937	15.2799	1
776	16 46 48.265	+47 31 40.32	0.83	3.03	1.90	1.07	20.5016	19.3263	18.5093	17.6506	1
778	16 47 03.781	+47 31 44.05	0.93	2.61	1.46	0.53	20.0843	18.8839	17.9683	17.0317	1
779	16 47 00.848	+47 31 43.28	0.23	0.64	-0.59	-0.83	18.1092	16.8601	16.6237	15.6730	0
781	16 47 05.508	+47 31 44.24	0.69	82.53	3.07	2.38	99.9999	20.5028	19.8199	18.9274	1
782	16 47 20.780	+47 31 47.86	1.19	1.75	0.03	-1.16	19.2242	17.4399	16.2731	15.0793	1
784	16 46 55.730	+47 31 41.35	0.86	2.55	1.35	0.50	20.0226	18.7798	17.9402	16.9169	1
786	16 46 56.604	+47 31 41.53	0.54	1.21	0.34	-0.20	18.6812	17.7830	17.2514	16.7359	1
789	16 47 07.650	+47 31 44.03	0.99	2.11	0.79	-0.21	19.5808	18.2066	17.2339	16.2160	1
791	16 46 56.848	+47 31 41.13	0.55	1.06	0.35	-0.19	18.5341	17.7936	17.2526	16.4934	1
792	16 47 04.618	+47 31 43.04	0.37	3.36	2.53	2.16	20.8336	19.9781	19.6085	18.7395	1
794	16 46 54.858	+47 31 40.35	0.38	82.53	3.08	2.70	99.9999	20.5312	20.1532	18.9992	0
798	16 47 00.820	+47 31 41.38	0.64	1.20	0.27	-0.37	18.6754	17.7067	17.0758	16.8307	1
801	16 46 57.878	+47 31 40.04	1.61	0.46	-1.31	-2.91	17.9248	16.0853	14.5169	13.0086	1
806	16 46 55.535	+47 31 39.17	1.15	1.45	-0.34	-1.49	18.9208	17.0683	15.9471	14.7663	1
812	16 46 51.967	+47 31 37.80	-0.14	2.02	1.32	1.46	19.4924	18.7898	18.9173	18.9226	1
815	16 47 05.530	+47 31 41.00	-0.11	2.03	1.88	1.99	19.5017	19.3521	19.4497	19.4515	1
817	16 47 02.907	+47 31 40.19	0.70	2.36	1.19	0.49	19.8303	18.6227	17.9313	16.9669	1
825	16 47 11.752	+47 31 41.26	0.73	82.53	2.72	1.99	99.9999	20.1486	19.4333	18.5827	1
828	16 47 02.900	+47 31 38.72	0.96	2.49	1.62	0.65	19.9633	19.0363	18.0934	17.1172	1
833	16 46 55.771	+47 31 36.59	1.12	1.30	-0.19	-1.31	18.7735	17.2242	16.1291	15.4054	1
835	16 46 56.533	+47 31 36.68	0.81	0.78	-0.14	-0.95	18.2478	17.2908	16.4955	15.5493	1
836	16 46 57.384	+47 31 36.85	0.76	1.22	0.35	-0.41	18.6871	17.7771	17.0344	16.5603	1
839	16 47 01.701	+47 31 37.68	0.87	2.24	0.61	-0.26	19.7125	18.0389	17.1855	16.2350	1
844	16 46 55.252	+47 31 35.61	0.92	2.79	1.36	0.44	20.2578	18.7834	17.8854	16.8507	1
845	16 46 51.844	+47 31 34.56	0.83	82.53	2.31	1.48	99.9999	19.7406	18.9270	18.0376	1
849	16 46 55.711	+47 31 35.27	0.73	2.31	0.83	0.10	19.7830	18.2603	17.5426	16.6525	1
853	16 47 00.928	+47 31 36.09	0.72	1.17	-0.11	-0.82	18.6434	17.3221	16.6193	15.5522	1
858	16 46 55.103	+47 31 34.00	0.82	2.22	0.89	0.07	19.6922	18.3173	17.5110	16.5122	1
860	16 47 01.818	+47 31 35.47	1.32	1.07	-0.87	-2.19	18.5395	16.5314	15.2409	13.9382	1
862	16 47 03.295	+47 31 35.49	-0.01	1.82	0.72	0.72	19.2972	18.1800	18.1760	18.0339	1
864	16 47 03.450	+47 31 35.11	0.92	82.53	3.16	2.24	99.9999	20.5810	19.6789	18.8506	1
867	16 47 02.816	+47 31 34.70	0.72	82.53	2.60	1.88	99.9999	20.0317	19.3260	19.0299	1
871	16 46 50.625	+47 31 31.43	0.58	82.53	3.28	2.70	99.9999	20.7212	20.1491	19.4818	1
876	16 46 55.465	+47 31 32.27	1.03	82.53	2.74	1.71	99.9999	20.1582	19.1481	18.2437	1
877	16 46 54.944	+47 31 31.97	0.31	3.40	2.38	2.07	20.8745	19.8277	19.5150	18.7112	0
879	16 47 02.530	+47 31 33.72	0.10	1.94	0.69	0.60	19.4105	18.1515	18.0482	17.7344	1
881	16 47 04.083	+47 31 33.97	0.53	2.18	1.12	0.59	19.6547	18.5595	18.0397	17.2952	1
882	16 47 01.489	+47 31 33.31	1.02	1.36	-0.02	-1.04	18.8321	17.3983	16.4001	15.3620	1
887	16 46 56.319	+47 31 31.75	0.87	82.53	2.29	1.41	99.9999	19.7106	18.8546	18.0364	1
889	16 46 51.562	+47 31 30.33	1.26	1.74	-0.11	-1.37	19.2111	17.3017	16.0697	14.8249	1
890	16 46 45.978	+47 31 28.92	0.68	82.53	3.24	2.56	99.9999	20.6726	20.0047	19.4568	1
891	16 47 03.792	+47 31 33.31	0.97	82.53	3.78	2.82	99.9999	21.2034	20.2575	19.3743	1
892	16 47 03.396	+47 31 33.12	0.87	82.53	2.52	1.65	99.9999	19.9482	19.0965	18.2438	1
893	16 46 50.305	+47 31 29.77	0.78	82.53	2.61	1.83	99.9999	20.0398	19.2709	18.4396	1
894	16 46 55.283	+47 31 31.00	0.33	2.02	0.97	0.64	19.4961	18.4193	18.0925	17.4352	1
895	16 46 57.248	+47 31 31.43	1.02	0.84	-1.00	-2.02	18.3109	16.4153	15.4170	13.9638	1
896	16 46 56.789	+47 31 31.24	1.19	2.26	1.78	0.59	19.7284	19.1869	18.0276	17.4588	1
897	16 47 18.319	+47 31 36.39	0.76	82.53	2.62	1.86	99.9999	20.0507	19.3003	18.3913	1
907	16 46 50.593	+47 31 28.10	0.70	82.53	2.15	1.44	99.9999	19.5783	18.8882	18.0302	1
910	16 47 02.428	+47 31 30.59	0.60	2.10	1.00	0.40	19.5722	18.4383	17.8433	16.8698	1
911	16 46 54.427	+47 31 28.50	0.72	3.15	1.70	0.98	20.6228	19.1299	18.4229	17.3996	1
914	16 47 02.778	+47 31 30.35	0.47	1.96	1.10	0.64	19.4302	18.5452	18.0847	17.5794	1
915	16 46 53.752	+47 31 28.10	0.69	4.05	2.72	2.03	21.5202	20.1513	19.4748	18.7108	1
919	16 46 50.420	+47 31 26.99	0.61	82.53	2.71	2.10	99.9999	20.1460	19.5416	18.6116	1
920	16 46 56.751	+47 31 28.51	0.42	1.83	0.33	-0.09	19.2995	17.7766	17.3588	16.1467	0
922	16 46 57.342	+47 31 28.48	0.95	1.66	0.18	-0.77	19.1298	17.5989	16.6664	15.8268	1
923	16 46 54.026	+47 31 27.56	0.58	82.53	2.67	2.09	99.9999	20.1072	19.5380	18.5173	1
927	16 46 55.143	+47 31 27.72	1.12	1.17	-0.37	-1.49	18.6448	17.0439	15.9450	14.7474	1
928	16 47 04.014	+47 31 29.88	-0.35	2.11	1.53	1.88	19.5816	19.0065	19.3368	18.8171	0
941	16 46 54.905	+47 31 26.63	0.43	2.01	1.08	0.65	19.4812	18.5222	18.0974	17.4387	1
942	16 46 49.595	+47 31 25.25	0.79	82.53	2.67	1.88	99.9999	20.0946	19.3236	18.6208	1
944	16 46 53.376	+47 31 25.82	1.08	82.53	3.57	2.50	99.9999	20.9878	19.9344	19.2724	1
945	16 47 00.409	+47 31 27.56	0.48	0.84	-0.29	-0.76	18.3147	17.1546	16.6834	15.5702	0
946	16 47 01.347	+47 31 27.78	0.89	3.05	2.03	1.14	20.5158	19.4577	18.5815	17.9314	1
950	16 46 51.522	+47 31 24.37	0.86	2.50	1.45	0.59	19.9668	18.8707	18.0301	17.0578	1
951	16 47 02.193	+47 31 27.00	0.59	2.05	1.02	0.43	19.5168	18.4571	17.8796	17.1794	1
954	16 46 53.978	+47 31 24.80	0.30	1.75	0.83	0.52	19.2235	18.2781	17.9751	17.3824	1
956	16 46 53.124	+47 31 24.33	0.48	2.11	1.24	0.76	19.5866	18.6856	18.2091	17.6305	1
961	16 47 03.398	+47 31 26.52	0.32	1.82	0.76	0.44	19.2920	18.2130	17.8934	17.5985	1
963	16 46 56.053	+47 31 24.67	0.81	2.49	1.09	0.28	19.9630	18.5193	17.7219	16.6952	1
965	16 47 03.467	+47 31 26.00	0.66	82.53	2.18	1.52	99.9999	19.6145	18.9690	18.2824	1
969	16 46 54.452	+47 31 23.31	0.80	2.28	1.10	0.30	19.7560	18.5322	17.7425	16.7068	1
971	16 46 49.730	+47 31 21.50	0.60	82.53	3.33	2.73	99.9999	20.7660	20.1789	19.3258	1
974	16 46 59.338	+47 31 23.66	0.52	0.67	-0.43	-0.95	18.1461	17.0089	16.4923	15.3987	0
975	16 46 54.165	+47 31 22.37	0.78	2.71	1.58	0.81	20.1769	19.0134	18.2483	17.3351	1
978	16 47 03.221	+47 31 24.41	0.70	2.93	2.12	1.42	20.4056	19.5480	18.8597	18.0384	1
980	16 47 06.829	+47 31 25.02	0.93	2.15	1.13	0.20	19.6232	18.5485	17.6402	16.6469	1
982	16 46 54.047	+47 31 21.79	-0.20	1.76	0.94	1.15	19.2318	18.4166	18.6043	18.3150	0
984	16 47 01.681	+47 31 23.48	0.85	1.47	0.03	-0.82	18.9376	17.4566	16.6191	15.4639	1
986	16 47 00.848	+47 31 23.16	0.87	2.16	0.68	-0.19	19.6314	18.1061	17.2529	16.2655	1
988	16 46 37.852	+47 31 17.32	0.91	2.10	0.85	-0.06	19.5729	18.2712	17.3813	16.3708	1
989	16 47 01.568	+47 31 23.07	0.47	2.46	1.51	1.04	19.9305	18.9552	18.4909	17.7063	1
990	16 46 56.158	+47 31 21.72	0.37	1.78	0.80	0.43	19.2556	18.2520	17.8814	17.0936	1
992	16 46 56.776	+47 31 21.73	1.05	2.23	1.13	0.08	19.6960	18.5502	17.5241	16.5221	1
993	16 46 59.292	+47 31 22.35	0.62	1.34	0.27	-0.35	18.8115	17.7053	17.0986	16.0810	1
995	16 46 59.516	+47 31 22.21	0.22	0.62	-0.54	-0.76	18.0895	16.9121	16.6868	16.4062	1
996	16 46 55.089	+47 31 20.96	1.18	82.53	2.61	1.43	99.9999	20.0226	18.8686	18.1999	1
997	16 47 02.754	+47 31 22.79	-0.18	2.21	1.59	1.77	19.6864	19.0625	19.2240	19.2189	1
999	16 46 57.738	+47 31 21.15	0.78	1.04	-0.30	-1.08	18.5092	17.1310	16.3668	15.2456	1
1001	16 46 55.518	+47 31 20.17	0.45	1.70	1.32	0.87	19.1743	18.7646	18.3176	17.6993	1
1002	16 46 58.108	+47 31 20.44	1.61	0.92	-0.80	-2.40	18.3847	16.5957	15.0305	13.5390	1
1006	16 47 02.344	+47 31 20.97	0.37	82.53	1.95	1.58	99.9999	19.3964	19.0324	18.0754	0
1008	16 47 14.515	+47 31 23.69	0.94	82.53	3.85	2.91	99.9999	21.2742	20.3496	19.5769	1
1009	16 46 57.832	+47 31 19.54	0.96	2.26	1.27	0.31	19.7312	18.6875	17.7460	16.8453	1
1010	16 46 56.397	+47 31 19.13	0.83	2.43	0.97	0.14	19.8995	18.3984	17.5830	16.7259	1
1011	16 46 53.096	+47 31 18.29	0.86	82.53	1.97	1.10	99.9999	19.3920	18.5443	17.6645	1
1013	16 46 55.894	+47 31 18.86	0.34	1.90	0.70	0.36	19.3742	18.1478	17.8090	17.9428	1
1016	16 47 04.329	+47 31 20.76	0.94	82.53	2.62	1.68	99.9999	20.0381	19.1165	18.3610	1
1017	16 47 01.457	+47 31 20.05	0.16	1.60	0.35	0.19	19.0757	17.8066	17.6381	17.1087	1
1021	16 47 10.819	+47 31 21.85	0.76	82.53	2.81	2.05	99.9999	20.2431	19.4965	18.7235	1
1022	16 47 04.022	+47 31 20.09	1.07	1.69	0.34	-0.73	19.1565	17.7560	16.7138	15.6979	1
1023	16 47 02.033	+47 31 19.57	1.12	1.62	-0.16	-1.28	19.0904	17.2499	16.1584	14.9210	1
1027	16 46 50.945	+47 31 16.34	1.63	1.91	-0.59	-2.22	19.3784	16.7998	15.2097	13.6202	1
1028	16 46 58.945	+47 31 18.33	0.85	1.27	-0.14	-0.98	18.7437	17.2904	16.4577	15.4461	1
1029	16 46 55.861	+47 31 17.37	0.51	82.53	2.65	2.14	99.9999	20.0936	19.5867	18.2474	0
1030	16 47 00.882	+47 31 18.57	0.41	2.12	1.12	0.71	19.5914	18.5647	18.1608	17.3409	1
1031	16 46 49.408	+47 31 15.71	0.60	82.53	3.16	2.55	99.9999	20.5945	19.9998	19.4082	1
1032	16 46 59.486	+47 31 18.04	0.49	1.66	0.65	0.17	19.1343	18.0963	17.6126	17.0606	1
1034	16 46 57.179	+47 31 17.40	0.72	82.53	2.76	2.04	99.9999	20.1943	19.4829	18.5078	1
1037	16 47 03.530	+47 31 18.83	0.83	82.53	2.49	1.66	99.9999	19.9180	19.1031	18.2048	1
1038	16 47 03.699	+47 31 18.74	0.36	1.82	0.84	0.48	19.2936	18.2857	17.9301	17.3410	1
1039	16 46 45.668	+47 31 14.23	0.99	2.06	0.90	-0.09	19.5299	18.3210	17.3539	16.3279	1
1041	16 47 00.446	+47 31 17.50	0.87	82.53	0.18	-0.69	99.9999	17.6061	16.7537	15.4170	1
1044	16 47 00.766	+47 31 17.37	-0.27	1.79	1.08	1.35	19.2687	18.5563	18.8073	18.5880	0
1045	16 46 51.560	+47 31 15.02	0.78	2.74	1.96	1.18	20.2062	19.3870	18.6194	17.6789	1
1049	16 47 01.938	+47 31 17.39	0.35	1.92	0.78	0.42	19.3944	18.2234	17.8698	17.2782	1
1050	16 47 00.343	+47 31 16.97	1.05	82.53	0.54	-0.51	99.9999	17.9533	16.9269	15.8889	1
1051	16 47 02.775	+47 31 17.40	0.92	2.61	1.57	0.65	20.0783	18.9912	18.0894	17.1123	1
1054	16 46 57.401	+47 31 15.45	-0.00	1.64	0.55	0.55	19.1099	18.0143	18.0061	18.3012	1
1055	16 46 56.419	+47 31 15.01	1.01	1.50	-0.31	-1.32	18.9731	17.1064	16.1199	15.0021	1
1056	16 46 57.178	+47 31 15.19	0.89	2.27	0.78	-0.11	19.7412	18.2063	17.3335	16.3526	1
1057	16 47 00.704	+47 31 16.02	-0.08	2.03	0.86	0.94	19.5078	18.3256	18.3928	18.1979	1
1058	16 46 45.444	+47 31 11.76	-0.19	1.98	1.65	1.85	19.4580	19.1277	19.3032	19.4572	1
1060	16 46 49.911	+47 31 12.78	0.89	2.79	1.61	0.72	20.2577	19.0328	18.1634	17.1742	1
1061	16 47 02.881	+47 31 15.99	0.82	2.96	1.58	0.76	20.4289	19.0084	18.2041	17.2729	1
1062	16 46 54.847	+47 31 13.88	0.83	2.14	0.61	-0.22	19.6105	18.0333	17.2240	16.2127	1
1064	16 46 56.593	+47 31 14.11	0.76	2.08	0.92	0.16	19.5511	18.3495	17.6006	16.6960	1
1065	16 47 02.116	+47 31 15.40	0.30	2.28	1.18	0.88	19.7576	18.6276	18.3284	17.8416	1
1068	16 46 59.260	+47 31 14.38	0.08	1.71	0.58	0.50	19.1841	18.0399	17.9503	18.1276	1
1069	16 47 04.595	+47 31 15.47	0.81	82.53	3.09	2.28	99.9999	20.5183	19.7191	18.7738	1
1071	16 47 03.366	+47 31 14.97	0.08	1.84	0.55	0.47	19.3180	18.0099	17.9188	17.5915	1
1072	16 46 58.466	+47 31 13.50	0.55	2.45	1.15	0.60	19.9211	18.5890	18.0426	16.9185	1
1073	16 47 05.843	+47 31 15.31	0.84	82.53	2.00	1.17	99.9999	19.4299	18.6103	17.6695	1
1074	16 47 01.083	+47 31 14.13	0.42	2.01	1.04	0.62	19.4825	18.4810	18.0637	17.4721	1
1075	16 46 58.856	+47 31 13.22	0.85	1.65	0.01	-0.84	19.1186	17.4365	16.6021	15.4773	1
1077	16 46 58.557	+47 31 12.38	1.10	82.53	2.12	1.02	99.9999	19.5300	18.4573	17.6400	1
1080	16 46 57.425	+47 31 11.62	0.74	3.04	1.47	0.73	20.5086	18.9005	18.1694	17.2083	1
1081	16 46 57.100	+47 31 11.40	0.24	1.96	0.63	0.39	19.4351	18.0880	17.8416	17.2911	1
1083	16 46 53.949	+47 31 10.43	0.87	3.25	2.49	1.62	20.7207	19.9158	19.0612	18.3241	1
1085	16 47 04.087	+47 31 12.92	0.83	2.18	0.98	0.16	19.6527	18.4095	17.5997	16.6095	1
1086	16 47 05.663	+47 31 12.90	0.86	2.32	1.38	0.52	19.7895	18.8015	17.9630	17.0266	1
1087	16 47 01.260	+47 31 11.71	0.89	2.54	1.38	0.48	20.0085	18.8006	17.9258	17.0134	1
1090	16 46 56.629	+47 31 10.29	0.26	1.77	0.67	0.41	19.2424	18.1233	17.8626	17.5374	1
1094	16 47 06.484	+47 31 11.93	-0.06	2.16	1.71	1.77	19.6373	19.1782	19.2252	19.2833	1
1096	16 47 08.358	+47 31 12.34	0.64	2.04	1.22	0.57	19.5084	18.6525	18.0189	17.3037	1
1097	16 47 02.490	+47 31 10.84	0.97	2.00	0.49	-0.48	19.4732	17.9072	16.9590	15.8851	1
1098	16 46 53.518	+47 31 08.28	0.86	2.61	1.45	0.58	20.0796	18.8734	18.0268	17.1080	1
1099	16 47 01.065	+47 31 10.13	0.15	1.43	0.19	0.04	18.9054	17.6495	17.4900	17.2270	1
1100	16 46 59.424	+47 31 09.65	0.16	1.65	1.15	0.99	19.1259	18.6081	18.4395	18.8334	1
1101	16 46 57.119	+47 31 09.07	1.05	82.53	2.41	1.36	99.9999	19.8313	18.8013	18.0467	1
1103	16 47 03.205	+47 31 10.43	0.80	1.91	0.75	-0.04	19.3779	18.1807	17.4005	16.5262	1
1105	16 46 56.412	+47 31 08.56	1.09	82.53	3.05	1.97	99.9999	20.4691	19.4064	18.6947	1
1106	16 46 54.450	+47 31 08.07	-0.06	1.97	0.91	0.97	19.4484	18.3747	18.4215	18.2951	1
1107	16 46 57.769	+47 31 08.84	1.46	1.74	-0.40	-1.86	19.2132	16.9968	15.5708	14.2075	1
1108	16 46 59.728	+47 31 09.30	0.88	2.03	0.57	-0.31	19.4980	17.9982	17.1325	16.0975	1
1111	16 47 01.914	+47 31 08.99	0.31	1.69	0.89	0.58	19.1651	18.3355	18.0271	17.4163	1
1112	16 46 58.709	+47 31 07.77	1.01	82.53	3.06	2.05	99.9999	20.4804	19.4877	18.7066	1
1113	16 46 59.332	+47 31 07.88	0.87	1.78	0.38	-0.49	19.2538	17.8035	16.9491	15.9369	1
1114	16 46 54.614	+47 31 06.66	1.03	1.54	-0.00	-1.04	19.0059	17.4148	16.4046	15.2839	1
1115	16 47 01.795	+47 31 08.38	0.93	82.53	1.40	0.47	99.9999	18.8203	17.9113	17.0263	1
1117	16 46 43.103	+47 31 03.40	1.28	1.85	-0.08	-1.36	19.3172	17.3224	16.0725	14.8362	1
1119	16 47 03.307	+47 31 08.40	0.98	82.53	2.82	1.84	99.9999	20.2386	19.2765	18.4377	1
1120	16 47 03.055	+47 31 08.02	0.23	1.89	0.83	0.59	19.3661	18.2825	18.0461	17.6849	1
1122	16 46 57.129	+47 31 06.51	0.88	1.95	0.53	-0.35	19.4224	17.9584	17.0952	16.0043	1
1124	16 46 58.178	+47 31 06.45	-0.07	1.71	0.81	0.88	19.1804	18.2779	18.3351	18.2380	1
1125	16 47 00.788	+47 31 06.91	1.00	2.43	1.64	0.64	19.8968	19.0596	18.0812	17.1880	1
1129	16 46 59.796	+47 31 06.31	1.18	82.53	3.44	2.25	99.9999	20.8467	19.6908	18.6308	1
1131	16 46 57.638	+47 31 05.25	0.57	82.53	2.66	2.08	99.9999	20.0950	19.5292	18.7384	1
1132	16 47 03.676	+47 31 06.73	-0.26	1.91	1.36	1.62	19.3872	18.8370	19.0780	19.1568	1
1133	16 46 58.078	+47 31 05.32	0.15	1.91	0.97	0.82	19.3851	18.4275	18.2698	17.1805	0
1134	16 46 56.382	+47 31 04.87	0.75	2.83	1.70	0.95	20.3022	19.1265	18.3908	17.5927	1
1135	16 46 59.546	+47 31 05.63	0.55	3.05	2.03	1.48	20.5193	19.4711	18.9244	17.8733	1
1136	16 47 00.971	+47 31 05.30	0.38	1.99	0.31	-0.07	19.4586	17.7585	17.3766	16.4708	0
1137	16 47 01.835	+47 31 05.46	0.76	1.52	0.29	-0.47	18.9882	17.7241	16.9765	16.0440	1
1141	16 46 59.970	+47 31 03.84	-0.08	2.08	1.13	1.21	19.5495	18.5958	18.6640	18.5554	1
1142	16 46 56.033	+47 31 02.82	0.09	1.47	0.60	0.51	18.9401	18.0568	17.9596	17.4653	0
1143	16 46 59.702	+47 31 03.55	0.47	1.78	0.88	0.41	19.2511	18.3195	17.8553	17.0360	1
1145	16 46 59.354	+47 31 02.79	0.89	2.43	0.92	0.03	19.8980	18.3432	17.4717	16.4613	1
1146	16 47 04.672	+47 31 04.08	0.89	2.52	1.28	0.39	19.9875	18.7042	17.8366	16.8584	1
1147	16 46 55.241	+47 31 01.70	0.90	3.32	2.47	1.57	20.7931	19.8905	19.0105	18.1039	1
1151	16 46 57.089	+47 31 01.27	0.73	82.53	3.21	2.48	99.9999	20.6446	19.9248	18.9037	1
1152	16 47 07.344	+47 31 03.69	0.98	1.97	0.78	-0.20	19.4363	18.2011	17.2449	16.2103	1
1153	16 47 01.596	+47 31 02.27	0.87	2.27	0.93	0.06	19.7387	18.3509	17.5014	16.5136	1
1154	16 46 59.025	+47 31 01.17	-0.23	1.90	0.79	1.01	19.3787	18.2612	18.4697	18.4891	1
1155	16 47 03.050	+47 31 02.13	0.94	2.28	0.85	-0.09	19.7535	18.2710	17.3472	16.3502	1
1157	16 47 01.817	+47 31 01.45	0.53	82.53	2.46	1.93	99.9999	19.9011	19.3746	18.4243	1
1158	16 47 00.451	+47 31 00.98	0.88	2.26	0.96	0.08	19.7332	18.3830	17.5178	16.7179	1
1159	16 46 56.843	+47 30 59.98	0.35	1.85	0.88	0.53	19.3260	18.3322	17.9842	17.3957	1
1162	16 47 00.770	+47 31 00.52	0.66	82.53	2.64	1.98	99.9999	20.0741	19.4260	18.4182	1
1163	16 46 59.174	+47 30 59.67	0.76	1.01	0.00	-0.76	18.4786	17.4307	16.6829	15.7216	1
1164	16 46 48.006	+47 30 56.81	0.80	3.39	2.72	1.92	20.8613	20.1454	19.3617	18.5821	1
1166	16 47 02.704	+47 31 00.37	0.56	2.28	1.31	0.75	19.7496	18.7461	18.1949	17.4880	1
1168	16 46 59.287	+47 30 59.38	1.36	1.43	-0.15	-1.51	18.8980	17.2513	15.9269	14.8240	1
1170	16 46 57.480	+47 30 58.63	0.80	1.69	0.46	-0.33	19.1573	17.8929	17.1118	16.1624	1
1171	16 47 04.237	+47 31 00.20	0.75	82.53	3.02	2.27	99.9999	20.4519	19.7186	18.9486	1
1172	16 47 04.994	+47 30 59.97	0.86	2.57	1.53	0.67	20.0394	18.9550	18.1098	17.1674	1
1174	16 46 58.483	+47 30 58.00	0.49	2.01	0.98	0.50	19.4870	18.4258	17.9455	17.2303	1
1175	16 46 55.050	+47 30 56.90	0.88	3.52	3.59	2.71	20.9879	21.0170	20.1535	19.3337	1
1176	16 46 50.996	+47 30 55.85	0.75	3.01	2.19	1.43	20.4817	19.6176	18.8780	18.0412	1
1179	16 46 43.627	+47 30 53.85	0.77	3.36	2.60	1.83	20.8315	20.0247	19.2705	18.4228	1
1181	16 46 58.332	+47 30 56.91	0.70	0.00	-0.98	-1.68	17.4759	16.4550	15.7636	14.8984	1
1182	16 46 56.410	+47 30 56.04	-0.09	2.60	2.44	2.53	20.0787	19.9102	19.9856	99.9999	1
1183	16 46 48.135	+47 30 53.46	0.84	82.53	3.50	2.66	99.9999	20.9283	20.1072	19.5823	1
1185	16 47 03.091	+47 30 55.80	0.79	82.53	2.03	1.24	99.9999	19.4578	18.6867	17.9068	1
1186	16 47 02.397	+47 30 55.47	0.93	3.41	2.20	1.27	20.8766	19.6220	18.7115	17.7690	1
1187	16 47 04.748	+47 30 55.71	0.57	82.53	3.20	2.63	99.9999	20.6385	20.0804	19.1378	1
1188	16 46 57.661	+47 30 53.92	0.99	2.20	0.66	-0.33	19.6717	18.0829	17.1105	16.0762	1
1190	16 47 03.997	+47 30 54.96	0.34	2.49	1.15	0.81	19.9651	18.5955	18.2594	17.6584	1
1192	16 46 54.672	+47 30 51.91	0.68	82.53	2.31	1.63	99.9999	19.7465	19.0790	18.0945	1
1193	16 47 00.930	+47 30 53.34	0.94	1.43	0.15	-0.79	18.8960	17.5687	16.6511	15.6598	1
1195	16 47 03.858	+47 30 53.94	0.75	2.53	1.73	0.98	19.9969	19.1574	18.4246	17.5255	1
1197	16 46 54.818	+47 30 50.79	1.25	2.33	0.65	-0.60	19.7999	18.0559	16.8317	15.6821	1
1198	16 46 47.190	+47 30 48.79	0.88	2.43	1.20	0.31	19.8979	18.6200	17.7563	16.7751	1
1199	16 46 58.271	+47 30 51.52	0.83	2.30	1.09	0.26	19.7706	18.5140	17.7047	16.7603	1
1200	16 46 56.306	+47 30 50.84	0.78	82.53	2.99	2.21	99.9999	20.4191	19.6563	18.9539	1
1201	16 47 00.309	+47 30 51.82	0.83	82.53	3.91	3.08	99.9999	21.3343	20.5182	19.4907	1
1202	16 46 57.224	+47 30 50.94	0.68	82.53	3.32	2.64	99.9999	20.7559	20.0836	19.4045	1
1203	16 47 00.573	+47 30 51.57	0.29	1.95	0.80	0.51	19.4186	18.2559	17.9643	17.5969	1
1205	16 47 00.829	+47 30 51.36	0.85	3.38	2.58	1.74	20.8502	20.0096	19.1808	18.4134	1
1206	16 47 05.879	+47 30 51.75	0.64	82.53	3.28	2.64	99.9999	20.7146	20.0822	19.2065	1
1208	16 46 54.611	+47 30 48.83	0.41	1.96	1.23	0.82	19.4304	18.6773	18.2729	17.7765	1
1209	16 46 53.557	+47 30 48.14	0.16	1.90	0.88	0.72	19.3746	18.3383	18.1688	17.8978	1
1210	16 46 57.213	+47 30 48.18	0.34	1.69	0.82	0.48	19.1591	18.2682	17.9328	17.3647	1
1212	16 46 54.813	+47 30 46.89	0.66	3.51	3.53	2.87	20.9817	20.9635	20.3182	19.6086	1
1213	16 46 58.941	+47 30 47.55	-0.21	2.41	2.22	2.43	19.8829	19.6942	19.8836	19.3346	0
1214	16 46 55.751	+47 30 45.84	0.62	82.53	2.62	2.00	99.9999	20.0534	19.4426	18.4605	1
1215	16 46 51.952	+47 30 44.65	0.76	82.53	3.17	2.41	99.9999	20.5999	19.8575	18.9733	1
1216	16 46 56.815	+47 30 45.12	0.63	82.53	3.69	3.06	99.9999	21.1210	20.5014	19.7809	1
1219	16 46 58.074	+47 30 43.89	0.73	3.27	2.83	2.11	20.7407	20.2645	19.5499	18.4968	1
1221	16 46 55.266	+47 30 43.00	0.83	3.18	2.42	1.59	20.6495	19.8482	19.0321	18.1680	1
1222	16 46 55.819	+47 30 42.93	0.83	2.65	1.44	0.61	20.1224	18.8670	18.0515	17.0727	1
1223	16 47 03.366	+47 30 44.45	0.78	1.68	0.51	-0.27	19.1481	17.9400	17.1758	16.2979	1
1224	16 47 01.878	+47 30 43.85	0.79	82.53	2.83	2.04	99.9999	20.2588	19.4838	18.7969	1
1226	16 47 03.209	+47 30 42.46	0.74	82.53	3.70	2.95	99.9999	21.1282	20.3977	19.7380	1
1228	16 46 53.591	+47 30 39.91	0.67	82.53	3.22	2.55	99.9999	20.6531	19.9945	19.3187	1
1230	16 47 08.541	+47 30 43.26	-0.08	2.03	1.34	1.42	19.5077	18.8076	18.8761	18.7977	1
1231	16 46 57.456	+47 30 40.48	0.28	2.18	1.01	0.73	19.6521	18.4586	18.1806	17.7634	1
1232	16 47 06.403	+47 30 42.62	-0.15	2.30	2.02	2.17	19.7705	19.4935	19.6304	19.8824	1
1233	16 46 46.229	+47 30 35.86	0.70	1.88	1.04	0.34	19.3489	18.4692	17.7836	17.0891	1
1235	16 47 00.122	+47 30 39.03	0.85	3.54	2.80	1.95	21.0108	20.2227	19.3890	18.3783	1
1236	16 46 50.579	+47 30 36.49	0.92	2.22	0.96	0.04	19.6874	18.3863	17.4840	16.4933	1
1237	16 47 07.578	+47 30 40.41	0.89	82.53	2.88	1.99	99.9999	20.2993	19.4301	18.9822	1
1238	16 46 59.488	+47 30 38.23	0.73	82.53	2.85	2.12	99.9999	20.2846	19.5652	18.6123	1
1240	16 46 51.881	+47 30 36.09	0.73	82.53	2.95	2.22	99.9999	20.3796	19.6600	18.8680	1
1241	16 46 48.971	+47 30 34.67	0.79	82.53	1.93	1.14	99.9999	19.3624	18.5873	17.7224	1
1242	16 46 53.355	+47 30 35.70	-0.27	2.86	2.70	2.97	20.3326	20.1779	20.4283	20.3587	0
1243	16 47 07.341	+47 30 38.96	0.84	2.80	1.91	1.07	20.2736	19.3343	18.5098	17.7140	1
1246	16 46 54.845	+47 30 34.41	0.52	82.53	2.76	2.24	99.9999	20.1966	19.6868	18.9402	1
1247	16 47 10.322	+47 30 38.00	0.60	1.88	1.02	0.42	19.3521	18.4549	17.8659	17.3815	1
1250	16 46 56.204	+47 30 32.08	0.67	82.53	3.20	2.53	99.9999	20.6310	19.9738	19.1849	1
1252	16 47 03.128	+47 30 32.73	0.83	82.53	2.34	1.50	99.9999	19.7642	18.9460	18.0496	1
1254	16 47 01.054	+47 30 31.70	0.51	2.04	1.15	0.64	19.5118	18.5939	18.0895	17.4865	1
1255	16 47 07.202	+47 30 33.15	0.56	82.53	3.62	3.05	99.9999	21.0544	20.4984	19.7770	1
1256	16 46 57.424	+47 30 30.69	-0.10	2.05	1.38	1.49	19.5233	18.8502	18.9410	19.0199	1
1258	16 46 59.264	+47 30 30.90	0.86	2.79	1.60	0.74	20.2642	19.0214	18.1777	17.2030	1
1260	16 46 58.802	+47 30 27.09	0.92	2.28	1.13	0.20	19.7511	18.5484	17.6429	16.6779	1
1261	16 47 00.249	+47 30 27.38	0.87	82.53	3.22	2.35	99.9999	20.6431	19.7917	18.9356	1
1262	16 47 01.013	+47 30 27.42	0.83	82.53	3.27	2.44	99.9999	20.6981	19.8813	19.1952	1
1263	16 46 57.788	+47 30 26.22	0.44	82.53	2.62	2.18	99.9999	20.0663	19.6281	18.5268	0
1264	16 46 56.897	+47 30 25.60	0.85	2.67	1.73	0.88	20.1374	19.1574	18.3267	17.3892	1
1265	16 46 49.258	+47 30 23.40	0.18	1.69	0.47	0.29	19.1604	17.9260	17.7457	17.5220	1
1268	16 46 57.279	+47 30 23.31	1.02	1.98	0.69	-0.33	19.4532	18.1106	17.1101	16.0937	1
1269	16 46 53.627	+47 30 22.29	1.36	1.79	-0.34	-1.71	19.2598	17.0591	15.7285	14.4166	1
1272	16 46 57.649	+47 30 21.99	0.75	82.53	1.87	1.12	99.9999	19.2992	18.5660	17.6248	1
1273	16 46 59.188	+47 30 22.17	0.45	2.02	1.14	0.69	19.4929	18.5829	18.1365	17.5199	1
1274	16 46 55.911	+47 30 20.70	0.84	2.42	1.09	0.24	19.8879	18.5129	17.6863	16.7069	1
1275	16 47 04.982	+47 30 22.67	0.86	82.53	2.48	1.62	99.9999	19.9059	19.0580	18.3429	1
1276	16 46 54.354	+47 30 20.05	0.71	82.53	3.18	2.46	99.9999	20.6085	19.9081	19.0917	1
1277	16 47 02.811	+47 30 21.17	1.42	1.68	-0.61	-2.03	19.1460	16.7908	15.4063	14.0479	1
1278	16 46 52.133	+47 30 18.12	-0.21	2.08	1.40	1.62	19.5498	18.8763	19.0733	19.0629	1
1279	16 46 50.256	+47 30 16.98	0.69	82.53	2.21	1.52	99.9999	19.6394	18.9611	18.1206	1
1283	16 47 01.253	+47 30 16.32	0.65	82.53	2.71	2.06	99.9999	20.1471	19.5056	18.6504	1
1287	16 47 02.669	+47 30 13.84	0.82	2.87	2.10	1.28	20.3425	19.5245	18.7234	17.7678	1
1288	16 47 06.718	+47 30 14.78	0.95	3.12	3.11	2.16	20.5898	20.5289	19.5963	18.7737	1
1289	16 46 42.793	+47 30 07.64	0.83	82.53	3.36	2.54	99.9999	20.7897	19.9793	19.1929	1
1290	16 47 01.056	+47 30 11.20	0.78	3.10	2.61	1.83	20.5677	20.0347	19.2712	18.4654	1
1293	16 46 53.218	+47 30 07.96	0.92	2.31	1.12	0.20	19.7837	18.5438	17.6398	16.6498	1
1295	16 47 00.896	+47 30 07.56	0.66	82.53	2.85	2.19	99.9999	20.2838	19.6302	18.7057	1
1296	16 46 55.119	+47 30 05.16	1.11	1.68	0.13	-0.98	19.1502	17.5409	16.4572	15.3435	1
1297	16 47 05.750	+47 30 07.42	0.96	2.24	0.93	-0.03	19.7102	18.3554	17.4151	16.4323	1
1299	16 46 51.915	+47 29 59.71	-0.03	2.43	2.34	2.37	19.9070	19.8015	19.8216	19.9276	1
1300	16 46 58.324	+47 30 01.16	-0.07	82.53	2.90	2.97	99.9999	20.3671	20.4283	19.7541	0
1301	16 47 11.282	+47 30 02.92	0.92	2.37	1.22	0.30	19.8438	18.6393	17.7409	16.7917	1
1304	16 46 54.746	+47 29 56.03	0.54	1.96	1.14	0.61	19.4270	18.5841	18.0549	17.4907	1
1308	16 46 56.347	+47 29 53.33	0.18	1.51	0.17	-0.01	18.9789	17.6217	17.4389	17.2354	1
1310	16 47 10.392	+47 29 54.38	0.29	82.53	2.73	2.44	99.9999	20.1773	19.8898	19.0011	0
1315	16 46 59.720	+47 29 42.38	0.68	82.53	2.34	1.66	99.9999	19.7730	19.1022	18.2976	1
1319	16 46 56.275	+47 29 34.63	0.47	1.93	1.13	0.66	19.3975	18.5741	18.1103	17.5516	1
1321	16 46 57.076	+47 29 30.07	0.86	2.48	1.51	0.65	19.9545	18.9334	18.0873	17.1231	1
1329	16 46 55.348	+47 29 21.42	0.89	3.18	2.89	2.01	20.6555	20.3172	19.4494	18.6364	1
1330	16 47 00.321	+47 29 22.43	0.66	82.53	3.55	2.89	99.9999	20.9825	20.3340	19.4491	1
1331	16 47 13.304	+47 29 25.05	0.65	82.53	3.38	2.73	99.9999	20.8108	20.1752	19.3319	1
1332	16 47 03.868	+47 29 20.70	0.71	1.99	1.09	0.38	19.4635	18.5174	17.8210	16.9935	1
1336	16 47 09.846	+47 29 16.67	1.20	82.53	3.54	2.34	99.9999	20.9514	19.7803	19.1260	1
1339	16 47 06.067	+47 29 11.78	0.61	82.53	2.63	2.02	99.9999	20.0648	19.4634	18.6204	1
1342	16 47 05.879	+47 29 01.24	0.84	2.41	1.52	0.68	19.8800	18.9482	18.1210	17.2686	1
1352	16 47 03.545	+47 28 50.03	1.17	82.53	3.50	2.33	99.9999	20.9096	19.7681	19.0318	1
1357	16 47 04.929	+47 28 47.21	0.54	2.18	1.26	0.73	19.6515	18.7038	18.1751	17.4570	1
1358	16 47 01.639	+47 28 44.77	0.43	2.36	1.89	1.45	19.8295	19.3302	18.9010	18.2778	1
1366	16 47 00.587	+47 28 29.42	0.72	82.53	3.15	2.43	99.9999	20.5797	19.8758	19.2466	1
