# ngc6352 E(B-V)=0.22, m-M = 13.74
# BlueFlag Note: if (V-I)0 > 0.331 + 1.444 * (B-V)0 then BlueFlag = 0
# 	RA		Dec		(B-V)_0	M_u	M_B	M_V	u	B	V	I	BlueFlag
1	17 26 13.127	-48 24 10.66	0.61	4.16	3.74	3.12	19.0486	18.3674	17.5732	16.6669	1
2	17 26 13.309	-48 30 52.43	0.55	3.43	3.11	2.56	18.3125	17.7426	17.0086	16.0042	1
4	17 26 13.189	-48 29 58.43	1.30	4.01	2.40	1.10	18.8879	16.9810	15.5314	13.9938	1
8	17 26 12.785	-48 31 18.29	0.73	3.78	3.25	2.52	18.6706	17.8677	16.9664	15.8948	1
9	17 26 12.591	-48 30 56.76	0.36	2.68	2.43	2.07	17.5664	17.0799	16.5253	15.7461	1
11	17 26 12.033	-48 23 11.28	0.91	2.73	1.83	0.92	17.6126	16.4418	15.3648	14.0812	1
12	17 26 12.080	-48 25 13.15	0.72	3.97	3.54	2.82	18.8534	18.1613	17.2624	16.3185	1
19	17 26 11.516	-48 20 48.06	1.22	3.88	2.58	1.36	18.7592	17.1644	15.7948	14.1592	1
20	17 26 11.769	-48 29 34.74	0.76	4.48	4.00	3.24	19.3705	18.6229	17.6893	16.3838	1
21	17 26 11.590	-48 25 21.84	1.11	2.63	1.31	0.20	17.5121	15.9018	14.6317	13.2513	1
22	17 26 11.634	-48 28 00.10	0.49	3.26	3.00	2.52	18.1514	17.6425	16.9676	16.1244	1
23	17 26 11.501	-48 25 19.45	0.89	2.68	1.93	1.05	17.5699	16.5428	15.4890	14.2891	1
26	17 26 11.217	-48 25 26.76	1.05	2.71	1.68	0.63	17.5956	16.2757	15.0690	13.7343	1
31	17 26 11.191	-48 29 25.06	0.60	2.92	2.58	1.98	17.8118	17.2055	16.4250	15.4122	1
32	17 26 11.004	-48 24 33.17	1.00	4.14	3.11	2.11	19.0202	17.7114	16.5455	15.2527	1
33	17 26 11.238	-48 31 28.49	0.75	3.86	3.58	2.84	18.7457	18.2038	17.2835	16.2489	1
36	17 26 10.966	-48 26 57.24	1.59	1.51	0.23	-1.36	16.3887	14.7909	13.0664	9.1149	0
37	17 26 11.019	-48 31 42.64	1.13	3.46	2.34	1.21	18.3403	16.9356	15.6477	14.1267	1
38	17 26 10.582	-48 23 42.94	1.06	4.20	3.14	2.07	19.0833	17.7328	16.5121	15.1907	1
40	17 26 10.435	-48 23 57.46	0.68	2.62	2.12	1.44	17.5105	16.7424	15.8849	14.9212	1
42	17 26 10.506	-48 26 23.34	0.78	1.82	1.23	0.44	16.7106	15.8434	14.8863	13.7758	1
46	17 26 10.286	-48 25 59.40	1.08	4.14	3.08	2.00	19.0260	17.6796	16.4406	15.0733	1
47	17 26 10.421	-48 30 03.32	0.59	3.54	3.27	2.68	18.4278	17.9012	17.1340	16.2525	1
49	17 26 10.009	-48 20 24.63	1.00	3.58	2.74	1.75	18.4640	17.3452	16.1848	14.6691	1
50	17 26 10.172	-48 27 53.23	1.00	3.65	2.64	1.63	18.5299	17.2387	16.0729	14.7353	1
51	17 26 09.989	-48 24 33.90	0.89	3.38	2.61	1.72	18.2604	17.2226	16.1617	15.0996	1
52	17 26 09.960	-48 26 35.45	1.23	3.17	1.71	0.48	18.0530	16.2936	14.9145	13.5387	1
53	17 26 10.120	-48 31 38.51	0.65	3.53	3.15	2.50	18.4183	17.7777	16.9471	15.9514	1
54	17 26 09.850	-48 24 26.40	0.69	3.73	3.29	2.60	18.6165	17.9100	17.0424	16.1542	1
58	17 26 09.784	-48 30 10.23	1.22	1.55	0.23	-1.00	16.4343	14.8107	13.4345	12.0127	1
59	17 26 09.464	-48 23 31.95	0.71	4.19	3.60	2.88	19.0721	18.2181	17.3276	16.3654	1
64	17 26 08.972	-48 26 07.29	0.78	4.02	3.19	2.41	18.9077	17.8077	16.8590	15.8344	1
65	17 26 08.771	-48 20 39.90	0.97	4.30	3.64	2.67	19.1887	18.2430	17.1132	15.8923	1
66	17 26 08.939	-48 26 37.82	0.74	4.39	3.80	3.06	19.2749	18.4206	17.5030	16.5345	1
68	17 26 08.956	-48 31 50.48	0.56	3.86	3.54	2.98	18.7443	18.1738	17.4265	16.4140	1
71	17 26 08.534	-48 23 49.29	0.80	3.69	3.05	2.25	18.5746	17.6651	16.6898	15.6944	1
72	17 26 08.296	-48 24 18.21	0.62	3.99	3.59	2.97	18.8754	18.2181	17.4220	16.4470	1
73	17 26 08.222	-48 25 09.94	1.30	2.08	0.49	-0.81	16.9601	15.0687	13.6188	12.1621	1
74	17 26 08.164	-48 24 57.96	1.46	2.37	0.56	-0.90	17.2516	15.1294	13.5253	11.8983	1
76	17 26 08.299	-48 29 14.47	1.37	4.00	2.26	0.89	18.8790	16.8312	15.3156	13.6487	1
77	17 26 08.018	-48 23 26.99	0.66	4.27	3.77	3.11	19.1534	18.3989	17.5572	16.6194	1
79	17 26 07.860	-48 21 55.94	1.07	3.18	2.03	0.96	18.0675	16.6238	15.3932	14.0242	1
82	17 26 07.728	-48 22 33.48	0.39	0.49	0.32	-0.07	15.3786	14.9628	14.3829	13.6993	1
86	17 26 07.510	-48 27 32.12	0.73	3.01	2.63	1.90	17.8964	17.2465	16.3446	15.4304	1
90	17 26 06.920	-48 20 39.72	0.54	1.26	0.98	0.44	16.1505	15.6108	14.8904	14.0590	1
98	17 26 06.430	-48 24 17.25	0.73	4.03	3.33	2.60	18.9155	17.9538	17.0491	16.0809	1
99	17 26 06.096	-48 22 53.54	0.78	3.71	3.08	2.30	18.5935	17.6960	16.7415	15.7489	1
102	17 26 05.995	-48 23 51.40	0.83	3.74	3.08	2.25	18.6236	17.6970	16.6979	15.6131	1
104	17 26 05.416	-48 22 13.81	0.58	3.25	2.89	2.31	18.1375	17.5208	16.7551	15.8308	1
106	17 26 05.478	-48 27 24.30	1.18	3.58	2.28	1.09	18.4593	16.8653	15.5294	14.1666	1
107	17 26 05.510	-48 30 51.57	0.44	0.10	0.01	-0.42	14.9903	14.6545	14.0297	13.2925	1
109	17 26 05.146	-48 21 37.73	0.70	4.05	3.38	2.68	18.9384	17.9994	17.1266	16.0522	1
110	17 26 05.445	-48 30 43.31	0.60	3.00	2.51	1.91	17.8866	17.1356	16.3561	15.3994	1
115	17 26 04.947	-48 22 21.80	0.61	2.75	2.51	1.91	17.6343	17.1447	16.3558	15.4794	1
124	17 26 04.244	-48 24 02.26	0.66	3.73	3.19	2.53	18.6170	17.8140	16.9777	15.9590	1
127	17 26 04.036	-48 20 58.82	1.65	2.55	0.55	-1.10	17.4338	15.1031	13.3256	11.2956	1
130	17 26 04.011	-48 26 23.79	0.62	4.37	4.11	3.49	19.2602	18.7364	17.9372	17.0694	1
133	17 26 03.660	-48 22 44.00	0.87	3.85	3.01	2.14	18.7309	17.6171	16.5806	15.5143	1
135	17 26 03.665	-48 26 00.22	1.18	0.71	-0.76	-1.94	15.5982	13.8269	12.4914	11.1567	1
138	17 26 03.322	-48 21 07.55	0.59	2.92	2.63	2.04	17.8043	17.2581	16.4854	15.4972	1
140	17 26 03.497	-48 29 15.00	0.77	3.71	2.91	2.13	18.5945	17.5229	16.5766	15.5576	1
144	17 26 03.119	-48 31 56.24	0.72	1.60	1.09	0.38	16.4860	15.7145	14.8238	13.7961	1
146	17 26 02.651	-48 20 21.20	0.71	2.97	2.40	1.69	17.8541	17.0220	16.1353	15.0088	1
148	17 26 02.582	-48 21 37.28	0.42	-0.74	-0.96	-1.38	14.1486	13.6827	13.0704	12.3718	1
149	17 26 02.707	-48 25 22.92	0.92	2.60	1.76	0.84	17.4831	16.3639	15.2763	14.0534	1
151	17 26 02.668	-48 26 47.73	0.93	3.99	3.22	2.28	18.8736	17.8226	16.7236	15.5105	1
152	17 26 02.201	-48 20 48.09	0.54	3.32	2.86	2.32	18.2076	17.4932	16.7688	15.7733	1
157	17 26 01.839	-48 20 30.21	1.25	4.29	3.07	1.82	19.1731	17.6490	16.2528	14.6678	1
158	17 26 02.187	-48 31 54.32	0.67	2.33	1.87	1.20	17.2122	16.4945	15.6508	14.6951	1
159	17 26 02.147	-48 30 52.14	-0.02	-2.20	-2.57	-2.54	12.6884	12.1097	11.9238	11.7442	1
160	17 26 02.006	-48 27 39.01	0.45	4.00	3.89	3.44	18.8880	18.5329	17.8955	17.0892	1
163	17 26 01.919	-48 30 18.67	0.51	2.78	2.57	2.06	17.6696	17.2103	16.5129	15.5319	1
164	17 26 01.783	-48 26 21.14	0.40	-0.02	-0.20	-0.60	14.8661	14.4402	13.8522	13.1554	1
167	17 26 01.666	-48 25 08.80	1.40	3.57	1.75	0.35	18.4508	16.3216	14.7793	13.2205	1
170	17 26 01.397	-48 23 19.37	0.71	3.98	3.37	2.67	18.8687	17.9945	17.1118	16.0984	1
174	17 26 01.049	-48 20 54.59	0.48	0.62	0.33	-0.15	15.5090	14.9704	14.3071	13.5457	1
176	17 26 01.298	-48 29 55.91	0.56	2.40	2.04	1.48	17.2888	16.6771	15.9330	15.0688	1
177	17 26 01.155	-48 25 42.83	1.34	3.66	1.96	0.61	18.5458	16.5346	15.0453	13.5918	1
179	17 26 01.147	-48 27 03.15	0.69	4.02	3.69	2.99	18.9104	18.3090	17.4388	16.4768	1
180	17 26 00.881	-48 23 06.35	0.75	4.38	3.82	3.07	19.2641	18.4348	17.5150	16.5241	1
181	17 26 00.902	-48 26 39.14	0.97	3.31	2.54	1.57	18.1967	17.1400	16.0087	14.7410	1
183	17 26 00.694	-48 23 59.85	0.71	4.53	4.01	3.30	19.4205	18.6342	17.7448	16.7992	1
185	17 26 00.760	-48 28 06.65	0.71	2.62	2.09	1.37	17.5081	16.7099	15.8205	14.8395	1
189	17 26 00.271	-48 22 20.99	0.70	3.88	3.42	2.72	18.7703	18.0466	17.1659	16.1458	1
196	17 25 59.976	-48 24 13.65	0.60	4.24	3.85	3.26	19.1234	18.4825	17.7056	16.7801	1
197	17 26 00.043	-48 28 34.24	0.81	3.01	2.30	1.49	17.8981	16.9160	15.9314	14.8615	1
198	17 25 59.847	-48 27 19.84	0.86	3.81	2.94	2.08	18.6935	17.5496	16.5198	15.4523	1
202	17 25 59.430	-48 20 05.36	0.90	4.06	3.18	2.28	18.9486	17.7892	16.7180	15.5675	1
206	17 25 59.335	-48 30 45.18	1.05	4.04	2.78	1.73	18.9241	17.3821	16.1698	14.8735	1
207	17 25 59.222	-48 29 04.70	0.48	1.68	1.46	0.98	16.5642	16.1036	15.4348	14.6597	1
208	17 25 59.139	-48 27 19.09	0.51	2.89	2.49	1.97	17.7769	17.1256	16.4263	15.5663	1
211	17 25 58.708	-48 20 49.34	0.59	3.94	3.57	2.98	18.8254	18.2025	17.4265	16.4522	1
212	17 25 58.614	-48 19 42.20	0.81	3.79	3.19	2.38	18.6732	17.8066	16.8229	15.5588	1
222	17 25 57.812	-48 21 11.82	0.79	2.61	2.03	1.24	17.4909	16.6432	15.6828	14.6622	1
223	17 25 57.520	-48 22 28.31	0.76	4.32	3.87	3.11	19.2056	18.4902	17.5571	16.5404	1
224	17 25 57.587	-48 24 35.64	0.29	0.05	-0.29	-0.57	14.9373	14.3647	13.8828	13.2286	1
225	17 25 57.475	-48 21 20.00	0.78	4.40	3.62	2.84	19.2893	18.2329	17.2828	16.2679	1
226	17 25 57.659	-48 30 56.49	0.59	3.59	3.42	2.82	18.4737	18.0465	17.2707	16.4110	1
227	17 25 57.341	-48 22 34.96	0.64	3.47	3.05	2.41	18.3586	17.6737	16.8576	15.8126	1
228	17 25 57.226	-48 18 59.91	1.25	4.00	2.71	1.45	18.8815	17.2893	15.8856	14.3524	1
229	17 25 57.394	-48 26 46.18	0.74	4.34	3.96	3.22	19.2279	18.5835	17.6701	16.6762	1
231	17 25 57.273	-48 26 01.76	1.26	2.84	1.40	0.14	17.7268	15.9865	14.5739	13.0267	1
234	17 25 56.733	-48 18 27.17	1.15	4.51	3.13	1.98	19.3940	17.7224	16.4167	14.9923	1
240	17 25 56.757	-48 25 00.01	0.48	3.28	3.10	2.62	18.1644	17.7390	17.0743	16.1559	1
241	17 25 56.658	-48 22 35.71	0.75	4.10	3.50	2.74	18.9856	18.1180	17.1901	16.1257	1
242	17 25 56.573	-48 20 30.69	0.68	3.33	2.69	2.02	18.2160	17.3184	16.4637	15.3767	1
244	17 25 56.561	-48 22 56.29	1.04	4.21	3.20	2.15	19.0959	17.7966	16.5920	15.2684	1
245	17 25 56.658	-48 30 57.81	1.45	3.80	1.96	0.51	18.6867	16.5281	14.9384	13.2517	1
246	17 25 56.240	-48 25 34.49	0.69	3.56	3.03	2.34	18.4459	17.6514	16.7841	15.8309	1
247	17 25 56.076	-48 22 22.31	0.96	3.72	2.90	1.94	18.6044	17.5068	16.3851	15.1590	1
248	17 25 56.075	-48 27 04.75	0.80	4.30	3.77	2.97	19.1866	18.3881	17.4152	16.4092	1
251	17 25 55.872	-48 29 20.91	0.63	3.75	3.15	2.52	18.6407	17.7749	16.9678	16.0206	1
254	17 25 55.771	-48 31 25.86	0.67	3.73	3.20	2.53	18.6142	17.8258	16.9798	16.0366	1
255	17 25 55.547	-48 28 30.17	0.66	4.58	4.22	3.56	19.4669	18.8463	18.0078	17.0421	1
256	17 25 55.505	-48 27 11.27	0.43	0.01	-0.21	-0.64	14.9024	14.4302	13.8134	13.0289	1
257	17 25 55.282	-48 21 04.76	0.57	2.00	1.68	1.11	16.8903	16.3111	15.5590	14.7351	1
260	17 25 55.111	-48 25 26.87	0.65	3.95	3.43	2.78	18.8376	18.0571	17.2287	16.3376	1
262	17 25 55.115	-48 29 54.14	0.53	0.29	-0.01	-0.54	15.1762	14.6227	13.9117	13.1151	1
263	17 25 54.850	-48 26 04.82	0.57	2.85	2.47	1.90	17.7399	17.0980	16.3461	15.4745	1
264	17 25 54.802	-48 27 13.76	0.74	3.47	2.95	2.21	18.3537	17.5706	16.6527	15.6603	1
266	17 25 54.492	-48 20 57.44	1.23	3.98	2.49	1.26	18.8594	17.0766	15.6954	14.2902	1
267	17 25 54.517	-48 23 53.04	0.70	3.97	3.42	2.72	18.8560	18.0421	17.1696	16.0971	1
268	17 25 54.440	-48 23 07.54	0.68	3.57	3.20	2.53	18.4532	17.8282	16.9725	15.9879	1
269	17 25 54.444	-48 23 33.53	0.71	3.49	3.15	2.44	18.3761	17.7743	16.8911	15.9494	1
271	17 25 54.574	-48 30 32.22	0.67	3.94	3.54	2.87	18.8307	18.1685	17.3195	16.2943	1
273	17 25 53.958	-48 19 06.03	0.83	4.22	3.63	2.81	19.1048	18.2468	17.2510	16.1484	1
275	17 25 54.007	-48 22 08.35	0.63	3.74	3.46	2.83	18.6303	18.0855	17.2743	16.2980	1
278	17 25 53.957	-48 25 34.44	0.49	1.27	0.97	0.48	16.1585	15.6076	14.9301	14.1084	1
279	17 25 53.814	-48 21 30.61	0.97	3.54	2.78	1.81	18.4206	17.3830	16.2511	15.0185	1
284	17 25 53.601	-48 26 24.14	1.18	2.23	0.79	-0.39	17.1102	15.3779	14.0435	12.6650	1
285	17 25 53.408	-48 20 43.73	0.79	3.63	3.05	2.26	18.5207	17.6679	16.7069	15.6796	1
286	17 25 53.360	-48 23 32.50	0.58	2.55	2.18	1.61	17.4340	16.8138	16.0551	15.1299	1
287	17 25 53.494	-48 32 00.81	0.88	2.91	2.08	1.19	17.7923	16.6862	15.6351	14.4003	1
288	17 25 53.156	-48 23 34.61	0.64	4.09	3.77	3.13	18.9770	18.3953	17.5745	16.6639	1
290	17 25 53.152	-48 25 14.78	1.01	3.27	2.29	1.28	18.1567	16.8900	15.7144	14.3928	1
291	17 25 52.936	-48 24 07.71	1.48	2.45	0.57	-0.91	17.3321	15.1369	13.5191	11.8121	1
292	17 25 52.847	-48 24 39.52	0.97	2.68	1.79	0.82	17.5608	16.3972	15.2613	14.0078	1
294	17 25 53.006	-48 30 23.53	0.71	4.11	3.54	2.83	18.9970	18.1634	17.2793	16.3021	1
295	17 25 52.868	-48 27 14.04	0.56	4.09	3.86	3.29	18.9808	18.4907	17.7452	16.8063	1
297	17 25 52.732	-48 28 28.61	1.23	2.92	1.43	0.20	17.8061	16.0112	14.6293	13.1933	1
299	17 25 52.437	-48 18 53.79	0.62	3.28	2.90	2.28	18.1634	17.5279	16.7248	15.7118	1
302	17 25 52.585	-48 26 11.97	0.60	3.49	3.11	2.51	18.3774	17.7394	16.9611	16.0795	1
303	17 25 52.444	-48 23 06.83	0.62	3.85	3.52	2.90	18.7334	18.1453	17.3446	16.3359	1
304	17 25 52.642	-48 30 20.34	0.61	3.81	3.27	2.65	18.6936	17.8949	17.0997	16.1212	1
308	17 25 52.425	-48 30 28.02	0.75	3.53	2.92	2.17	18.4203	17.5418	16.6133	15.6606	1
312	17 25 52.320	-48 28 30.98	0.98	3.86	2.96	1.98	18.7397	17.5659	16.4204	15.1252	1
313	17 25 52.413	-48 31 41.26	1.07	3.84	2.74	1.67	18.7283	17.3335	16.1090	14.7471	1
315	17 25 52.152	-48 30 47.25	0.73	4.03	3.36	2.63	18.9163	17.9772	17.0716	15.9506	1
317	17 25 51.772	-48 23 22.84	0.78	3.88	3.71	2.93	18.7646	18.3278	17.3781	16.3447	1
321	17 25 51.658	-48 28 46.22	0.82	4.68	4.47	3.65	19.5681	19.0865	18.0959	17.1327	1
323	17 25 51.311	-48 19 59.31	0.77	3.61	2.92	2.15	18.4994	17.5413	16.5946	15.5171	1
326	17 25 51.389	-48 27 04.16	0.51	1.44	1.22	0.71	16.3280	15.8582	15.1639	14.3839	1
328	17 25 51.201	-48 22 26.29	0.55	2.01	1.63	1.07	16.8935	16.2611	15.5238	14.6941	1
329	17 25 51.185	-48 22 02.23	0.74	3.70	3.15	2.41	18.5818	17.7699	16.8568	15.8519	1
332	17 25 51.299	-48 28 04.58	1.25	3.51	2.10	0.85	18.3962	16.6834	15.2826	13.7881	1
336	17 25 50.959	-48 21 30.08	0.59	3.52	3.10	2.51	18.4096	17.7357	16.9604	16.0306	1
339	17 25 50.801	-48 23 15.96	0.52	1.93	1.50	0.97	16.8139	16.1338	15.4248	14.5983	1
341	17 25 50.680	-48 26 39.00	0.65	2.29	1.84	1.19	17.1803	16.4682	15.6353	14.7217	1
344	17 25 50.438	-48 20 30.39	0.86	3.75	3.06	2.21	18.6394	17.6753	16.6498	15.4832	1
346	17 25 50.711	-48 30 38.59	0.68	3.22	2.64	1.96	18.1050	17.2607	16.4074	15.5606	1
347	17 25 50.321	-48 20 39.71	0.79	3.07	2.39	1.60	17.9526	17.0038	16.0454	15.0062	1
348	17 25 50.090	-48 19 32.64	0.66	3.76	3.45	2.80	18.6501	18.0805	17.2453	16.1928	1
350	17 25 50.173	-48 23 23.33	0.84	4.46	4.05	3.21	19.3476	18.6586	17.6495	16.6857	1
352	17 25 50.235	-48 28 44.37	0.90	4.10	3.36	2.47	18.9806	17.9712	16.9086	15.6784	1
356	17 25 49.708	-48 19 09.89	0.85	3.96	3.43	2.58	18.8485	18.0411	17.0203	15.8684	1
358	17 25 49.546	-48 19 40.94	0.80	3.99	3.53	2.73	18.8718	18.1437	17.1714	16.0804	1
360	17 25 49.553	-48 24 10.39	1.07	4.45	3.25	2.18	19.3336	17.8484	16.6223	15.2264	1
362	17 25 49.228	-48 21 21.48	1.27	3.27	1.81	0.55	18.1490	16.3953	14.9800	13.4521	1
363	17 25 49.382	-48 26 44.98	0.74	4.22	3.79	3.05	19.1018	18.4140	17.4985	16.3668	1
365	17 25 49.120	-48 28 00.28	0.63	3.70	3.54	2.90	18.5870	18.1674	17.3534	16.4599	1
366	17 25 49.150	-48 29 36.86	1.09	3.80	2.74	1.64	18.6851	17.3307	16.0791	14.7912	1
367	17 25 48.881	-48 22 15.41	0.71	4.16	3.54	2.83	19.0467	18.1581	17.2742	16.2684	1
368	17 25 48.862	-48 26 00.91	1.37	3.85	2.22	0.85	18.7323	16.7965	15.2812	13.6582	1
372	17 25 48.784	-48 27 29.08	0.93	3.95	3.23	2.31	18.8368	17.8376	16.7464	15.4998	1
376	17 25 48.489	-48 26 46.14	0.72	4.28	3.91	3.20	19.1658	18.5351	17.6443	16.6405	1
381	17 25 48.005	-48 22 02.96	0.64	2.41	1.97	1.33	17.3014	16.5964	15.7744	14.8053	1
382	17 25 48.222	-48 31 04.49	0.34	3.25	2.82	2.48	18.1348	17.4696	16.9397	16.2235	1
384	17 25 48.090	-48 29 04.23	1.01	1.88	0.93	-0.08	16.7656	15.5316	14.3633	13.1169	1
385	17 25 48.061	-48 28 04.89	0.68	4.12	3.67	2.99	19.0019	18.2973	17.4414	16.6470	1
386	17 25 47.846	-48 21 29.66	0.97	2.76	1.97	1.01	17.6415	16.5757	15.4464	14.0776	1
387	17 25 47.966	-48 27 57.33	1.12	4.19	3.16	2.04	19.0756	17.7550	16.4805	15.1221	1
388	17 25 47.841	-48 23 54.87	0.74	4.52	4.19	3.45	19.4093	18.8072	17.8950	16.9205	1
389	17 25 47.864	-48 28 07.76	1.01	3.27	2.27	1.26	18.1531	16.8694	15.7015	14.3898	1
390	17 25 47.657	-48 24 59.60	1.37	3.35	1.69	0.32	18.2276	16.2623	14.7497	13.1703	1
392	17 25 47.540	-48 22 27.97	1.66	4.25	2.18	0.52	19.1315	16.7330	14.9404	13.0337	1
393	17 25 47.537	-48 24 32.82	0.81	4.02	3.32	2.51	18.9059	17.9360	16.9540	15.9506	1
395	17 25 47.368	-48 26 08.09	0.89	3.21	2.51	1.62	18.0922	17.1203	16.0638	15.0081	1
396	17 25 47.284	-48 23 12.16	1.06	3.76	2.81	1.75	18.6395	17.4054	16.1882	14.8996	1
398	17 25 47.380	-48 27 00.67	0.67	3.57	3.17	2.50	18.4601	17.7942	16.9477	16.0252	1
400	17 25 47.283	-48 25 26.99	0.66	4.65	4.11	3.45	19.5409	18.7348	17.9009	16.8644	1
401	17 25 47.381	-48 30 55.33	0.79	2.96	2.27	1.48	17.8435	16.8829	15.9207	14.9079	1
404	17 25 46.864	-48 20 53.92	1.32	4.47	3.05	1.73	19.3488	17.6307	16.1591	14.5365	1
405	17 25 46.992	-48 25 47.41	0.89	4.34	3.57	2.68	19.2286	18.1774	17.1191	15.8905	1
408	17 25 46.742	-48 21 38.82	0.74	4.14	3.56	2.82	19.0291	18.1828	17.2660	16.2168	1
409	17 25 46.786	-48 24 02.15	0.51	3.54	3.14	2.63	18.4285	17.7757	17.0786	16.2114	1
411	17 25 46.758	-48 24 29.39	0.84	2.91	2.09	1.25	17.7992	16.6982	15.6919	14.6259	1
412	17 25 46.719	-48 25 30.45	1.04	3.78	2.81	1.76	18.6653	17.4060	16.2013	14.9012	1
413	17 25 46.386	-48 20 23.26	1.13	3.92	2.80	1.67	18.8030	17.3878	16.1060	14.6726	1
415	17 25 46.648	-48 31 37.47	0.60	2.94	2.64	2.04	17.8255	17.2680	16.4881	15.6303	1
416	17 25 46.451	-48 26 49.11	0.75	4.19	3.69	2.94	19.0717	18.3122	17.3891	16.2438	1
417	17 25 46.425	-48 26 31.09	0.99	3.98	3.17	2.18	18.8603	17.7728	16.6205	15.3658	1
418	17 25 46.279	-48 22 11.43	0.68	3.28	2.84	2.16	18.1657	17.4627	16.6023	15.6054	1
419	17 25 46.462	-48 29 26.14	0.62	3.73	3.41	2.78	18.6166	18.0351	17.2320	16.3399	1
421	17 25 46.389	-48 29 19.44	0.58	4.46	4.17	3.59	19.3468	18.8044	18.0445	16.9965	1
423	17 25 46.237	-48 26 21.01	1.39	3.52	1.73	0.35	18.4006	16.3075	14.7787	13.2121	1
428	17 25 46.199	-48 30 02.94	0.83	4.25	3.37	2.54	19.1328	17.9841	16.9808	15.9361	1
430	17 25 45.831	-48 21 09.55	1.08	4.25	3.11	2.03	19.1372	17.7068	16.4657	15.1394	1
433	17 25 45.955	-48 29 04.02	0.55	0.61	0.36	-0.18	15.4984	14.9968	14.2672	13.4742	1
434	17 25 45.730	-48 21 51.71	1.11	2.74	1.61	0.50	17.6245	16.2047	14.9339	13.4956	1
436	17 25 45.780	-48 26 00.74	0.57	4.57	4.22	3.65	19.4561	18.8504	18.0973	17.0208	1
437	17 25 45.758	-48 26 22.73	0.74	4.29	3.72	2.97	19.1762	18.3376	17.4190	16.4808	1
438	17 25 45.758	-48 26 42.31	0.93	4.50	3.51	2.58	19.3843	18.1147	17.0199	15.7810	1
439	17 25 45.604	-48 26 39.99	0.72	3.77	3.33	2.61	18.6604	17.9495	17.0528	16.0804	1
440	17 25 45.465	-48 23 34.24	1.45	2.75	1.05	-0.40	17.6362	15.6195	14.0282	12.3431	1
443	17 25 45.407	-48 27 00.94	1.13	4.29	3.04	1.91	19.1692	17.6347	16.3488	15.0163	1
445	17 25 45.272	-48 31 48.96	0.65	3.00	2.39	1.74	17.8826	17.0176	16.1859	15.2329	1
446	17 25 45.131	-48 29 52.27	0.50	3.12	2.86	2.36	18.0034	17.5001	16.8138	16.0006	1
451	17 25 44.829	-48 23 47.50	0.77	0.73	0.04	-0.73	15.6156	14.6566	13.7152	12.6709	1
453	17 25 44.814	-48 25 20.63	0.59	2.93	2.65	2.06	17.8209	17.2779	16.5077	15.6512	1
454	17 25 44.869	-48 27 22.42	0.63	2.70	2.41	1.78	17.5851	17.0335	16.2251	15.3256	1
455	17 25 44.815	-48 25 57.07	0.52	3.62	3.26	2.74	18.5101	17.8939	17.1925	16.3188	1
456	17 25 44.718	-48 24 27.23	0.55	2.26	1.97	1.43	17.1482	16.6052	15.8760	15.0322	1
457	17 25 44.680	-48 23 35.58	0.79	4.47	4.10	3.31	19.3542	18.7202	17.7538	16.7972	1
458	17 25 44.839	-48 29 29.92	0.22	3.06	2.40	2.18	17.9540	17.0557	16.6359	16.0728	1
460	17 25 44.637	-48 26 39.42	0.77	4.28	3.57	2.80	19.1661	18.1861	17.2405	16.1877	1
462	17 25 44.445	-48 23 23.50	1.30	2.80	1.26	-0.04	17.6799	15.8424	14.3941	12.8162	1
463	17 25 44.587	-48 30 38.26	0.59	2.94	2.55	1.96	17.8271	17.1820	16.4060	15.4766	1
473	17 25 43.855	-48 19 46.55	0.81	3.13	2.67	1.86	18.0202	17.2823	16.3038	15.2189	1
475	17 25 43.962	-48 25 31.58	1.02	3.62	2.63	1.61	18.5046	17.2286	16.0482	14.7013	1
478	17 25 43.882	-48 26 08.15	0.63	3.24	2.84	2.21	18.1309	17.4711	16.6583	15.6347	1
479	17 25 43.751	-48 22 03.77	0.71	4.52	3.83	3.12	19.4068	18.4566	17.5660	16.4847	1
480	17 25 43.947	-48 29 32.37	0.92	3.45	2.57	1.66	18.3367	17.1796	16.0968	14.9005	1
482	17 25 43.727	-48 26 08.99	1.21	2.44	1.20	-0.02	17.3258	15.7812	14.4176	12.9785	1
486	17 25 43.478	-48 22 27.38	0.71	4.14	3.66	2.94	19.0305	18.2809	17.3905	16.3917	1
487	17 25 43.561	-48 25 43.64	0.65	3.53	3.34	2.70	18.4186	17.9675	17.1435	16.2573	1
488	17 25 43.370	-48 20 51.50	0.43	1.46	1.08	0.64	16.3431	15.7195	15.0982	14.3120	1
489	17 25 43.527	-48 28 11.90	0.66	3.21	2.66	2.00	18.1010	17.2872	16.4458	15.4765	1
491	17 25 43.411	-48 25 41.94	0.72	4.77	4.54	3.82	19.6579	19.1628	18.2659	17.1683	1
492	17 25 43.483	-48 29 23.63	0.61	2.68	2.35	1.74	17.5674	16.9752	16.1845	15.2851	1
494	17 25 43.297	-48 24 06.16	0.58	2.83	2.51	1.93	17.7151	17.1392	16.3768	15.4904	1
497	17 25 43.289	-48 29 22.09	0.72	3.62	3.06	2.35	18.5077	17.6846	16.7936	15.8498	1
498	17 25 43.231	-48 27 39.72	0.53	3.76	3.84	3.31	18.6454	18.4764	17.7637	16.9741	1
499	17 25 43.056	-48 26 19.48	0.84	3.31	2.58	1.75	18.1968	17.1962	16.1898	15.1482	1
501	17 25 43.074	-48 30 19.84	1.07	4.18	3.06	1.99	19.0633	17.6545	16.4260	15.1094	1
502	17 25 42.918	-48 24 43.63	0.70	3.96	3.55	2.86	18.8492	18.1744	17.3028	16.3177	1
503	17 25 42.769	-48 20 38.70	0.65	2.62	2.15	1.50	17.5108	16.7728	15.9452	14.9686	1
505	17 25 42.800	-48 25 09.30	1.14	4.27	2.86	1.72	19.1487	17.4543	16.1568	14.7568	1
506	17 25 42.549	-48 20 36.30	1.03	3.07	2.11	1.07	17.9511	16.7057	15.5106	14.1820	1
508	17 25 42.506	-48 23 59.52	0.75	2.97	2.34	1.59	17.8565	16.9619	16.0379	14.9812	1
509	17 25 42.518	-48 25 25.56	0.79	4.64	4.02	3.23	19.5235	18.6369	17.6763	16.6805	1
511	17 25 42.420	-48 22 13.05	0.82	1.37	0.53	-0.29	16.2555	15.1433	14.1498	13.0957	1
512	17 25 42.553	-48 27 14.30	0.73	4.54	4.05	3.32	19.4293	18.6752	17.7674	16.7088	1
513	17 25 42.529	-48 26 26.04	1.08	4.40	3.31	2.23	19.2882	17.9026	16.6666	15.3229	1
516	17 25 42.505	-48 28 36.88	0.64	4.06	3.79	3.16	18.9504	18.4195	17.6038	16.8887	1
517	17 25 42.319	-48 22 52.46	0.73	4.75	4.23	3.51	19.6326	18.8559	17.9538	16.9583	1
518	17 25 42.448	-48 29 23.25	0.70	4.22	3.69	2.98	19.1059	18.3096	17.4307	16.4666	1
520	17 25 42.134	-48 24 50.06	0.54	4.52	4.16	3.63	19.4074	18.7990	18.0785	17.0653	1
521	17 25 42.183	-48 29 32.16	0.77	2.50	1.91	1.15	17.3897	16.5313	15.5924	14.5866	1
522	17 25 41.912	-48 24 14.34	0.79	4.25	3.69	2.90	19.1324	18.3093	17.3463	16.4468	1
523	17 25 41.971	-48 27 15.68	0.74	3.12	2.66	1.92	18.0104	17.2754	16.3617	15.3973	1
524	17 25 42.072	-48 31 13.55	0.97	2.55	1.73	0.76	17.4346	16.3311	15.2014	13.9936	1
527	17 25 41.843	-48 26 48.60	0.56	3.88	3.49	2.93	18.7715	18.1209	17.3783	16.4607	1
528	17 25 41.607	-48 18 30.07	0.78	3.84	3.30	2.52	18.7294	17.9186	16.9640	15.9347	1
530	17 25 41.483	-48 18 27.87	1.02	4.27	3.05	2.03	19.1536	17.6503	16.4670	15.0527	1
531	17 25 41.775	-48 30 00.19	0.62	3.51	3.09	2.48	18.3963	17.7225	16.9250	16.0542	1
532	17 25 41.528	-48 24 20.04	0.95	4.22	3.37	2.43	19.1012	17.9776	16.8662	15.6035	1
533	17 25 41.382	-48 19 10.31	0.38	0.97	0.60	0.22	15.8592	15.2485	14.6765	14.0199	1
535	17 25 41.407	-48 20 50.11	0.37	3.95	3.42	3.05	18.8411	18.0643	17.5036	16.8679	1
536	17 25 41.524	-48 28 39.04	0.45	3.62	3.33	2.88	18.5070	17.9723	17.3376	16.5240	1
538	17 25 41.469	-48 30 05.98	0.49	0.12	-0.16	-0.65	15.0044	14.4817	13.8059	13.0249	1
541	17 25 41.424	-48 31 10.35	0.53	3.41	3.05	2.52	18.3017	17.6830	16.9705	16.0896	1
542	17 25 41.097	-48 21 19.07	0.90	4.02	3.13	2.22	18.9021	17.7334	16.6644	15.3799	1
544	17 25 41.146	-48 27 44.44	0.89	4.28	4.16	3.27	19.1674	18.7691	17.7139	16.7685	1
545	17 25 40.988	-48 27 10.91	0.97	3.88	3.15	2.19	18.7685	17.7585	16.6278	15.3313	1
546	17 25 40.817	-48 20 46.69	0.94	4.35	3.42	2.48	19.2324	18.0298	16.9227	15.6536	1
547	17 25 40.921	-48 25 05.55	1.30	4.42	2.88	1.58	19.3067	17.4591	16.0142	14.4110	1
549	17 25 40.701	-48 21 47.08	1.23	3.31	2.00	0.78	18.1886	16.5896	15.2118	13.7314	1
550	17 25 40.740	-48 28 18.25	0.62	4.31	3.87	3.26	19.2014	18.5018	17.7042	16.7648	1
551	17 25 40.509	-48 19 40.89	0.49	3.60	3.21	2.73	18.4833	17.8496	17.1778	16.2824	1
552	17 25 40.788	-48 30 49.38	0.66	2.70	2.11	1.45	17.5820	16.7396	15.9008	15.0143	1
556	17 25 40.366	-48 23 15.81	0.75	4.11	3.50	2.75	18.9953	18.1161	17.1945	16.2443	1
557	17 25 40.432	-48 26 47.06	0.66	3.87	3.62	2.96	18.7557	18.2498	17.4114	16.3762	1
560	17 25 40.320	-48 26 25.93	1.07	3.08	2.00	0.93	17.9617	16.5969	15.3673	13.9993	1
561	17 25 40.298	-48 25 58.79	0.99	4.46	3.43	2.44	19.3445	18.0321	16.8805	15.5549	1
562	17 25 40.078	-48 19 44.74	0.96	1.61	0.73	-0.22	16.4976	15.3379	14.2178	13.0275	1
563	17 25 40.107	-48 20 55.85	0.76	2.99	2.49	1.73	17.8736	17.1116	16.1743	15.1089	1
564	17 25 40.067	-48 21 12.20	1.04	4.23	3.24	2.21	19.1116	17.8414	16.6443	15.3009	1
566	17 25 40.099	-48 24 49.02	0.75	4.43	3.90	3.15	19.3140	18.5228	17.5984	16.5574	1
567	17 25 40.141	-48 27 10.08	0.94	2.55	1.78	0.83	17.4380	16.3834	15.2750	14.0339	1
568	17 25 39.919	-48 26 07.14	0.92	4.61	4.00	3.09	19.4980	18.6119	17.5278	16.3575	1
569	17 25 39.850	-48 24 41.27	0.70	3.26	2.84	2.14	18.1453	17.4600	16.5878	15.6020	1
571	17 25 39.789	-48 24 59.04	1.34	4.26	2.59	1.25	19.1436	17.1653	15.6766	14.1405	1
573	17 25 39.679	-48 23 47.89	1.05	3.77	2.85	1.80	18.6560	17.4523	16.2414	14.9504	1
574	17 25 39.763	-48 27 13.74	0.64	4.42	4.28	3.64	19.3112	18.9051	18.0858	17.1130	1
576	17 25 39.538	-48 24 25.04	0.67	4.11	3.75	3.08	18.9955	18.3750	17.5255	16.5450	1
577	17 25 39.618	-48 28 01.38	1.38	2.76	1.18	-0.20	17.6395	15.7533	14.2317	12.6049	1
578	17 25 39.551	-48 26 13.14	1.36	3.65	3.29	1.93	18.5289	17.8682	16.3609	15.0437	1
579	17 25 39.376	-48 20 51.88	0.96	3.65	2.71	1.75	18.5341	17.3158	16.1883	14.9578	1
581	17 25 39.314	-48 24 36.59	1.02	3.50	2.46	1.44	18.3841	17.0632	15.8775	14.5019	1
582	17 25 39.239	-48 23 34.90	0.93	4.01	3.19	2.26	18.8976	17.7981	16.7042	15.4282	1
583	17 25 39.232	-48 26 15.52	1.14	4.01	3.50	2.36	18.8943	18.0958	16.8001	15.5339	1
584	17 25 39.153	-48 23 59.20	0.71	4.34	4.05	3.33	19.2252	18.6675	17.7776	16.8338	1
586	17 25 39.005	-48 22 07.21	1.16	2.97	1.75	0.59	17.8521	16.3372	15.0226	13.6543	1
587	17 25 38.948	-48 28 00.53	0.49	4.37	4.19	3.69	19.2553	18.8232	18.1435	17.2181	1
588	17 25 38.780	-48 23 42.83	1.07	3.97	2.91	1.84	18.8582	17.5030	16.2770	14.9333	1
590	17 25 38.821	-48 26 54.02	0.47	4.11	3.84	3.37	19.0003	18.4758	17.8177	16.9747	1
591	17 25 38.717	-48 22 59.84	1.11	4.31	3.48	2.37	19.1934	18.0757	16.8043	15.4239	1
593	17 25 38.578	-48 20 50.55	0.62	4.00	3.63	3.01	18.8848	18.2584	17.4546	16.4966	1
594	17 25 38.670	-48 24 25.93	0.98	4.69	3.76	2.77	19.5764	18.3586	17.2115	15.9206	1
596	17 25 38.610	-48 23 04.17	0.53	1.37	1.04	0.51	16.2601	15.6752	14.9572	14.1032	1
597	17 25 38.486	-48 18 51.20	0.78	4.15	3.66	2.88	19.0340	18.2776	17.3269	16.2976	1
598	17 25 38.770	-48 30 40.48	0.51	3.20	2.79	2.28	18.0846	17.4296	16.7344	15.8562	1
599	17 25 38.791	-48 31 31.20	1.25	3.91	2.40	1.15	18.7924	16.9784	15.5796	14.0881	1
601	17 25 38.631	-48 28 14.51	1.28	2.76	1.34	0.06	17.6384	15.9165	14.4912	12.9565	1
602	17 25 38.404	-48 22 30.96	1.13	3.80	2.59	1.46	18.6808	17.1800	15.8945	14.5159	1
605	17 25 38.513	-48 30 24.17	0.75	3.73	3.30	2.55	18.6124	17.9224	16.9973	15.8712	1
607	17 25 38.459	-48 28 55.40	0.62	2.29	1.86	1.24	17.1752	16.4890	15.6901	14.7844	1
608	17 25 38.444	-48 30 34.32	0.85	3.23	2.56	1.71	18.1113	17.1742	16.1572	14.9602	1
609	17 25 38.271	-48 26 21.11	0.96	3.15	2.29	1.33	18.0346	16.8906	15.7678	14.4924	1
610	17 25 38.214	-48 26 06.77	0.40	4.18	3.95	3.55	19.0706	18.5946	18.0071	17.0349	1
611	17 25 38.147	-48 23 42.55	0.97	2.67	1.73	0.76	17.5507	16.3291	15.1994	13.8893	1
613	17 25 38.088	-48 25 50.18	0.93	3.72	2.98	2.05	18.6040	17.5880	16.4920	15.2865	1
617	17 25 37.962	-48 27 17.08	0.88	2.48	1.67	0.79	17.3621	16.2792	15.2314	14.0275	1
618	17 25 37.923	-48 26 42.52	0.25	-0.47	-0.88	-1.13	14.4156	13.7770	13.3305	12.7932	1
619	17 25 37.937	-48 28 51.22	0.52	2.56	2.28	1.76	17.4442	16.9118	16.2081	15.3395	1
622	17 25 37.742	-48 22 44.44	1.11	3.87	2.79	1.69	18.7531	17.3876	16.1251	14.7319	1
623	17 25 37.724	-48 24 51.44	0.66	3.57	3.32	2.65	18.4546	17.9423	17.1005	16.1126	1
624	17 25 37.875	-48 31 12.38	0.62	2.82	2.44	1.82	17.7046	17.0692	16.2731	15.3541	1
625	17 25 37.791	-48 28 23.87	0.74	3.41	2.92	2.18	18.3001	17.5363	16.6244	15.7030	1
626	17 25 37.683	-48 25 05.10	0.96	3.87	2.99	2.03	18.7530	17.5927	16.4688	15.2082	1
631	17 25 37.608	-48 26 22.42	0.72	3.15	2.59	1.87	18.0334	17.2100	16.3145	15.3138	1
632	17 25 37.653	-48 29 50.77	0.53	1.71	1.34	0.81	16.5949	15.9719	15.2615	14.4515	1
633	17 25 37.563	-48 27 24.47	0.73	4.20	3.53	2.79	19.0857	18.1489	17.2407	16.1833	1
634	17 25 37.310	-48 18 45.40	0.77	2.75	2.22	1.45	17.6381	16.8347	15.8925	14.9507	1
635	17 25 37.420	-48 23 44.23	0.95	4.36	3.48	2.53	19.2423	18.0867	16.9680	15.6350	1
637	17 25 37.500	-48 27 14.14	0.97	3.14	2.26	1.29	18.0254	16.8642	15.7264	14.4399	1
639	17 25 37.438	-48 26 11.63	0.92	2.52	1.69	0.77	17.4045	16.2928	15.2113	14.0004	1
642	17 25 37.516	-48 30 51.54	0.49	0.91	0.68	0.19	15.7974	15.3211	14.6415	13.8692	1
644	17 25 37.386	-48 27 24.53	0.60	3.07	2.63	2.03	17.9583	17.2621	16.4800	15.5968	1
646	17 25 37.293	-48 26 06.27	0.68	4.19	3.75	3.06	19.0778	18.3702	17.5116	16.5394	1
647	17 25 37.263	-48 26 23.88	0.61	2.58	2.29	1.68	17.4703	16.9184	16.1254	15.2174	1
648	17 25 37.225	-48 26 26.00	1.08	3.18	2.05	0.97	18.0665	16.6497	15.4088	14.0961	1
649	17 25 37.228	-48 27 07.35	1.02	3.93	3.08	2.06	18.8181	17.6790	16.5017	15.2506	1
650	17 25 37.086	-48 21 31.36	0.95	3.49	2.61	1.67	18.3711	17.2187	16.1083	14.8975	1
651	17 25 37.257	-48 28 31.65	1.08	2.90	1.76	0.68	17.7870	16.3520	15.1156	13.7739	1
652	17 25 37.292	-48 29 58.61	0.91	3.38	2.52	1.61	18.2660	17.1319	16.0514	14.8310	1
655	17 25 37.114	-48 27 25.28	0.72	4.72	4.37	3.65	19.6080	18.9897	18.0977	17.2030	1
656	17 25 37.050	-48 26 00.40	1.00	2.48	1.55	0.54	17.3622	16.1470	14.9837	13.7104	1
657	17 25 36.943	-48 23 28.57	1.66	2.87	0.87	-0.79	17.7511	15.4213	13.6345	11.6797	1
659	17 25 36.825	-48 25 32.94	0.90	3.43	2.70	1.80	18.3119	17.3079	16.2454	15.0164	1
660	17 25 36.791	-48 26 18.15	0.97	3.57	2.73	1.77	18.4547	17.3379	16.2079	14.9367	1
661	17 25 36.630	-48 20 03.94	0.95	3.79	2.82	1.86	18.6780	17.4199	16.3011	15.1069	1
663	17 25 36.585	-48 22 16.16	1.09	3.65	2.64	1.55	18.5366	17.2339	15.9871	14.5781	1
665	17 25 36.551	-48 22 45.42	0.56	3.81	3.39	2.84	18.6924	18.0280	17.2855	16.3075	1
666	17 25 36.603	-48 24 53.95	0.63	4.61	4.11	3.48	19.4922	18.7363	17.9261	16.9479	1
667	17 25 36.593	-48 24 34.90	1.01	2.61	1.64	0.63	17.4962	16.2430	15.0717	13.7661	1
668	17 25 36.470	-48 20 13.94	0.65	2.95	2.57	1.91	17.8336	17.1959	16.3626	15.4651	1
669	17 25 36.455	-48 20 57.66	0.45	2.17	1.82	1.37	17.0619	16.4594	15.8212	15.0553	1
670	17 25 36.549	-48 25 18.55	0.96	4.57	3.44	2.48	19.4570	18.0432	16.9230	15.6259	1
671	17 25 36.517	-48 25 15.27	0.97	3.91	2.97	2.00	18.7909	17.5757	16.4430	15.1975	1
672	17 25 36.460	-48 23 59.88	0.70	3.58	3.12	2.42	18.4671	17.7395	16.8638	15.8013	1
673	17 25 36.508	-48 26 02.11	0.95	4.54	3.87	2.92	19.4225	18.4733	17.3566	16.1251	1
674	17 25 36.519	-48 27 32.56	1.35	2.64	1.09	-0.26	17.5222	15.6669	14.1748	12.5909	1
675	17 25 36.210	-48 25 13.44	0.97	2.65	1.81	0.84	17.5390	16.4136	15.2776	14.0462	1
677	17 25 36.201	-48 25 47.96	0.82	4.48	3.69	2.87	19.3657	18.3072	17.3136	16.0920	1
679	17 25 36.080	-48 27 26.66	0.76	4.39	4.11	3.36	19.2715	18.7321	17.8026	16.9022	1
683	17 25 35.814	-48 27 09.02	0.95	4.31	3.57	2.62	19.1956	18.1783	17.0641	16.0321	1
684	17 25 35.636	-48 22 45.68	1.16	2.45	1.15	-0.01	17.3357	15.7389	14.4219	13.0500	1
685	17 25 35.699	-48 25 19.39	0.50	2.23	1.85	1.35	17.1147	16.4888	15.7985	14.9257	1
687	17 25 35.610	-48 23 51.93	0.88	2.61	1.75	0.87	17.4963	16.3624	15.3123	14.0920	1
688	17 25 35.615	-48 24 10.59	0.76	4.12	3.78	3.03	19.0062	18.4034	17.4743	16.5131	1
690	17 25 35.669	-48 27 08.74	0.76	3.69	2.93	2.17	18.5735	17.5512	16.6134	15.5378	1
691	17 25 35.487	-48 21 31.98	0.96	3.78	2.80	1.84	18.6622	17.4087	16.2830	14.9988	1
692	17 25 35.536	-48 24 49.39	0.94	4.79	3.95	3.01	19.6795	18.5534	17.4486	16.2789	1
693	17 25 35.674	-48 30 24.96	1.53	-0.44	-2.36	-3.89	14.4458	12.2032	10.5377	8.8010	1
694	17 25 35.381	-48 20 16.20	0.89	4.00	3.16	2.27	18.8823	17.7705	16.7152	15.6426	1
695	17 25 35.530	-48 26 26.42	1.02	3.31	2.31	1.30	18.1938	16.9140	15.7350	14.4371	1
697	17 25 35.489	-48 26 05.82	0.67	3.45	2.97	2.30	18.3342	17.5958	16.7482	15.6886	1
698	17 25 35.393	-48 22 30.24	1.05	4.34	3.49	2.44	19.2235	18.0885	16.8748	15.5666	1
699	17 25 35.356	-48 23 50.60	0.31	4.46	3.87	3.55	19.3508	18.5170	18.0082	17.2222	1
701	17 25 35.267	-48 23 40.74	0.89	4.51	3.95	3.06	19.3923	18.5574	17.4979	16.2945	1
703	17 25 35.226	-48 24 57.68	0.64	3.69	3.21	2.56	18.5800	17.8327	17.0127	16.0538	1
706	17 25 35.327	-48 30 46.49	0.49	2.77	2.75	2.26	17.6577	17.3866	16.7137	15.9285	1
707	17 25 35.334	-48 31 58.64	0.57	4.13	3.77	3.19	19.0149	18.3986	17.6420	16.6248	1
708	17 25 35.021	-48 20 57.09	0.91	2.77	1.95	1.04	17.6535	16.5544	15.4823	14.3188	1
709	17 25 35.055	-48 23 30.40	0.59	3.48	3.08	2.49	18.3700	17.7104	16.9416	15.9375	1
710	17 25 35.113	-48 28 02.52	0.84	3.59	3.15	2.31	18.4715	17.7616	16.7530	15.5697	1
711	17 25 35.106	-48 29 06.89	0.91	4.78	4.19	3.28	19.6688	18.7980	17.7195	16.5729	1
712	17 25 34.891	-48 23 13.10	1.19	3.89	2.83	1.64	18.7738	17.4191	16.0785	14.6697	1
713	17 25 34.935	-48 27 17.71	0.59	4.18	3.88	3.29	19.0697	18.5139	17.7383	16.7544	1
716	17 25 34.784	-48 24 07.67	0.67	3.92	3.64	2.97	18.8031	18.2658	17.4196	16.4768	1
718	17 25 34.758	-48 24 30.85	1.27	2.96	1.60	0.33	17.8442	16.1839	14.7625	13.2160	1
720	17 25 34.731	-48 24 50.32	1.02	4.44	3.78	2.76	19.3247	18.3768	17.1940	15.8590	1
722	17 25 34.699	-48 24 38.37	1.04	4.11	3.27	2.23	18.9945	17.8718	16.6713	15.3499	1
724	17 25 34.830	-48 30 25.58	0.45	4.33	4.08	3.62	19.2209	18.7180	18.0775	17.2884	1
727	17 25 34.486	-48 24 04.66	0.95	3.56	2.78	1.83	18.4440	17.3805	16.2687	15.0142	1
728	17 25 34.455	-48 24 13.14	0.61	4.08	3.80	3.19	18.9690	18.4302	17.6437	16.7308	1
729	17 25 34.517	-48 27 31.67	0.50	1.43	1.26	0.76	16.3212	15.9012	15.2138	14.4276	1
731	17 25 34.398	-48 25 04.85	0.19	4.38	3.95	3.76	19.2699	18.6135	18.2215	16.8024	0
733	17 25 34.379	-48 24 53.91	0.72	4.56	3.96	3.24	19.4496	18.5798	17.6862	16.6737	1
736	17 25 34.294	-48 25 02.30	0.57	1.78	1.50	0.94	16.6648	16.1376	15.3893	14.5458	1
737	17 25 34.373	-48 29 00.93	0.53	4.77	4.42	3.89	19.6611	19.0515	18.3388	17.3419	1
738	17 25 34.269	-48 26 09.03	0.67	4.45	4.34	3.67	19.3342	18.9678	18.1182	17.1524	1
740	17 25 34.111	-48 21 33.31	0.65	3.75	3.30	2.66	18.6355	17.9290	17.1050	16.2034	1
741	17 25 34.151	-48 23 50.45	0.95	4.48	3.75	2.80	19.3693	18.3521	17.2389	15.9812	1
743	17 25 34.179	-48 25 41.30	0.90	2.53	1.69	0.79	17.4101	16.2982	15.2286	13.9968	1
746	17 25 34.207	-48 28 39.33	0.57	3.51	3.27	2.71	18.3992	17.9054	17.1558	16.2689	1
748	17 25 34.177	-48 30 02.75	1.48	2.79	0.89	-0.58	17.6763	15.4610	13.8434	12.2233	1
749	17 25 34.038	-48 25 57.71	1.03	3.32	2.31	1.28	18.2038	16.9085	15.7201	14.4329	1
750	17 25 33.879	-48 19 45.97	0.79	4.23	3.57	2.77	19.1187	18.1838	17.2181	16.2693	1
751	17 25 34.037	-48 27 49.14	0.61	4.25	3.91	3.30	19.1347	18.5361	17.7455	16.8102	1
752	17 25 33.891	-48 22 12.09	0.95	4.40	3.58	2.63	19.2868	18.1853	17.0710	15.8148	1
753	17 25 33.954	-48 26 06.30	1.02	4.19	3.49	2.47	19.0789	18.0906	16.9066	15.7033	1
754	17 25 33.831	-48 22 05.18	0.59	2.90	2.43	1.84	17.7839	17.0573	16.2904	15.4181	1
756	17 25 33.901	-48 28 07.66	0.89	3.92	3.15	2.26	18.8035	17.7585	16.6998	15.5101	1
757	17 25 33.774	-48 29 26.09	0.82	4.63	4.19	3.36	19.5165	18.7993	17.8072	16.8852	1
758	17 25 33.627	-48 25 25.69	1.01	3.16	2.19	1.17	18.0409	16.7874	15.6116	14.3225	1
760	17 25 33.517	-48 21 49.05	1.14	3.24	2.09	0.95	18.1252	16.6856	15.3891	14.0237	1
762	17 25 33.593	-48 26 20.47	0.90	3.64	3.11	2.22	18.5285	17.7227	16.6578	15.3938	1
763	17 25 33.441	-48 21 37.51	0.67	2.67	2.15	1.48	17.5525	16.7739	15.9258	14.9856	1
764	17 25 33.508	-48 25 13.69	0.92	4.38	3.60	2.68	19.2639	18.2058	17.1173	15.9198	1
765	17 25 33.630	-48 30 29.72	1.44	2.05	0.23	-1.21	16.9352	14.7971	13.2176	11.6292	1
766	17 25 33.545	-48 27 09.92	0.64	3.84	3.51	2.87	18.7257	18.1406	17.3205	16.3249	1
767	17 25 33.471	-48 25 17.36	0.89	4.20	3.69	2.80	19.0872	18.3031	17.2455	16.1002	1
768	17 25 33.455	-48 26 01.32	0.88	3.99	3.31	2.43	18.8708	17.9154	16.8689	15.6401	1
769	17 25 33.427	-48 24 55.13	0.98	4.12	3.45	2.47	19.0024	18.0505	16.9114	15.7345	1
775	17 25 33.242	-48 26 09.22	0.68	2.68	2.16	1.48	17.5669	16.7810	15.9249	15.0246	1
776	17 25 33.138	-48 23 12.73	0.51	0.14	-0.20	-0.71	15.0271	14.4401	13.7426	12.9573	1
781	17 25 33.182	-48 29 03.82	0.91	4.20	3.32	2.41	19.0881	17.9232	16.8502	15.5973	1
783	17 25 32.942	-48 20 38.46	0.50	4.08	3.79	3.29	18.9679	18.4279	17.7401	16.6588	1
784	17 25 33.166	-48 30 01.24	1.04	3.51	2.51	1.47	18.3919	17.1083	15.9092	14.5616	1
786	17 25 33.009	-48 24 24.15	1.05	4.61	3.76	2.72	19.4937	18.3615	17.1543	15.9076	1
787	17 25 33.071	-48 27 08.33	0.95	2.55	1.73	0.77	17.4324	16.3316	15.2141	13.9701	1
789	17 25 33.117	-48 30 39.65	1.12	0.61	-0.62	-1.74	15.4929	13.9711	12.6968	11.3878	1
791	17 25 32.943	-48 24 42.50	0.90	4.38	3.53	2.63	19.2681	18.1368	17.0717	15.8227	1
792	17 25 32.958	-48 25 28.29	0.75	4.44	4.04	3.29	19.3307	18.6625	17.7351	16.7211	1
793	17 25 32.996	-48 27 10.63	1.02	3.28	2.33	1.30	18.1631	16.9272	15.7428	14.4386	1
795	17 25 32.911	-48 25 15.44	0.38	3.86	3.59	3.21	18.7511	18.2388	17.6632	16.7798	1
797	17 25 32.891	-48 25 13.16	0.93	2.12	1.40	0.47	17.0038	16.0092	14.9122	13.6820	1
798	17 25 33.000	-48 31 04.74	0.31	4.08	3.90	3.59	18.9678	18.5519	18.0445	17.1738	1
799	17 25 32.952	-48 30 24.11	0.61	4.23	3.98	3.37	19.1204	18.6129	17.8192	16.9352	1
800	17 25 32.906	-48 28 42.85	1.37	1.57	-0.20	-1.58	16.4510	14.3705	12.8538	11.3566	1
801	17 25 32.799	-48 25 49.08	1.04	2.44	1.51	0.47	17.3273	16.1126	14.9082	13.6086	1
802	17 25 32.669	-48 24 21.50	1.19	3.57	2.72	1.54	18.4572	17.3126	15.9738	14.5850	1
803	17 25 32.681	-48 25 21.92	0.72	4.73	4.06	3.34	19.6175	18.6817	17.7857	16.5661	1
804	17 25 32.636	-48 24 51.45	0.88	2.50	1.68	0.80	17.3848	16.2910	15.2470	14.0380	1
805	17 25 32.541	-48 20 56.04	0.67	3.37	2.93	2.26	18.2530	17.5549	16.7065	15.7725	1
807	17 25 32.635	-48 25 19.48	0.62	4.41	4.07	3.45	19.2961	18.7004	17.9007	17.0254	1
808	17 25 32.562	-48 22 48.96	1.74	4.48	2.45	0.71	19.3584	16.9984	15.1317	13.0136	1
812	17 25 32.545	-48 27 30.09	1.32	2.27	0.69	-0.63	17.1554	15.2688	13.7994	12.2851	1
813	17 25 32.512	-48 26 29.15	0.89	4.53	3.80	2.91	19.4135	18.4116	17.3552	16.1260	1
814	17 25 32.453	-48 25 25.50	0.75	4.39	4.12	3.37	19.2737	18.7432	17.8202	16.8223	1
816	17 25 32.405	-48 24 25.06	0.91	4.54	3.75	2.84	19.4262	18.3580	17.2848	16.0116	1
818	17 25 32.431	-48 25 55.62	0.43	1.23	0.99	0.56	16.1193	15.6327	15.0121	14.2347	1
820	17 25 32.374	-48 25 14.58	1.00	3.34	2.31	1.31	18.2240	16.9080	15.7457	14.4201	1
821	17 25 32.313	-48 25 42.54	0.60	1.69	1.32	0.72	16.5733	15.9504	15.1702	14.3195	1
822	17 25 32.270	-48 25 02.94	0.94	2.62	1.75	0.81	17.5090	16.3571	15.2512	14.0254	1
823	17 25 32.273	-48 25 11.67	0.76	3.84	3.66	2.91	18.7259	18.2838	17.3523	16.3835	1
824	17 25 32.254	-48 24 41.90	0.98	3.17	2.37	1.39	18.0509	16.9738	15.8270	14.4884	1
825	17 25 32.345	-48 29 23.27	1.09	4.45	3.20	2.11	19.3301	17.7909	16.5462	15.1855	1
826	17 25 32.103	-48 19 46.47	0.70	3.05	2.46	1.76	17.9360	17.0807	16.2026	15.2169	1
828	17 25 32.191	-48 25 13.15	1.30	2.62	1.14	-0.16	17.5047	15.7204	14.2716	12.7478	1
829	17 25 32.199	-48 26 24.02	0.92	2.53	1.75	0.83	17.4135	16.3598	15.2704	14.0403	1
830	17 25 32.114	-48 24 17.01	0.97	2.85	1.94	0.97	17.7336	16.5440	15.4075	14.1190	1
831	17 25 32.097	-48 24 53.47	1.11	2.92	1.75	0.64	17.8083	16.3452	15.0798	13.6848	1
832	17 25 32.167	-48 28 01.70	1.05	3.60	2.60	1.55	18.4882	17.1961	15.9895	14.6702	1
833	17 25 32.091	-48 25 20.03	0.84	2.34	1.56	0.72	17.2245	16.1744	15.1677	13.9865	1
834	17 25 32.043	-48 24 51.39	0.93	4.14	3.26	2.33	19.0241	17.8650	16.7670	15.5707	1
835	17 25 32.050	-48 26 48.16	0.92	4.31	3.50	2.58	19.1993	18.1027	17.0184	15.8534	1
839	17 25 31.924	-48 24 10.80	1.42	2.81	1.04	-0.38	17.6874	15.6113	14.0516	12.4141	1
840	17 25 31.840	-48 23 27.72	0.62	2.53	2.19	1.57	17.4190	16.8161	16.0170	15.1090	1
841	17 25 31.830	-48 25 14.56	1.00	3.28	2.59	1.59	18.1620	17.1875	16.0244	14.7736	1
843	17 25 31.881	-48 29 24.50	0.63	3.84	3.68	3.05	18.7291	18.3075	17.4955	16.4558	1
846	17 25 31.670	-48 24 42.30	0.29	3.84	3.53	3.24	18.7315	18.1853	17.7005	16.9988	1
847	17 25 31.713	-48 27 55.73	0.64	4.24	3.84	3.20	19.1314	18.4653	17.6460	16.6171	1
848	17 25 31.579	-48 23 39.09	0.63	2.75	2.37	1.74	17.6392	16.9986	16.1893	15.3138	1
849	17 25 31.629	-48 26 14.87	0.68	4.98	4.53	3.85	19.8647	19.1561	18.2968	17.2403	1
851	17 25 31.530	-48 23 56.68	0.96	2.76	1.91	0.96	17.6473	16.5180	15.3962	14.1080	1
852	17 25 31.487	-48 23 50.39	0.51	3.81	3.42	2.91	18.6976	18.0611	17.3666	16.5603	1
853	17 25 31.523	-48 25 46.64	0.68	4.27	4.19	3.51	19.1530	18.8103	17.9538	17.0635	1
855	17 25 31.405	-48 22 28.32	0.77	4.01	3.43	2.66	18.8910	18.0452	17.1014	16.0901	1
856	17 25 31.490	-48 26 13.16	1.18	2.79	1.45	0.27	17.6717	16.0373	14.7080	13.3112	1
860	17 25 31.414	-48 26 38.18	0.94	4.67	3.80	2.86	19.5520	18.4080	17.3055	16.1503	1
861	17 25 31.346	-48 24 31.38	1.01	4.66	3.96	2.94	19.5431	18.5585	17.3833	16.1479	1
864	17 25 31.305	-48 24 02.19	0.81	4.29	3.65	2.84	19.1708	18.2632	17.2838	16.0601	1
865	17 25 31.339	-48 25 44.12	0.91	2.41	1.64	0.73	17.2998	16.2513	15.1758	13.9867	1
868	17 25 31.227	-48 25 39.05	0.80	3.42	2.77	1.97	18.3055	17.3867	16.4107	15.2386	1
870	17 25 31.147	-48 24 48.24	0.79	2.49	1.87	1.08	17.3724	16.4866	15.5265	14.3545	1
872	17 25 31.193	-48 29 08.64	0.68	3.62	3.18	2.50	18.5085	17.8058	16.9507	15.9973	1
873	17 25 31.081	-48 25 02.32	0.95	2.69	1.81	0.86	17.5786	16.4143	15.3044	14.0403	1
874	17 25 31.178	-48 29 42.57	0.79	1.62	0.93	0.14	16.5107	15.5437	14.5856	13.5463	1
876	17 25 31.045	-48 25 23.66	0.74	4.35	3.68	2.94	19.2321	18.3022	17.3902	16.1888	1
877	17 25 30.929	-48 20 47.12	1.24	2.61	1.17	-0.07	17.4893	15.7537	14.3662	12.8999	1
878	17 25 30.991	-48 23 32.81	1.10	3.12	1.99	0.89	18.0060	16.5863	15.3254	13.9664	1
879	17 25 31.090	-48 29 31.26	0.99	3.24	2.25	1.26	18.1250	16.8559	15.7013	14.4262	1
880	17 25 30.899	-48 21 27.78	0.73	4.03	3.73	2.99	18.9181	18.3478	17.4394	16.4515	1
882	17 25 30.998	-48 26 25.70	0.86	4.21	3.35	2.49	19.0914	17.9581	16.9331	15.7161	1
883	17 25 30.963	-48 25 04.88	1.21	2.49	1.19	-0.02	17.3706	15.7727	14.4112	12.9598	1
884	17 25 30.958	-48 25 12.86	0.95	2.46	1.54	0.59	17.3424	16.1492	15.0317	13.8282	1
885	17 25 30.956	-48 25 20.16	0.45	3.66	3.30	2.85	18.5492	17.9442	17.3037	16.4572	1
887	17 25 30.922	-48 25 26.04	0.97	4.44	3.89	2.91	19.3238	18.4905	17.3532	16.1877	1
889	17 25 30.815	-48 21 01.89	0.69	3.34	2.92	2.23	18.2223	17.5397	16.6756	15.8198	1
891	17 25 30.796	-48 22 07.09	0.96	3.59	2.50	1.53	18.4765	17.1007	15.9720	14.8154	1
892	17 25 30.864	-48 25 37.64	1.16	2.67	1.44	0.27	17.5528	16.0253	14.7072	13.2648	1
894	17 25 30.775	-48 24 31.46	1.09	2.64	1.74	0.65	17.5231	16.3317	15.0824	13.7034	1
897	17 25 30.822	-48 31 27.38	0.69	3.49	3.04	2.35	18.3752	17.6682	16.8011	15.8750	1
899	17 25 30.672	-48 25 58.32	1.03	3.35	2.40	1.37	18.2385	16.9984	15.8105	14.5265	1
903	17 25 30.630	-48 25 09.83	0.50	4.27	3.94	3.44	19.1585	18.5808	17.8943	16.8878	1
904	17 25 30.625	-48 25 24.19	1.06	2.58	1.49	0.43	17.4634	16.0870	14.8653	13.5437	1
905	17 25 30.639	-48 26 00.64	1.02	3.27	2.42	1.40	18.1583	17.0160	15.8377	14.5477	1
906	17 25 30.503	-48 20 47.39	0.55	2.81	2.54	1.99	17.7013	17.1734	16.4384	15.5500	1
907	17 25 30.557	-48 23 51.50	0.93	4.36	3.88	2.95	19.2447	18.4861	17.3922	16.2870	1
908	17 25 30.489	-48 21 08.78	0.79	4.24	3.52	2.73	19.1276	18.1352	17.1702	16.1792	1
909	17 25 30.563	-48 25 37.55	0.95	2.44	1.66	0.71	17.3280	16.2647	15.1518	13.9340	1
910	17 25 30.555	-48 26 30.82	0.91	2.48	1.69	0.78	17.3677	16.3015	15.2227	14.0290	1
914	17 25 30.506	-48 26 19.11	0.75	3.83	3.24	2.49	18.7172	17.8578	16.9316	15.8490	1
915	17 25 30.437	-48 24 31.02	0.82	4.53	3.84	3.01	19.4112	18.4527	17.4579	16.2861	1
916	17 25 30.339	-48 21 57.34	1.19	2.95	1.51	0.32	17.8377	16.0980	14.7514	13.3887	1
919	17 25 30.396	-48 26 04.55	0.98	3.29	2.35	1.37	18.1713	16.9502	15.8102	14.5059	1
921	17 25 30.358	-48 25 08.23	1.02	3.68	2.85	1.83	18.5611	17.4480	16.2685	14.9889	1
922	17 25 30.292	-48 22 35.61	0.62	3.50	3.05	2.42	18.3860	17.6772	16.8736	15.9430	1
924	17 25 30.355	-48 25 57.72	0.92	3.66	2.84	1.92	18.5454	17.4439	16.3577	15.0799	1
925	17 25 30.244	-48 22 12.28	0.46	-0.44	-0.77	-1.24	14.4505	13.8665	13.2148	12.4175	1
928	17 25 30.332	-48 26 48.66	0.77	1.28	0.61	-0.16	16.1688	15.2237	14.2814	13.3149	1
929	17 25 30.228	-48 22 54.38	1.14	3.15	1.92	0.78	18.0313	16.5145	15.2168	13.7996	1
931	17 25 30.391	-48 31 50.90	0.52	2.74	2.49	1.97	17.6234	17.1291	16.4212	15.5366	1
932	17 25 30.304	-48 29 32.54	0.64	3.22	2.79	2.15	18.1055	17.4200	16.5996	15.6423	1
934	17 25 30.284	-48 28 47.82	0.59	3.84	3.41	2.82	18.7243	18.0413	17.2741	16.3836	1
935	17 25 30.112	-48 21 49.55	0.78	2.50	1.73	0.95	17.3867	16.3515	15.3985	14.3534	1
936	17 25 30.160	-48 27 03.97	0.94	2.64	1.81	0.87	17.5250	16.4130	15.3058	14.0510	1
937	17 25 30.121	-48 25 30.02	0.53	3.77	3.60	3.07	18.6554	18.2361	17.5245	16.6904	1
939	17 25 30.032	-48 25 46.16	0.55	4.42	4.23	3.68	19.3065	18.8681	18.1325	17.2381	1
940	17 25 29.960	-48 23 14.06	0.97	4.10	3.26	2.29	18.9806	17.8598	16.7309	15.4580	1
941	17 25 29.981	-48 25 55.02	1.09	2.60	1.37	0.29	17.4851	15.9679	14.7244	13.3693	1
942	17 25 29.995	-48 26 53.86	0.90	3.76	3.21	2.31	18.6492	17.8157	16.7534	15.5857	1
943	17 25 29.934	-48 24 53.94	0.96	4.52	3.82	2.86	19.4026	18.4226	17.3010	16.1183	1
945	17 25 29.923	-48 25 20.72	1.58	2.50	0.53	-1.05	17.3835	15.0893	13.3712	11.4316	1
946	17 25 29.885	-48 24 29.79	0.89	4.33	3.52	2.63	19.2166	18.1309	17.0752	15.8112	1
952	17 25 29.741	-48 21 46.90	0.53	3.14	2.95	2.42	18.0282	17.5840	16.8712	16.0082	1
953	17 25 29.745	-48 23 58.02	0.55	3.13	2.81	2.26	18.0196	17.4432	16.7065	15.5893	1
954	17 25 29.770	-48 25 41.64	0.55	4.46	3.89	3.34	19.3512	18.5273	17.7924	16.9282	1
956	17 25 29.741	-48 25 32.59	1.00	2.99	2.11	1.11	17.8741	16.7138	15.5475	14.2710	1
957	17 25 29.751	-48 26 38.02	0.94	2.55	1.76	0.82	17.4384	16.3649	15.2564	14.0099	1
960	17 25 29.714	-48 25 16.13	0.62	3.99	3.64	3.02	18.8735	18.2733	17.4734	16.6556	1
962	17 25 29.691	-48 25 10.04	1.00	3.08	2.07	1.07	17.9630	16.6728	15.5091	14.2486	1
963	17 25 29.682	-48 25 14.33	0.91	3.91	3.10	2.19	18.7925	17.7075	16.6336	15.4176	1
964	17 25 29.672	-48 25 13.31	0.87	2.90	2.33	1.45	17.7814	16.9383	15.8960	14.7690	1
967	17 25 29.689	-48 27 38.64	0.90	4.21	3.39	2.49	19.0957	18.0000	16.9344	15.6882	1
968	17 25 29.634	-48 25 25.66	1.05	3.19	2.28	1.23	18.0770	16.8805	15.6678	14.3019	1
970	17 25 29.588	-48 25 08.85	0.94	2.41	1.63	0.69	17.2982	16.2372	15.1287	13.8822	1
978	17 25 29.575	-48 29 57.81	0.70	3.18	2.89	2.19	18.0626	17.5145	16.6394	15.6373	1
979	17 25 29.485	-48 28 07.58	0.56	2.92	2.62	2.06	17.8052	17.2508	16.5053	15.6419	1
980	17 25 29.409	-48 25 15.55	1.03	3.36	2.32	1.29	18.2441	16.9217	15.7312	14.4358	1
981	17 25 29.345	-48 25 24.92	1.00	3.68	2.85	1.85	18.5667	17.4469	16.2884	15.0494	1
982	17 25 29.362	-48 26 27.66	0.65	4.55	4.27	3.62	19.4330	18.8961	18.0639	17.0898	1
983	17 25 29.317	-48 24 37.56	0.27	2.51	1.96	1.69	17.3959	16.6112	16.1456	15.5505	1
985	17 25 29.312	-48 25 42.84	0.97	2.62	1.82	0.84	17.5001	16.4224	15.2842	14.0666	1
986	17 25 29.154	-48 19 18.28	0.59	4.27	4.03	3.44	19.1563	18.6601	17.8863	16.9774	1
987	17 25 29.265	-48 25 33.01	1.03	3.87	3.07	2.04	18.7522	17.6666	16.4800	15.2380	1
988	17 25 29.216	-48 23 45.91	1.08	3.29	2.04	0.96	18.1734	16.6314	15.3940	14.0307	1
989	17 25 29.211	-48 23 44.25	0.99	4.37	3.44	2.45	19.2521	18.0435	16.8898	15.6182	1
992	17 25 29.219	-48 27 04.05	0.99	2.58	1.73	0.75	17.4619	16.3359	15.1879	13.9249	1
993	17 25 29.205	-48 26 27.78	0.98	4.90	4.13	3.15	19.7828	18.7358	17.5936	16.4141	1
994	17 25 29.216	-48 28 21.36	1.38	4.49	2.81	1.43	19.3694	17.3845	15.8563	14.2202	1
995	17 25 29.117	-48 24 41.46	0.58	4.51	4.29	3.70	19.3972	18.9180	18.1544	17.0534	1
996	17 25 29.122	-48 25 04.58	0.72	4.27	3.81	3.09	19.1577	18.4311	17.5334	16.4341	1
997	17 25 29.148	-48 26 29.09	0.92	4.31	3.56	2.64	19.1941	18.1628	17.0814	15.8749	1
998	17 25 29.247	-48 31 02.48	0.61	3.02	2.63	2.02	17.9109	17.2621	16.4679	15.6018	1
999	17 25 29.182	-48 28 16.07	0.86	4.00	3.36	2.50	18.8854	17.9737	16.9429	15.7528	1
1000	17 25 29.027	-48 23 55.65	1.62	2.67	0.64	-0.98	17.5496	15.1928	13.4398	11.4522	1
1002	17 25 29.051	-48 25 33.71	0.47	4.18	3.80	3.33	19.0671	18.4397	17.7826	16.9610	1
1003	17 25 29.102	-48 29 02.66	0.45	2.67	2.38	1.92	17.5555	17.0171	16.3748	15.5967	1
1005	17 25 28.989	-48 26 08.63	1.07	2.93	1.83	0.75	17.8100	16.4237	15.1904	13.8449	1
1006	17 25 28.878	-48 21 24.82	0.58	2.07	1.64	1.05	16.9540	16.2675	15.5036	14.6477	1
1007	17 25 28.967	-48 25 40.43	0.88	2.48	1.64	0.76	17.3616	16.2510	15.2012	14.0157	1
1008	17 25 28.965	-48 25 38.49	0.48	4.30	3.87	3.39	19.1826	18.5081	17.8437	16.7247	1
1011	17 25 28.963	-48 26 54.72	0.63	3.31	3.01	2.37	18.1965	17.6331	16.8187	15.9145	1
1013	17 25 28.933	-48 26 18.23	0.86	4.50	3.71	2.84	19.3861	18.3184	17.2851	16.1515	1
1014	17 25 28.935	-48 26 25.68	1.06	3.23	2.33	1.26	18.1141	16.9233	15.7006	14.3913	1
1017	17 25 28.901	-48 25 58.56	-0.09	4.27	4.13	4.22	19.1579	18.8088	18.6867	17.1413	0
1018	17 25 28.878	-48 25 18.52	0.92	2.43	1.60	0.68	17.3148	16.2028	15.1173	13.8942	1
1020	17 25 28.872	-48 25 10.28	0.42	4.19	3.88	3.45	19.0758	18.5212	17.9081	17.0171	1
1021	17 25 28.865	-48 25 41.45	0.90	4.00	3.21	2.30	18.8876	17.8146	16.7459	15.5296	1
1022	17 25 28.981	-48 31 41.05	0.58	3.13	2.66	2.08	18.0175	17.2940	16.5300	15.5926	1
1026	17 25 28.786	-48 25 32.66	0.87	4.63	3.88	3.02	19.5161	18.4945	17.4586	16.2786	1
1028	17 25 28.723	-48 23 52.55	0.91	4.31	3.25	2.34	19.1998	17.8621	16.7833	15.5745	1
1029	17 25 28.836	-48 29 43.18	0.67	3.79	3.44	2.78	18.6781	18.0703	17.2262	16.2784	1
1030	17 25 28.707	-48 24 44.77	0.40	1.28	1.03	0.63	16.1715	15.6728	15.0829	14.3251	1
1031	17 25 28.680	-48 25 22.93	0.56	3.43	3.11	2.56	18.3180	17.7470	17.0073	16.0403	1
1032	17 25 28.752	-48 29 06.42	0.39	2.98	2.70	2.32	17.8684	17.3498	16.7719	16.0257	1
1035	17 25 28.638	-48 25 58.51	0.64	4.23	3.86	3.22	19.1123	18.4867	17.6675	16.6588	1
1036	17 25 28.621	-48 27 02.13	0.44	4.37	3.95	3.52	19.2559	18.5952	17.9705	17.2182	1
1037	17 25 28.655	-48 29 07.43	0.92	4.17	3.37	2.44	19.0569	17.9757	16.8855	15.7578	1
1039	17 25 28.622	-48 30 03.26	0.64	3.30	2.98	2.34	18.1834	17.6081	16.7854	15.9144	1
1040	17 25 28.526	-48 25 57.18	0.99	3.38	2.43	1.44	18.2662	17.0331	15.8771	14.6293	1
1041	17 25 28.491	-48 26 35.32	0.92	2.43	1.59	0.66	17.3156	16.1931	15.1025	13.8926	1
1042	17 25 28.462	-48 25 20.05	0.86	4.44	3.74	2.88	19.3203	18.3556	17.3265	16.2538	1
1046	17 25 28.393	-48 25 04.94	0.94	2.48	1.64	0.70	17.3604	16.2413	15.1392	13.9219	1
1047	17 25 28.372	-48 25 10.64	1.04	3.69	2.77	1.73	18.5695	17.3698	16.1721	14.9101	1
1049	17 25 28.162	-48 18 42.68	0.65	3.55	2.96	2.31	18.4379	17.5911	16.7620	15.7993	1
1050	17 25 28.345	-48 27 07.00	0.62	2.56	2.22	1.60	17.4480	16.8495	16.0503	15.0957	1
1051	17 25 28.307	-48 26 13.59	0.95	3.84	2.98	2.03	18.7201	17.5829	16.4673	15.2466	1
1052	17 25 28.264	-48 25 22.57	0.74	4.75	4.28	3.54	19.6408	18.8988	17.9890	16.9638	1
1055	17 25 28.240	-48 25 46.04	0.69	4.66	4.20	3.51	19.5422	18.8212	17.9543	16.8794	1
1056	17 25 28.064	-48 20 39.85	0.66	3.35	2.81	2.15	18.2344	17.4377	16.5987	15.6813	1
1057	17 25 28.196	-48 27 37.54	1.46	2.56	0.76	-0.70	17.4425	15.3298	13.7284	12.0442	1
1059	17 25 28.083	-48 25 06.88	0.74	3.71	3.08	2.34	18.6003	17.6988	16.7883	16.1362	1
1060	17 25 28.097	-48 25 44.68	1.02	2.66	1.75	0.73	17.5468	16.3489	15.1635	13.8141	1
1062	17 25 28.069	-48 26 14.63	0.73	4.16	3.88	3.15	19.0413	18.4990	17.5963	16.5364	1
1065	17 25 27.897	-48 23 26.26	0.94	2.65	1.82	0.88	17.5392	16.4217	15.3162	14.0688	1
1066	17 25 27.926	-48 25 29.80	0.82	2.84	2.02	1.21	17.7278	16.6356	15.6490	14.2798	1
1067	17 25 27.899	-48 25 44.11	0.49	4.29	4.04	3.55	19.1746	18.6749	18.0007	16.9571	1
1068	17 25 27.903	-48 26 39.01	0.92	4.84	4.27	3.35	19.7297	18.8790	17.7941	16.6371	1
1069	17 25 27.873	-48 25 23.95	1.03	4.09	2.91	1.89	18.9735	17.5116	16.3249	15.0215	1
1070	17 25 27.844	-48 24 39.84	0.83	4.21	3.65	2.82	19.0919	18.2613	17.2615	16.0620	1
1071	17 25 27.818	-48 24 04.51	1.07	4.52	3.79	2.72	19.4059	18.3815	17.1562	15.8730	1
1073	17 25 27.821	-48 25 56.41	0.94	2.41	1.63	0.69	17.2960	16.2351	15.1276	13.9147	1
1074	17 25 27.874	-48 28 47.92	0.63	4.02	3.68	3.05	18.9034	18.3093	17.5032	16.4991	1
1075	17 25 27.766	-48 25 15.14	0.35	3.19	2.76	2.40	18.0767	17.4043	16.8601	16.1055	1
1076	17 25 27.740	-48 24 56.80	0.94	3.86	3.05	2.12	18.7489	17.6606	16.5567	15.3354	1
1077	17 25 27.690	-48 25 21.14	0.95	2.51	1.71	0.75	17.3961	16.3105	15.1926	13.9373	1
1078	17 25 27.554	-48 19 14.64	0.80	2.60	1.82	1.02	17.4854	16.4344	15.4645	14.4665	1
1080	17 25 27.654	-48 26 01.82	0.50	4.13	3.84	3.34	19.0142	18.4807	17.7956	17.0320	1
1081	17 25 27.680	-48 27 12.87	0.48	4.46	4.19	3.71	19.3476	18.8282	18.1635	17.2627	1
1082	17 25 27.591	-48 24 39.80	1.04	3.59	2.53	1.49	18.4753	17.1316	15.9308	14.5750	1
1086	17 25 27.559	-48 24 43.56	0.64	4.67	4.22	3.58	19.5531	18.8466	18.0290	16.9918	1
1087	17 25 27.486	-48 22 52.44	0.85	3.98	3.27	2.42	18.8632	17.8785	16.8638	15.7080	1
1088	17 25 27.530	-48 25 30.87	0.59	3.95	3.66	3.07	18.8327	18.2931	17.5231	16.5675	1
1091	17 25 27.448	-48 25 36.55	0.78	3.82	3.35	2.56	18.7053	17.9629	17.0093	16.0084	1
1092	17 25 27.455	-48 26 09.92	0.68	4.29	3.90	3.22	19.1720	18.5280	17.6679	16.6505	1
1093	17 25 27.543	-48 30 42.80	0.71	3.88	3.42	2.70	18.7624	18.0397	17.1505	16.2851	1
1094	17 25 27.434	-48 25 47.41	1.05	3.33	2.28	1.23	18.2113	16.8819	15.6710	14.4121	1
1095	17 25 27.376	-48 23 13.68	1.55	1.79	0.04	-1.51	16.6684	14.6032	12.9155	10.0268	0
1096	17 25 27.420	-48 25 51.42	0.62	4.48	4.32	3.71	19.3670	18.9538	18.1551	17.2468	1
1097	17 25 27.301	-48 21 00.76	0.59	2.13	1.76	1.17	17.0123	16.3903	15.6233	14.7052	1
1098	17 25 27.410	-48 26 20.29	0.85	4.56	3.90	3.05	19.4444	18.5126	17.4978	16.2827	1
1099	17 25 27.340	-48 25 10.93	0.37	4.35	4.29	3.92	19.2402	18.9362	18.3709	17.0697	0
1101	17 25 27.313	-48 25 05.09	0.97	2.60	1.81	0.84	17.4835	16.4090	15.2749	14.0454	1
1102	17 25 27.298	-48 25 15.12	0.91	2.43	1.64	0.72	17.3157	16.2436	15.1657	13.9509	1
1105	17 25 27.204	-48 26 16.41	0.92	2.54	1.74	0.83	17.4281	16.3511	15.2684	14.0316	1
1107	17 25 27.099	-48 25 12.20	0.60	1.82	1.53	0.93	16.7035	16.1591	15.3750	14.4825	1
1109	17 25 27.117	-48 26 22.31	0.98	2.43	1.43	0.44	17.3108	16.0306	14.8845	13.6079	1
1110	17 25 27.042	-48 23 01.90	0.76	3.91	3.37	2.61	18.7943	17.9903	17.0595	16.0850	1
1111	17 25 27.109	-48 26 08.04	0.80	4.54	4.12	3.32	19.4213	18.7349	17.7671	16.6619	1
1112	17 25 27.034	-48 22 52.55	0.99	2.65	1.80	0.81	17.5357	16.4045	15.2493	14.0351	1
1114	17 25 27.026	-48 25 47.65	0.92	3.03	2.15	1.23	17.9134	16.7540	15.6728	14.4374	1
1115	17 25 27.027	-48 26 16.84	0.57	4.46	4.26	3.68	19.3440	18.8895	18.1336	16.9591	1
1117	17 25 26.995	-48 27 12.51	0.70	4.00	3.50	2.80	18.8816	18.1259	17.2474	15.9877	1
1118	17 25 26.876	-48 23 25.02	1.41	2.56	0.86	-0.55	17.4429	15.4299	13.8777	12.2552	1
1119	17 25 26.987	-48 29 54.83	0.56	3.30	3.00	2.44	18.1847	17.6344	16.8950	16.0177	1
1120	17 25 26.849	-48 25 02.23	0.77	4.76	4.38	3.61	19.6473	18.9991	18.0521	17.0266	1
1121	17 25 26.837	-48 25 03.89	0.97	2.35	1.50	0.53	17.2348	16.1046	14.9686	13.7208	1
1122	17 25 26.840	-48 25 32.37	0.93	3.78	3.02	2.08	18.6653	17.6213	16.5214	15.3100	1
1124	17 25 26.857	-48 26 27.48	0.91	3.77	2.96	2.05	18.6544	17.5659	16.4885	15.2334	1
1125	17 25 26.801	-48 24 23.29	1.02	4.02	2.84	1.82	18.9047	17.4392	16.2570	14.9048	1
1126	17 25 26.843	-48 26 20.05	0.99	3.95	3.14	2.15	18.8332	17.7437	16.5934	15.3734	1
1127	17 25 26.797	-48 26 02.97	0.90	4.34	3.74	2.84	19.2256	18.3497	17.2798	16.1325	1
1128	17 25 26.741	-48 24 47.33	1.06	2.72	1.77	0.71	17.5993	16.3634	15.1472	13.7678	1
1129	17 25 26.713	-48 26 07.79	0.97	3.70	2.91	1.94	18.5891	17.5149	16.3833	15.1620	1
1131	17 25 26.744	-48 28 22.60	1.05	3.59	2.75	1.70	18.4720	17.3427	16.1329	14.8952	1
1132	17 25 26.631	-48 24 20.03	1.02	3.55	2.71	1.69	18.4303	17.3096	16.1322	14.8165	1
1133	17 25 26.652	-48 25 48.34	0.91	4.01	3.38	2.47	18.8913	17.9865	16.9148	15.6906	1
1134	17 25 26.558	-48 24 53.81	1.24	2.81	1.50	0.26	17.6884	16.0836	14.6968	13.2404	1
1135	17 25 26.599	-48 27 06.92	1.24	2.68	1.26	0.02	17.5604	15.8433	14.4543	12.9970	1
1138	17 25 26.499	-48 25 15.20	0.93	2.60	1.74	0.81	17.4840	16.3451	15.2482	14.0176	1
1140	17 25 26.368	-48 24 53.99	0.63	3.84	3.43	2.80	18.7232	18.0607	17.2469	16.2598	1
1141	17 25 26.385	-48 26 33.10	0.69	4.18	3.70	3.01	19.0618	18.3279	17.4569	16.5022	1
1144	17 25 26.300	-48 26 03.02	0.87	3.70	2.88	2.01	18.5880	17.4936	16.4536	15.2149	1
1145	17 25 26.279	-48 25 17.62	0.56	4.11	3.71	3.15	19.0003	18.3446	17.5971	16.6898	1
1146	17 25 26.290	-48 25 50.11	0.60	2.50	2.12	1.52	17.3915	16.7480	15.9653	15.0749	1
1147	17 25 26.252	-48 25 04.52	1.05	3.50	2.51	1.47	18.3875	17.1100	15.9034	14.5799	1
1148	17 25 26.232	-48 25 34.02	1.26	2.64	1.19	-0.06	17.5237	15.7752	14.3695	12.8592	1
1151	17 25 26.301	-48 31 57.90	0.55	3.43	3.14	2.59	18.3143	17.7731	17.0385	16.0457	1
1152	17 25 26.165	-48 26 20.82	0.57	4.05	3.71	3.14	18.9345	18.3456	17.5951	16.7297	1
1153	17 25 26.131	-48 25 25.67	0.86	3.35	2.61	1.75	18.2304	17.2186	16.1897	15.0035	1
1156	17 25 25.989	-48 20 37.88	1.20	2.08	0.69	-0.51	16.9674	15.2737	13.9222	12.6173	1
1157	17 25 26.071	-48 27 38.06	0.70	3.20	2.84	2.14	18.0891	17.4652	16.5843	15.6066	1
1158	17 25 26.027	-48 25 43.57	0.75	3.61	3.17	2.42	18.4942	17.7910	16.8644	15.6448	1
1159	17 25 25.918	-48 21 38.12	1.12	3.29	2.13	1.01	18.1738	16.7248	15.4450	14.0854	1
1160	17 25 25.904	-48 21 28.22	0.66	3.74	3.22	2.56	18.6266	17.8419	17.0030	16.0725	1
1161	17 25 25.963	-48 25 06.19	0.93	3.04	2.30	1.37	17.9271	16.9098	15.8123	14.5861	1
1162	17 25 25.933	-48 25 34.49	0.18	4.15	3.98	3.80	19.0347	18.6407	18.2582	17.0720	0
1165	17 25 25.895	-48 30 08.29	0.60	3.77	3.42	2.81	18.6618	18.0495	17.2641	16.3440	1
1168	17 25 25.719	-48 25 09.25	0.67	4.29	3.96	3.29	19.1810	18.5884	17.7392	16.7325	1
1170	17 25 25.722	-48 25 47.12	0.52	0.57	0.31	-0.21	15.4584	14.9464	14.2451	13.4237	1
1171	17 25 25.715	-48 25 49.94	0.90	3.31	2.67	1.76	18.1906	17.2736	16.2056	14.9964	1
1173	17 25 25.680	-48 25 30.52	0.81	4.69	4.28	3.47	19.5771	18.8971	17.9116	16.8980	1
1175	17 25 25.666	-48 26 40.56	0.80	4.09	3.45	2.65	18.9767	18.0695	17.0982	15.8560	1
1177	17 25 25.627	-48 27 22.87	0.99	2.68	1.81	0.82	17.5682	16.4141	15.2606	14.0092	1
1178	17 25 25.578	-48 25 53.92	0.96	4.14	3.32	2.35	19.0226	17.9196	16.7943	15.5944	1
1179	17 25 25.516	-48 24 05.46	0.69	4.76	4.36	3.67	19.6456	18.9818	18.1135	17.1470	1
1181	17 25 25.530	-48 25 45.51	0.19	4.19	4.13	3.94	19.0829	18.7941	18.3993	17.3719	0
1185	17 25 25.415	-48 23 57.94	1.38	2.64	0.96	-0.42	17.5235	15.5324	14.0043	12.4147	1
1186	17 25 25.378	-48 24 07.59	1.13	3.18	2.02	0.89	18.0629	16.6138	15.3262	13.9338	1
1187	17 25 25.239	-48 19 46.64	0.55	1.93	1.50	0.95	16.8209	16.1311	15.4020	14.6104	1
1188	17 25 25.304	-48 23 27.72	1.15	4.84	3.94	2.78	19.7208	18.5255	17.2180	15.9157	1
1189	17 25 25.305	-48 24 52.08	0.95	3.57	2.81	1.86	18.4521	17.4101	16.2967	15.0869	1
1190	17 25 25.266	-48 24 21.08	0.56	2.07	1.58	1.02	16.9534	16.2121	15.4684	14.6405	1
1191	17 25 25.237	-48 24 25.66	0.67	2.76	2.35	1.68	17.6479	16.9758	16.1286	15.2110	1
1192	17 25 25.334	-48 29 44.17	1.07	2.83	1.71	0.64	17.7158	16.3097	15.0801	13.8038	1
1194	17 25 25.235	-48 25 39.77	1.01	3.41	2.36	1.35	18.2894	16.9627	15.7884	14.4900	1
1195	17 25 25.197	-48 25 27.03	0.97	4.16	3.40	2.43	19.0415	18.0030	16.8729	15.6637	1
1197	17 25 25.139	-48 24 38.56	0.58	4.31	3.99	3.41	19.1992	18.6215	17.8623	16.9867	1
1201	17 25 25.153	-48 29 24.51	1.04	3.25	2.18	1.15	18.1391	16.7799	15.5841	14.2660	1
1202	17 25 25.026	-48 25 47.95	0.43	3.87	3.46	3.03	18.7591	18.0982	17.4826	16.4470	1
1203	17 25 24.986	-48 24 18.16	1.00	3.73	2.71	1.72	18.6139	17.3123	16.1546	14.8731	1
1204	17 25 24.878	-48 19 34.33	1.02	4.06	3.04	2.01	18.9469	17.6357	16.4534	15.1017	1
1205	17 25 24.900	-48 22 05.88	0.72	3.48	3.08	2.37	18.3635	17.7063	16.8123	15.8613	1
1206	17 25 25.045	-48 29 09.04	0.65	3.69	3.33	2.69	18.5750	17.9597	17.1335	16.2195	1
1207	17 25 24.956	-48 25 05.88	0.84	4.07	3.25	2.41	18.9553	17.8630	16.8500	15.6583	1
1212	17 25 24.800	-48 25 58.93	0.36	3.70	3.30	2.93	18.5848	17.9451	17.3899	16.6526	1
1213	17 25 24.799	-48 26 08.87	1.37	4.36	2.71	1.34	19.2422	17.2859	15.7682	14.1843	1
1214	17 25 24.682	-48 21 44.86	0.63	4.41	4.00	3.36	19.2939	18.6262	17.8129	16.8153	1
1217	17 25 24.713	-48 26 04.25	1.03	4.11	3.27	2.24	18.9952	17.8677	16.6809	15.3918	1
1218	17 25 24.712	-48 26 58.05	1.76	2.67	0.98	-0.79	17.5530	15.5243	13.6345	10.5519	1
1219	17 25 24.665	-48 25 04.00	0.64	4.55	4.39	3.75	19.4416	19.0151	18.1996	17.3082	1
1220	17 25 24.653	-48 24 45.03	1.07	3.93	3.15	2.08	18.8127	17.7493	16.5219	15.1789	1
1221	17 25 24.673	-48 25 53.02	0.93	3.95	3.08	2.16	18.8341	17.6896	16.5974	15.3764	1
1222	17 25 24.669	-48 25 47.15	0.95	4.09	3.50	2.55	18.9779	18.1018	16.9900	15.7648	1
1223	17 25 24.613	-48 23 06.84	0.38	0.74	0.44	0.06	15.6249	15.0912	14.5199	13.8179	1
1226	17 25 24.492	-48 23 38.46	1.03	3.20	2.18	1.15	18.0811	16.7743	15.5856	14.3077	1
1227	17 25 24.501	-48 24 54.89	1.08	4.39	3.54	2.46	19.2783	18.1325	16.8935	15.6238	1
1229	17 25 24.417	-48 23 55.12	0.97	2.71	1.83	0.86	17.5971	16.4335	15.2961	14.0524	1
1230	17 25 24.444	-48 25 25.38	0.90	2.43	1.65	0.75	17.3164	16.2622	15.1930	14.0109	1
1231	17 25 24.419	-48 25 30.92	0.90	3.95	3.17	2.27	18.8396	17.7816	16.7103	15.4765	1
1232	17 25 24.367	-48 23 45.80	0.61	1.98	1.56	0.95	16.8632	16.1941	15.4020	14.5144	1
1233	17 25 24.402	-48 27 23.60	0.92	3.62	2.86	1.95	18.5044	17.4713	16.3900	15.1396	1
1234	17 25 24.365	-48 26 20.92	1.03	3.41	2.42	1.40	18.2938	17.0222	15.8354	14.4601	1
1235	17 25 24.224	-48 24 54.66	0.99	4.00	3.29	2.29	18.8824	17.8874	16.7333	15.4216	1
1238	17 25 24.099	-48 24 30.09	1.08	3.34	2.18	1.11	18.2281	16.7768	15.5429	14.2078	1
1239	17 25 24.118	-48 25 40.49	0.89	4.18	3.28	2.40	19.0635	17.8911	16.8376	15.6500	1
1240	17 25 24.144	-48 27 14.58	0.94	4.82	4.19	3.25	19.7029	18.7939	17.6870	16.4651	1
1241	17 25 24.187	-48 29 35.56	0.76	4.65	4.17	3.41	19.5340	18.7879	17.8575	16.9463	1
1242	17 25 24.033	-48 22 40.36	0.96	4.75	4.08	3.13	19.6362	18.6864	17.5655	16.5443	1
1243	17 25 24.113	-48 26 44.26	1.12	2.92	1.79	0.67	17.7989	16.3859	15.1076	13.7156	1
1245	17 25 23.961	-48 25 36.05	0.70	4.48	4.31	3.61	19.3645	18.9341	18.0539	17.0975	1
1247	17 25 23.858	-48 23 14.32	1.04	3.46	2.39	1.35	18.3445	16.9918	15.7914	14.4683	1
1249	17 25 23.862	-48 24 06.17	0.93	3.95	3.11	2.19	18.8332	17.7211	16.6301	15.3740	1
1250	17 25 23.864	-48 25 37.39	1.11	2.89	1.84	0.73	17.7747	16.4313	15.1650	13.7736	1
1251	17 25 23.962	-48 31 03.33	0.72	2.82	2.40	1.69	17.7065	17.0259	16.1314	15.1700	1
1252	17 25 23.783	-48 24 27.31	1.04	3.76	2.79	1.75	18.6431	17.3911	16.1923	14.9099	1
1254	17 25 23.808	-48 28 27.81	0.92	4.24	3.49	2.58	19.1251	18.0999	17.0167	15.8211	1
1255	17 25 23.736	-48 26 47.23	0.47	4.64	4.49	4.02	19.5249	19.1334	18.4739	17.4617	1
1256	17 25 23.670	-48 26 00.99	0.96	4.00	3.20	2.24	18.8816	17.8014	16.6793	15.3836	1
1257	17 25 23.504	-48 20 24.52	0.63	3.15	2.60	1.96	18.0326	17.2257	16.4130	15.4557	1
1261	17 25 23.573	-48 28 25.35	0.68	3.80	3.28	2.61	18.6826	17.9081	17.0544	16.0355	1
1263	17 25 23.452	-48 26 27.10	0.87	2.52	1.66	0.79	17.4098	16.2696	15.2317	14.0225	1
1265	17 25 23.420	-48 27 23.69	1.01	3.74	2.91	1.90	18.6285	17.5098	16.3342	15.0577	1
1269	17 25 22.941	-48 18 48.93	0.74	2.07	1.58	0.84	16.9590	16.1964	15.2855	14.3446	1
1270	17 25 22.979	-48 21 56.13	0.74	4.28	3.70	2.96	19.1637	18.3190	17.4020	16.3963	1
1271	17 25 22.882	-48 19 55.78	0.69	3.45	2.99	2.29	18.3368	17.6100	16.7394	15.7997	1
1272	17 25 23.042	-48 28 46.12	0.68	4.26	3.84	3.15	19.1422	18.4602	17.6004	16.6167	1
1273	17 25 23.011	-48 27 48.35	0.55	3.17	2.98	2.43	18.0597	17.6181	16.8845	16.0203	1
1275	17 25 23.026	-48 29 45.66	1.40	0.46	-1.34	-2.75	15.3392	13.2274	11.6828	10.1168	1
1276	17 25 22.902	-48 26 06.29	0.58	4.14	3.77	3.20	19.0308	18.4063	17.6461	16.5419	1
1277	17 25 22.893	-48 26 34.81	1.14	4.23	3.09	1.95	19.1172	17.6807	16.3898	15.0319	1
1278	17 25 22.828	-48 23 58.16	1.01	4.31	3.23	2.22	19.1966	17.8328	16.6592	15.3362	1
1279	17 25 22.798	-48 23 16.73	1.12	3.11	1.93	0.81	17.9978	16.5233	15.2504	13.9081	1
1280	17 25 22.817	-48 25 54.82	1.31	2.76	1.29	-0.02	17.6413	15.8687	14.4136	12.8863	1
1281	17 25 22.762	-48 25 13.69	1.04	4.72	3.93	2.89	19.6066	18.5296	17.3320	16.1291	1
1285	17 25 22.794	-48 30 00.28	0.62	3.74	3.30	2.68	18.6230	17.9307	17.1278	16.2132	1
1286	17 25 22.615	-48 24 51.98	0.63	4.64	4.11	3.48	19.5272	18.7375	17.9252	16.9332	1
1288	17 25 22.673	-48 30 27.44	0.66	4.19	3.78	3.12	19.0767	18.4085	17.5672	16.5780	1
1289	17 25 22.560	-48 29 31.26	0.49	4.13	4.07	3.58	19.0127	18.7074	18.0317	17.1566	1
1290	17 25 22.423	-48 22 48.06	1.18	3.42	2.10	0.92	18.3033	16.6917	15.3584	13.9730	1
1291	17 25 22.494	-48 26 21.35	0.55	2.46	1.97	1.42	17.3502	16.6083	15.8708	15.0463	1
1292	17 25 22.304	-48 19 32.04	0.42	1.41	1.01	0.59	16.2939	15.6555	15.0438	14.3194	1
1293	17 25 22.342	-48 22 40.19	0.58	2.80	2.40	1.82	17.6868	17.0343	16.2694	15.4337	1
1294	17 25 22.355	-48 24 40.55	1.52	2.81	0.93	-0.60	17.6916	15.4897	13.8306	12.0785	1
1295	17 25 22.399	-48 28 25.09	0.72	4.23	3.91	3.19	19.1203	18.5352	17.6356	16.6310	1
1296	17 25 22.350	-48 28 05.77	0.52	4.23	4.14	3.62	19.1154	18.7737	18.0680	16.9421	1
1297	17 25 22.314	-48 26 24.25	0.90	3.95	3.23	2.33	18.8346	17.8371	16.7683	15.5463	1
1299	17 25 22.270	-48 26 03.23	0.81	4.52	4.03	3.22	19.4064	18.6415	17.6623	16.6763	1
1300	17 25 22.237	-48 25 28.26	1.02	4.52	3.84	2.82	19.4023	18.4423	17.2628	16.0495	1
1306	17 25 22.187	-48 28 37.84	0.99	3.65	2.70	1.71	18.5296	17.3010	16.1523	14.8842	1
1308	17 25 22.038	-48 26 22.65	0.62	2.81	2.43	1.81	17.6980	17.0621	16.2594	15.3203	1
1310	17 25 22.054	-48 27 52.04	0.77	3.49	2.97	2.20	18.3771	17.5871	16.6480	15.6219	1
1311	17 25 21.975	-48 25 49.25	0.80	4.39	3.68	2.88	19.2741	18.2961	17.3198	16.0588	1
1314	17 25 21.766	-48 22 17.50	0.34	0.14	-0.04	-0.38	15.0280	14.6095	14.0768	13.4632	1
1318	17 25 21.831	-48 30 28.79	0.64	2.57	2.17	1.53	17.4525	16.7952	15.9803	15.0955	1
1319	17 25 21.733	-48 26 29.19	0.88	4.61	4.02	3.14	19.4951	18.6336	17.5830	16.3382	1
1322	17 25 21.557	-48 22 52.83	0.93	3.23	2.51	1.58	18.1103	17.1169	16.0186	14.8589	1
1324	17 25 21.600	-48 29 37.37	0.77	1.09	0.55	-0.21	15.9734	15.1708	14.2324	13.1062	1
1325	17 25 21.515	-48 28 24.24	1.11	2.55	1.31	0.20	17.4387	15.9051	14.6344	13.2572	1
1329	17 25 21.406	-48 27 43.60	0.72	1.85	1.24	0.51	16.7383	15.8574	14.9583	14.0538	1
1336	17 25 21.211	-48 27 52.74	0.79	4.11	3.61	2.82	18.9952	18.2258	17.2647	16.1535	1
1337	17 25 21.132	-48 24 14.51	0.97	2.70	1.87	0.89	17.5885	16.4695	15.3333	14.0850	1
1338	17 25 21.149	-48 25 42.41	0.94	4.48	3.69	2.75	19.3631	18.2973	17.1882	15.9705	1
1339	17 25 21.191	-48 29 29.13	0.50	4.32	4.12	3.62	19.2035	18.7566	18.0694	16.9640	1
1341	17 25 21.094	-48 28 50.03	0.68	3.36	3.14	2.47	18.2501	17.7666	16.9132	15.8546	1
1342	17 25 20.953	-48 22 05.28	0.58	3.48	3.20	2.62	18.3626	17.8281	17.0666	16.1460	1
1343	17 25 21.038	-48 26 35.94	0.32	-1.15	-1.35	-1.66	13.7425	13.3045	12.7944	12.1738	1
1344	17 25 20.953	-48 25 16.70	0.88	2.42	1.64	0.76	17.3054	16.2461	15.1990	13.9960	1
1349	17 25 20.619	-48 21 23.58	0.68	3.74	3.16	2.49	18.6300	17.7861	16.9325	16.0377	1
1350	17 25 20.623	-48 24 55.80	1.02	3.91	3.02	1.99	18.7990	17.6151	16.4293	15.1504	1
1351	17 25 20.651	-48 26 34.46	0.87	3.92	3.13	2.26	18.8036	17.7371	16.7001	15.4915	1
1354	17 25 20.419	-48 24 08.01	0.47	-1.36	-1.57	-2.04	13.5262	13.0732	12.4144	11.6777	1
1356	17 25 20.383	-48 28 47.34	0.46	0.38	0.24	-0.22	15.2703	14.8835	14.2332	13.4829	1
1358	17 25 20.310	-48 28 08.70	1.26	2.55	1.10	-0.16	17.4292	15.6828	14.2743	12.7577	1
1360	17 25 20.162	-48 24 40.13	1.04	3.61	2.52	1.48	18.4917	17.1215	15.9170	14.5495	1
1363	17 25 20.034	-48 21 10.52	1.36	3.18	1.53	0.17	18.0574	16.1019	14.6016	13.1537	1
1364	17 25 20.145	-48 27 49.34	0.54	1.43	1.19	0.65	16.3186	15.8222	15.1000	14.2495	1
1365	17 25 20.084	-48 24 59.48	0.88	4.52	3.66	2.77	19.4059	18.2654	17.2154	15.9909	1
1366	17 25 20.144	-48 28 19.54	1.31	3.94	2.49	1.18	18.8244	17.0694	15.6120	13.8972	1
1369	17 25 19.900	-48 21 03.28	0.73	3.73	3.15	2.42	18.6132	17.7757	16.8684	15.9125	1
1370	17 25 19.991	-48 26 07.10	1.32	2.53	0.93	-0.40	17.4118	15.5043	14.0327	12.4900	1
1371	17 25 20.036	-48 30 08.33	0.94	3.45	2.64	1.70	18.3300	17.2431	16.1392	14.9380	1
1372	17 25 19.917	-48 24 57.01	1.02	3.58	2.63	1.61	18.4670	17.2301	16.0447	14.7203	1
1373	17 25 19.912	-48 24 49.54	0.91	4.32	3.53	2.63	19.2100	18.1423	17.0703	15.8930	1
1374	17 25 19.945	-48 27 20.56	0.79	4.70	3.89	3.10	19.5873	18.5046	17.5462	16.5027	1
1377	17 25 19.879	-48 29 54.53	0.29	-0.61	-0.80	-1.10	14.2748	13.8497	13.3613	12.7254	1
1378	17 25 19.770	-48 26 16.45	0.91	4.50	3.82	2.91	19.3812	18.4290	17.3516	16.1444	1
1379	17 25 19.602	-48 23 04.37	0.73	4.41	3.93	3.20	19.2920	18.5538	17.6455	16.7091	1
1380	17 25 19.662	-48 26 10.30	0.71	3.91	3.43	2.72	18.7990	18.0517	17.1675	16.2290	1
1381	17 25 19.632	-48 25 53.06	0.97	3.78	2.82	1.85	18.6608	17.4207	16.2908	14.9907	1
1382	17 25 19.606	-48 24 37.40	0.98	4.10	3.24	2.26	18.9814	17.8427	16.6998	15.4376	1
1384	17 25 19.516	-48 22 15.68	0.79	4.25	3.60	2.81	19.1315	18.2136	17.2522	16.2869	1
1385	17 25 19.564	-48 25 04.07	1.36	4.46	2.74	1.38	19.3460	17.3151	15.8060	14.2514	1
1386	17 25 19.492	-48 22 51.61	1.08	3.94	2.88	1.80	18.8277	17.4737	16.2390	14.9255	1
1388	17 25 19.616	-48 31 29.39	1.07	3.66	2.46	1.39	18.5467	17.0536	15.8288	14.4540	1
1390	17 25 19.454	-48 25 29.68	1.12	4.76	3.37	2.26	19.6480	17.9654	16.6913	15.3516	1
1392	17 25 19.271	-48 20 15.35	0.73	2.68	2.03	1.30	17.5620	16.6472	15.7450	14.7460	1
1394	17 25 19.297	-48 25 57.20	0.98	3.58	2.68	1.70	18.4609	17.2842	16.1411	14.8446	1
1395	17 25 19.194	-48 25 14.05	0.66	4.54	4.11	3.45	19.4259	18.7336	17.8973	16.9494	1
1398	17 25 19.161	-48 29 31.47	0.51	2.31	2.03	1.52	17.1949	16.6715	15.9747	15.2089	1
1401	17 25 19.047	-48 26 29.27	0.84	2.43	1.60	0.75	17.3183	16.2083	15.1954	14.0200	1
1402	17 25 18.843	-48 18 42.04	0.76	4.25	3.51	2.75	19.1344	18.1326	17.1945	16.1209	1
1403	17 25 18.962	-48 28 19.58	0.57	3.41	3.12	2.55	18.2935	17.7573	17.0034	16.0947	1
1404	17 25 18.911	-48 26 28.15	1.03	4.31	3.42	2.39	19.1919	18.0194	16.8240	15.5002	1
1407	17 25 18.800	-48 25 32.74	0.91	2.54	1.71	0.81	17.4278	16.3213	15.2494	14.0477	1
1408	17 25 18.803	-48 27 00.44	0.44	0.50	0.21	-0.24	15.3870	14.8481	14.2158	13.4754	1
1409	17 25 18.842	-48 29 16.51	0.62	2.48	2.04	1.42	17.3708	16.6730	15.8710	15.0030	1
1410	17 25 18.693	-48 23 39.72	1.02	2.90	1.98	0.96	17.7868	16.5785	15.4013	14.1086	1
1411	17 25 18.759	-48 30 45.57	0.30	3.57	3.22	2.91	18.4543	17.8676	17.3684	16.7255	1
1415	17 25 18.410	-48 18 35.95	0.69	2.33	1.83	1.14	17.2172	16.4553	15.5906	14.6277	1
1416	17 25 18.539	-48 27 04.09	1.02	3.11	2.08	1.06	17.9987	16.6813	15.4969	14.1844	1
1417	17 25 18.424	-48 21 19.70	1.25	4.06	2.90	1.65	18.9424	17.4782	16.0794	14.5930	1
1419	17 25 18.513	-48 30 59.84	1.01	3.22	2.27	1.26	18.1035	16.8667	15.6989	14.4505	1
1422	17 25 18.273	-48 21 12.16	0.24	-3.01	-3.26	-3.50	11.8767	11.3922	10.9558	10.4880	1
1423	17 25 18.413	-48 30 52.01	0.58	2.44	2.23	1.66	17.3266	16.8655	16.1075	15.2040	1
1428	17 25 18.164	-48 23 50.19	0.99	4.32	3.71	2.73	19.2026	18.3149	17.1660	15.8376	1
1432	17 25 18.021	-48 24 41.30	1.07	3.50	2.49	1.42	18.3796	17.0873	15.8544	14.4759	1
1436	17 25 17.803	-48 24 47.68	0.65	2.79	2.39	1.74	17.6809	17.0182	16.1857	15.2184	1
1437	17 25 17.900	-48 30 34.97	1.32	4.12	2.67	1.35	19.0061	17.2454	15.7795	14.3101	1
1439	17 25 17.760	-48 25 50.81	0.86	4.16	3.43	2.57	19.0427	18.0424	17.0153	15.8709	1
1440	17 25 17.799	-48 31 44.80	0.44	2.63	2.39	1.95	17.5219	17.0325	16.4059	15.5914	1
1441	17 25 17.643	-48 25 24.32	0.94	2.66	1.71	0.77	17.5447	16.3148	15.2113	13.9905	1
1443	17 25 17.623	-48 31 31.74	1.59	2.87	0.89	-0.69	17.7460	15.4523	13.7295	11.7737	1
1444	17 25 17.466	-48 24 57.85	0.64	2.85	2.45	1.81	17.7334	17.0739	16.2559	15.3983	1
1446	17 25 17.470	-48 25 57.84	1.33	2.52	1.03	-0.29	17.3985	15.6098	14.1380	12.5784	1
1447	17 25 17.564	-48 31 57.75	0.53	2.49	2.24	1.71	17.3766	16.8722	16.1601	15.2966	1
1449	17 25 17.332	-48 22 16.65	1.06	4.46	3.59	2.54	19.3451	18.1914	16.9752	15.6437	1
1450	17 25 17.388	-48 26 01.86	0.98	3.26	2.25	1.28	18.1418	16.8575	15.7170	14.4532	1
1455	17 25 17.135	-48 26 30.99	1.17	4.32	2.87	1.70	19.2008	17.4613	16.1378	14.7277	1
1457	17 25 17.144	-48 29 53.42	0.57	2.69	2.28	1.71	17.5801	16.9084	16.1598	15.3242	1
1460	17 25 16.950	-48 27 14.66	1.24	3.94	2.47	1.23	18.8246	17.0563	15.6680	14.2316	1
1462	17 25 16.936	-48 27 29.78	1.45	0.99	-0.89	-2.34	15.8739	13.6776	12.0890	10.4851	1
1464	17 25 16.720	-48 26 33.47	0.87	2.40	1.60	0.73	17.2871	16.2064	15.1701	13.9833	1
1465	17 25 16.730	-48 28 22.97	1.01	4.27	3.09	2.08	19.1533	17.6929	16.5235	15.3093	1
1466	17 25 16.533	-48 22 38.57	1.25	3.75	2.37	1.12	18.6320	16.9555	15.5545	14.0502	1
1467	17 25 16.481	-48 20 33.80	0.61	3.37	3.13	2.52	18.2543	17.7551	16.9687	16.0027	1
1470	17 25 16.482	-48 26 35.27	1.23	4.18	2.91	1.68	19.0639	17.4974	16.1121	14.6763	1
1474	17 25 16.273	-48 25 52.61	1.00	3.53	2.57	1.57	18.4192	17.1700	16.0097	14.7451	1
1476	17 25 16.164	-48 27 56.36	0.66	2.85	2.46	1.81	17.7367	17.0897	16.2541	15.3574	1
1480	17 25 15.894	-48 29 43.85	0.63	3.83	3.40	2.77	18.7201	18.0312	17.2169	16.2914	1
1481	17 25 15.805	-48 26 07.55	0.41	1.24	0.97	0.56	16.1302	15.6126	15.0153	14.2955	1
1482	17 25 15.886	-48 30 53.31	0.62	3.62	3.23	2.61	18.5104	17.8636	17.0617	16.0339	1
1484	17 25 15.766	-48 29 07.26	0.62	1.92	1.47	0.85	16.8041	16.0961	15.2942	14.4122	1
1485	17 25 15.621	-48 26 40.97	1.15	2.89	1.71	0.56	17.7725	16.3034	15.0003	13.6181	1
1490	17 25 15.351	-48 25 21.27	0.68	4.08	3.49	2.81	18.9639	18.1165	17.2576	16.2317	1
1491	17 25 15.359	-48 25 50.27	0.62	4.14	3.88	3.26	19.0242	18.5100	17.7098	16.8094	1
1492	17 25 15.214	-48 19 36.48	0.71	3.90	3.40	2.69	18.7907	18.0253	17.1374	16.1453	1
1493	17 25 15.183	-48 20 29.14	0.59	3.62	3.27	2.68	18.5036	17.9004	17.1311	16.3209	1
1494	17 25 15.278	-48 26 01.96	0.75	4.22	3.71	2.95	19.1077	18.3258	17.3983	16.3628	1
1497	17 25 15.207	-48 26 49.22	0.81	4.13	3.80	2.99	19.0113	18.4110	17.4294	16.3851	1
1498	17 25 15.138	-48 24 42.02	0.61	3.23	2.96	2.35	18.1204	17.5943	16.8028	15.8731	1
1499	17 25 15.194	-48 29 42.08	0.64	3.32	3.05	2.41	18.2087	17.6751	16.8586	15.9950	1
1500	17 25 15.043	-48 22 42.00	1.07	3.87	2.89	1.83	18.7500	17.4906	16.2665	14.8743	1
1502	17 25 14.871	-48 21 22.64	1.47	2.83	1.11	-0.36	17.7144	15.6749	14.0644	12.4031	1
1504	17 25 14.795	-48 27 06.37	1.01	2.41	1.36	0.35	17.2925	15.9615	14.7858	13.5335	1
1506	17 25 14.637	-48 21 31.96	0.76	4.20	3.68	2.92	19.0832	18.3016	17.3701	16.3040	1
1508	17 25 14.483	-48 26 26.74	0.64	4.40	3.88	3.23	19.2877	18.5029	17.6816	16.7035	1
1511	17 25 14.231	-48 28 04.93	0.65	4.74	4.35	3.70	19.6303	18.9763	18.1445	17.1274	1
1512	17 25 14.229	-48 29 07.06	0.68	2.62	2.18	1.50	17.5067	16.8043	15.9516	14.9756	1
1514	17 25 14.029	-48 24 53.17	0.70	0.45	-0.14	-0.84	15.3326	14.4826	13.6039	12.6833	1
1515	17 25 14.074	-48 29 12.66	1.21	2.56	1.19	-0.02	17.4469	15.7725	14.4150	12.9975	1
1516	17 25 13.882	-48 25 52.60	0.70	4.34	3.93	3.23	19.2291	18.5502	17.6722	16.6582	1
1517	17 25 13.865	-48 27 20.23	0.55	4.02	3.44	2.88	18.9040	18.0696	17.3327	16.3513	1
1518	17 25 13.628	-48 19 52.63	1.01	4.21	3.09	2.08	19.0927	17.6917	16.5171	15.3059	1
1519	17 25 13.717	-48 26 26.61	0.57	0.98	0.66	0.10	15.8689	15.2942	14.5459	13.6692	1
1520	17 25 13.633	-48 24 00.74	1.55	3.00	1.18	-0.37	17.8802	15.7425	14.0569	12.2619	1
1521	17 25 13.695	-48 27 39.34	0.92	3.72	2.84	1.93	18.6051	17.4503	16.3673	15.1506	1
1522	17 25 13.701	-48 28 16.65	0.63	3.41	2.98	2.36	18.2935	17.6134	16.8079	15.7560	1
1526	17 25 13.608	-48 29 40.56	0.72	3.75	3.29	2.57	18.6360	17.9097	17.0167	16.0792	1
1529	17 25 13.521	-48 27 04.88	0.93	2.44	1.58	0.66	17.3280	16.1913	15.0968	13.8587	1
1530	17 25 13.494	-48 31 16.58	1.08	4.13	3.09	2.02	19.0136	17.6873	16.4530	15.2223	1
1536	17 25 13.084	-48 30 33.85	0.37	-0.62	-0.89	-1.26	14.2703	13.7550	13.1914	12.5506	1
1539	17 25 12.894	-48 29 24.19	0.95	3.64	2.86	1.91	18.5219	17.4672	16.3516	15.1441	1
1542	17 25 12.722	-48 26 20.95	0.47	1.46	1.26	0.79	16.3476	15.8996	15.2399	14.4691	1
1544	17 25 12.601	-48 31 16.42	1.30	3.73	2.14	0.84	18.6156	16.7159	15.2705	13.7064	1
1545	17 25 12.521	-48 26 45.20	0.87	2.37	1.57	0.70	17.2554	16.1824	15.1440	13.9812	1
1546	17 25 12.476	-48 24 24.15	1.36	4.03	2.44	1.08	18.9142	17.0103	15.5092	13.9413	1
1547	17 25 12.581	-48 31 03.28	0.63	2.47	2.07	1.44	17.3608	16.6944	15.8857	15.0025	1
1548	17 25 12.346	-48 27 05.39	0.89	4.05	3.35	2.46	18.9362	17.9581	16.9019	15.6709	1
1552	17 25 12.309	-48 31 41.82	0.23	-0.84	-1.09	-1.32	14.0484	13.5634	13.1351	12.6237	1
1554	17 25 12.182	-48 27 24.21	1.31	4.28	2.83	1.52	19.1579	17.4117	15.9551	14.4768	1
1556	17 25 12.023	-48 22 41.95	0.16	3.54	2.87	2.71	18.4341	17.5307	17.1734	16.6569	1
1557	17 25 11.942	-48 21 08.01	0.74	4.27	3.64	2.89	19.1516	18.2587	17.3404	16.2509	1
1558	17 25 11.844	-48 19 58.94	0.57	1.99	1.54	0.97	16.8781	16.1771	15.4233	14.5466	1
1560	17 25 11.989	-48 31 37.50	0.04	4.05	3.35	3.30	18.9437	18.0173	17.7675	17.3466	1
1562	17 25 11.865	-48 31 42.45	0.22	2.61	1.91	1.69	17.4971	16.5707	16.1494	15.5819	1
1563	17 25 11.758	-48 25 44.58	0.68	3.40	2.90	2.23	18.2869	17.5262	16.6729	15.7764	1
1564	17 25 11.726	-48 24 41.88	0.66	3.14	2.61	1.95	18.0306	17.2339	16.3940	15.4752	1
1566	17 25 11.634	-48 28 17.71	0.62	3.63	3.21	2.59	18.5121	17.8431	17.0414	16.1246	1
1567	17 25 11.540	-48 24 09.84	1.18	3.66	2.39	1.21	18.5433	16.9763	15.6449	14.2368	1
1570	17 25 11.418	-48 21 59.06	0.69	3.98	3.30	2.61	18.8655	17.9272	17.0560	16.0529	1
1572	17 25 11.506	-48 28 11.17	0.47	4.01	3.68	3.21	18.8997	18.3187	17.6595	16.9375	1
1574	17 25 11.430	-48 27 03.09	0.84	4.24	3.58	2.74	19.1280	18.1907	17.1791	16.1472	1
1575	17 25 11.367	-48 24 06.45	1.30	2.83	1.26	-0.04	17.7117	15.8371	14.3931	12.8099	1
1577	17 25 11.386	-48 28 09.59	0.96	2.71	2.10	1.14	17.5955	16.7037	15.5767	14.3537	1
1581	17 25 11.135	-48 26 34.15	0.52	4.18	4.05	3.53	19.0705	18.6846	17.9842	17.1804	1
1582	17 25 11.000	-48 22 03.38	0.70	3.81	3.09	2.39	18.6942	17.7120	16.8399	15.9024	1
1589	17 25 10.473	-48 23 42.01	0.57	1.06	0.76	0.19	15.9472	15.3885	14.6404	13.8349	1
1592	17 25 10.270	-48 22 39.39	0.67	0.95	0.32	-0.35	15.8400	14.9441	14.0990	13.2470	1
1595	17 25 10.360	-48 29 15.83	0.94	3.86	3.11	2.17	18.7416	17.7137	16.6065	15.4798	1
1598	17 25 09.880	-48 28 34.33	0.93	2.95	2.16	1.23	17.8322	16.7638	15.6683	14.4225	1
1599	17 25 09.756	-48 22 38.24	0.66	2.51	2.03	1.37	17.4000	16.6528	15.8145	14.8908	1
1600	17 25 09.775	-48 25 58.68	0.61	3.55	3.47	2.86	18.4390	18.0959	17.3077	16.3943	1
1601	17 25 09.701	-48 22 22.35	1.11	3.72	2.57	1.46	18.6081	17.1658	15.8976	14.4710	1
1602	17 25 09.840	-48 32 01.35	0.52	3.20	2.88	2.36	18.0836	17.5158	16.8105	15.9341	1
1603	17 25 09.725	-48 27 21.76	0.70	3.05	2.41	1.71	17.9357	17.0358	16.1565	15.1551	1
1604	17 25 09.709	-48 30 05.98	0.82	3.03	2.38	1.56	17.9183	16.9975	16.0035	14.9706	1
1605	17 25 09.629	-48 26 14.98	0.77	3.88	3.31	2.54	18.7677	17.9234	16.9841	15.9417	1
1606	17 25 09.497	-48 21 30.61	0.84	4.35	3.65	2.81	19.2353	18.2601	17.2484	16.2128	1
1607	17 25 09.497	-48 21 34.90	0.73	3.74	3.26	2.52	18.6224	17.8770	16.9679	15.9600	1
1611	17 25 09.471	-48 24 38.75	0.55	3.93	3.89	3.34	18.8178	18.5263	17.7951	16.7405	1
1613	17 25 09.295	-48 25 07.56	0.63	3.47	3.29	2.66	18.3570	17.9181	17.1128	16.1900	1
1614	17 25 09.296	-48 26 31.00	0.74	4.45	3.85	3.11	19.3331	18.4748	17.5559	16.5205	1
1616	17 25 09.261	-48 26 25.67	0.55	4.24	3.89	3.34	19.1248	18.5279	17.7917	16.7660	1
1617	17 25 09.195	-48 23 52.49	0.90	2.22	1.42	0.52	17.1060	16.0284	14.9601	13.8963	1
1619	17 25 09.179	-48 28 07.17	0.62	2.93	2.56	1.94	17.8151	17.1935	16.3909	15.4408	1
1620	17 25 09.182	-48 28 38.78	0.89	4.21	3.48	2.59	19.0940	18.0868	17.0288	15.8338	1
1621	17 25 09.208	-48 31 46.79	0.67	1.67	1.18	0.51	16.5588	15.8051	14.9581	14.0541	1
1622	17 25 09.131	-48 28 49.72	0.71	4.06	3.54	2.83	18.9509	18.1643	17.2744	16.3332	1
1623	17 25 09.060	-48 26 47.47	1.00	3.99	2.96	1.96	18.8713	17.5578	16.3993	15.1193	1
1624	17 25 09.013	-48 27 50.56	0.84	3.65	2.76	1.92	18.5366	17.3730	16.3670	15.2233	1
1626	17 25 08.917	-48 27 58.84	0.84	4.24	3.50	2.66	19.1258	18.1147	17.1033	15.8678	1
1629	17 25 08.747	-48 24 30.21	0.97	4.26	3.37	2.40	19.1460	17.9737	16.8419	15.5684	1
1631	17 25 08.749	-48 26 14.61	0.81	4.43	3.59	2.78	19.3148	18.2016	17.2249	16.1435	1
1632	17 25 08.738	-48 28 24.82	1.27	3.82	2.23	0.96	18.7015	16.8116	15.3949	13.9887	1
1633	17 25 08.599	-48 21 44.93	0.69	4.21	3.70	3.01	19.0989	18.3268	17.4600	16.4505	1
1634	17 25 08.682	-48 27 31.26	0.72	3.74	3.15	2.43	18.6281	17.7735	16.8735	15.8659	1
1635	17 25 08.629	-48 24 39.93	0.97	3.95	3.03	2.06	18.8303	17.6356	16.5025	15.2696	1
1636	17 25 08.588	-48 24 50.22	0.64	2.89	2.45	1.80	17.7776	17.0747	16.2531	15.3751	1
1638	17 25 08.512	-48 23 14.08	1.16	3.00	1.71	0.55	17.8879	16.3005	14.9884	13.6189	1
1640	17 25 08.502	-48 26 53.95	0.60	4.05	3.83	3.22	18.9401	18.4579	17.6724	16.7836	1
1641	17 25 08.405	-48 24 46.83	0.96	2.62	1.78	0.83	17.5066	16.3881	15.2654	14.0281	1
1642	17 25 08.338	-48 24 59.51	0.60	4.36	3.97	3.37	19.2486	18.5996	17.8142	16.8014	1
1643	17 25 08.097	-48 23 17.57	1.41	3.00	1.39	-0.01	17.8854	15.9636	14.4141	12.8056	1
1645	17 25 08.136	-48 31 16.87	0.56	3.05	2.67	2.11	17.9325	17.3009	16.5559	15.7017	1
1646	17 25 08.038	-48 26 14.27	0.55	1.08	0.72	0.17	15.9648	15.3520	14.6214	13.8014	1
1647	17 25 08.109	-48 30 57.61	1.09	2.77	1.67	0.58	17.6552	16.2618	15.0176	13.7282	1
1648	17 25 07.891	-48 26 18.69	0.56	2.40	2.01	1.44	17.2841	16.6404	15.8935	15.0205	1
1650	17 25 07.811	-48 28 05.59	0.92	2.60	1.74	0.81	17.4885	16.3429	15.2530	14.0258	1
1651	17 25 07.741	-48 25 57.17	0.68	3.95	3.73	3.04	18.8342	18.3497	17.4887	16.4562	1
1652	17 25 07.708	-48 24 32.00	0.70	4.50	3.91	3.21	19.3897	18.5317	17.6542	16.7019	1
1654	17 25 07.546	-48 21 49.48	0.68	3.90	3.32	2.63	18.7821	17.9416	17.0807	16.1402	1
1655	17 25 07.404	-48 31 17.95	0.66	3.46	2.94	2.28	18.3425	17.5641	16.7277	15.7334	1
1657	17 25 07.301	-48 26 19.36	0.84	3.86	3.30	2.46	18.7429	17.9089	16.9008	15.6416	1
1661	17 25 07.174	-48 27 13.30	0.60	4.01	3.71	3.11	18.8983	18.3385	17.5600	16.6098	1
1664	17 25 06.973	-48 19 27.20	0.75	4.12	3.51	2.76	19.0066	18.1255	17.2045	16.1598	1
1668	17 25 06.774	-48 24 05.90	1.65	3.22	1.17	-0.47	18.0981	15.7272	13.9495	11.8955	1
1671	17 25 06.539	-48 18 48.62	0.91	3.98	2.96	2.04	18.8655	17.5632	16.4823	15.3459	1
1672	17 25 06.597	-48 24 15.83	0.93	2.48	1.49	0.57	17.3618	16.0987	15.0063	13.8122	1
1673	17 25 06.582	-48 23 25.23	1.66	2.92	0.87	-0.78	17.8015	15.4274	13.6390	11.7285	1
1674	17 25 06.588	-48 24 49.52	0.64	3.05	2.70	2.06	17.9398	17.3287	16.5103	15.5922	1
1675	17 25 06.398	-48 19 36.94	0.77	3.81	3.28	2.51	18.7003	17.8983	16.9593	16.0290	1
1676	17 25 06.321	-48 19 29.28	0.69	2.70	2.16	1.47	17.5873	16.7804	15.9124	14.9137	1
1677	17 25 06.458	-48 30 05.62	0.61	4.26	3.87	3.26	19.1462	18.5004	17.7115	16.7457	1
1678	17 25 06.316	-48 21 45.99	0.52	2.99	2.60	2.09	17.8762	17.2395	16.5368	15.6723	1
1679	17 25 06.193	-48 18 57.92	1.25	0.75	-0.84	-2.09	15.6310	13.7398	12.3397	10.9722	1
1680	17 25 06.328	-48 30 13.13	0.37	3.86	3.42	3.06	18.7457	18.0684	17.5109	16.8127	1
1682	17 25 06.246	-48 28 40.84	0.90	2.55	1.69	0.79	17.4360	16.2991	15.2364	14.0331	1
1683	17 25 06.050	-48 23 50.68	1.49	3.45	1.65	0.16	18.3360	16.2126	14.5880	12.9432	1
1685	17 25 05.991	-48 25 28.48	0.85	4.33	3.70	2.85	19.2140	18.3161	17.2962	16.0892	1
1692	17 25 05.577	-48 27 44.93	0.94	4.83	3.92	2.98	19.7187	18.5292	17.4231	16.2073	1
1693	17 25 05.571	-48 29 07.18	0.67	3.18	2.56	1.89	18.0624	17.1855	16.3393	15.0049	1
1694	17 25 05.554	-48 28 09.85	0.48	3.34	3.04	2.56	18.2296	17.6817	17.0169	16.2073	1
1696	17 25 05.389	-48 20 53.91	0.73	2.46	1.88	1.14	17.3484	16.4999	15.5903	14.6303	1
1697	17 25 05.472	-48 28 29.86	0.97	2.27	1.29	0.32	17.1555	15.8936	14.7638	13.5937	1
1699	17 25 05.276	-48 20 45.93	0.60	2.10	1.77	1.18	16.9913	16.4055	15.6275	14.7251	1
1700	17 25 05.354	-48 27 44.64	0.97	2.70	1.81	0.84	17.5878	16.4153	15.2774	13.9912	1
1701	17 25 05.347	-48 28 17.77	0.86	2.43	1.57	0.71	17.3162	16.1836	15.1522	13.9523	1
1707	17 25 04.930	-48 27 05.30	0.43	0.88	0.67	0.24	15.7685	15.3105	14.6888	13.9167	1
1715	17 25 04.217	-48 19 18.39	1.07	3.51	2.44	1.37	18.3909	17.0346	15.8085	14.4330	1
1717	17 25 04.165	-48 25 45.89	0.74	2.51	1.92	1.18	17.3978	16.5395	15.6234	14.6388	1
1718	17 25 04.037	-48 19 33.49	0.67	3.23	2.63	1.96	18.1130	17.2535	16.4075	15.4106	1
1721	17 25 03.883	-48 31 43.53	0.20	-1.84	-2.22	-2.42	13.0477	12.4381	12.0368	11.5253	1
1722	17 25 03.666	-48 27 25.46	0.79	3.96	3.37	2.57	18.8452	17.9820	17.0169	15.9706	1
1724	17 25 03.440	-48 24 52.59	-0.32	2.31	3.29	3.60	17.2021	17.9852	18.0763	18.2324	1
1728	17 25 03.082	-48 19 39.09	0.92	3.28	2.20	1.28	18.1618	16.8071	15.7193	14.5023	1
1732	17 25 02.972	-48 19 52.53	1.07	4.03	2.93	1.85	18.9150	17.5212	16.2904	14.9734	1
1733	17 25 03.002	-48 26 40.84	0.51	4.06	3.76	3.25	18.9442	18.3986	17.7050	16.9322	1
1735	17 25 02.811	-48 20 57.96	1.43	4.09	2.36	0.92	18.9767	16.9248	15.3491	13.6980	1
1736	17 25 02.810	-48 24 09.14	1.51	4.16	2.24	0.72	19.0414	16.8004	15.1481	13.3655	1
1737	17 25 02.839	-48 28 42.35	0.90	2.23	1.48	0.57	17.1108	16.0844	15.0164	13.8279	1
1738	17 25 02.811	-48 31 13.25	1.56	2.58	0.87	-0.69	17.4620	15.4313	13.7323	10.7112	0
1742	17 25 02.506	-48 30 06.43	0.65	3.67	3.12	2.47	18.5562	17.7471	16.9195	15.9369	1
1745	17 25 02.239	-48 27 31.02	0.97	2.65	1.77	0.80	17.5298	16.3722	15.2351	13.9873	1
1747	17 25 02.163	-48 22 46.71	0.74	4.15	3.64	2.90	19.0390	18.2626	17.3502	16.4073	1
1749	17 25 02.009	-48 21 52.22	0.69	3.44	2.82	2.13	18.3255	17.4431	16.5720	15.6296	1
1750	17 25 01.912	-48 19 52.03	1.24	3.29	1.86	0.63	18.1753	16.4473	15.0611	13.6674	1
1751	17 25 01.995	-48 26 11.89	0.41	3.54	3.06	2.65	18.4236	17.7034	17.1067	16.4356	1
1753	17 25 01.714	-48 23 16.00	0.86	1.48	0.68	-0.18	16.3632	15.2944	14.2664	13.0844	1
1755	17 25 01.604	-48 21 34.81	0.69	2.75	2.28	1.59	17.6362	16.9017	16.0354	15.0856	1
1756	17 25 01.665	-48 26 38.53	0.96	3.54	2.59	1.62	18.4205	17.1906	16.0640	14.7692	1
1759	17 25 01.412	-48 26 57.55	0.95	2.46	1.55	0.60	17.3476	16.1587	15.0415	13.8183	1
1763	17 25 01.117	-48 20 42.77	0.39	0.52	0.28	-0.12	15.4083	14.9209	14.3388	13.6438	1
1764	17 25 01.116	-48 22 10.53	0.71	4.33	3.77	3.06	19.2202	18.3955	17.5110	16.5353	1
1767	17 25 00.908	-48 28 06.81	0.60	2.95	2.70	2.10	17.8395	17.3337	16.5492	15.6378	1
1772	17 25 00.378	-48 21 32.95	0.71	3.90	3.54	2.84	18.7836	18.1647	17.2818	16.3613	1
1774	17 25 00.355	-48 29 11.82	0.73	3.17	2.39	1.67	18.0552	17.0156	16.1121	15.1120	1
1776	17 25 00.181	-48 30 27.79	0.63	3.61	3.19	2.56	18.4956	17.8173	17.0092	16.1177	1
1781	17 24 59.765	-48 30 32.97	0.49	3.85	3.52	3.03	18.7369	18.1618	17.4866	16.5692	1
1785	17 24 59.484	-48 31 52.92	0.78	3.48	2.89	2.12	18.3657	17.5120	16.5635	15.4982	1
1791	17 24 58.992	-48 24 16.02	1.25	1.34	-0.22	-1.47	16.2242	14.3632	12.9588	11.5110	1
1792	17 24 58.788	-48 19 10.42	0.69	3.43	3.07	2.38	18.3212	17.6906	16.8246	15.8345	1
1794	17 24 58.657	-48 25 39.24	1.02	3.98	2.93	1.91	18.8604	17.5319	16.3480	15.0564	1
1795	17 24 58.659	-48 25 49.17	0.67	3.81	3.17	2.50	18.6981	17.7950	16.9519	15.9443	1
1796	17 24 58.567	-48 21 35.11	0.80	4.25	3.57	2.77	19.1382	18.1871	17.2163	16.2284	1
1799	17 24 58.332	-48 18 52.19	0.55	2.33	1.99	1.44	17.2162	16.6281	15.8923	14.9497	1
1801	17 24 58.281	-48 29 09.28	1.06	3.34	2.19	1.13	18.2285	16.7820	15.5635	14.2576	1
1803	17 24 58.102	-48 26 40.08	0.78	3.70	3.19	2.40	18.5892	17.8027	16.8463	15.9349	1
1804	17 24 58.127	-48 31 54.85	0.61	3.51	3.14	2.52	18.4013	17.7655	16.9704	16.0383	1
1806	17 24 57.921	-48 24 36.64	1.15	3.95	2.65	1.50	18.8316	17.2416	15.9394	14.5834	1
1807	17 24 57.687	-48 19 56.46	0.66	2.74	2.20	1.53	17.6262	16.8211	15.9809	14.9834	1
1808	17 24 57.700	-48 24 17.33	1.17	3.03	1.62	0.44	17.9147	16.2035	14.8754	13.5145	1
1809	17 24 57.662	-48 31 26.99	0.35	0.32	0.04	-0.31	15.2126	14.6918	14.1483	13.4419	1
1810	17 24 57.561	-48 24 25.36	1.56	2.70	0.77	-0.79	17.5850	15.3321	13.6396	11.8509	1
1811	17 24 57.572	-48 29 24.20	0.55	1.84	1.43	0.88	16.7282	16.0603	15.3297	14.4392	1
1817	17 24 57.179	-48 27 29.58	0.54	3.84	3.51	2.97	18.7264	18.1466	17.4231	16.5139	1
1819	17 24 57.014	-48 22 37.38	0.86	4.11	3.41	2.55	18.9947	18.0175	16.9933	15.9353	1
1820	17 24 56.968	-48 22 24.85	1.17	3.42	2.16	0.99	18.3007	16.7496	15.4260	14.0319	1
1821	17 24 56.829	-48 19 44.42	0.85	3.60	2.91	2.07	18.4879	17.5267	16.5091	15.4194	1
1824	17 24 56.767	-48 29 46.70	0.68	2.80	2.24	1.56	17.6863	16.8658	16.0049	14.9973	1
1825	17 24 56.562	-48 22 39.01	0.68	3.94	3.55	2.87	18.8288	18.1731	17.3193	16.3319	1
1826	17 24 56.644	-48 30 47.10	0.72	3.77	3.41	2.69	18.6594	18.0327	17.1356	16.1160	1
1827	17 24 56.481	-48 22 01.57	0.88	4.30	3.34	2.46	19.1875	17.9513	16.9020	15.7956	1
1835	17 24 55.700	-48 21 09.14	0.70	3.25	2.72	2.02	18.1333	17.3408	16.4626	15.4308	1
1837	17 24 55.617	-48 19 59.70	0.75	2.96	2.40	1.66	17.8482	17.0244	16.1048	15.0122	1
1845	17 24 55.183	-48 24 37.31	0.79	3.97	3.61	2.82	18.8587	18.2309	17.2654	16.1819	1
1848	17 24 54.288	-48 27 00.47	0.87	3.00	2.28	1.41	17.8881	16.8869	15.8503	14.7506	1
1849	17 24 53.887	-48 19 57.92	1.27	2.58	1.09	-0.18	17.4672	15.6690	14.2544	12.6612	1
1850	17 24 53.799	-48 29 48.82	0.68	3.38	2.98	2.31	18.2689	17.6069	16.7532	15.7965	1
1852	17 24 53.574	-48 26 56.58	0.43	1.24	0.76	0.33	16.1246	15.3983	14.7812	14.0628	1
1867	17 24 52.547	-48 31 25.43	0.74	3.43	2.65	1.91	18.3206	17.2698	16.3532	15.2203	1
1869	17 24 52.383	-48 27 15.69	0.63	3.02	2.61	1.98	17.9071	17.2414	16.4334	15.5034	1
1871	17 24 52.107	-48 23 46.56	0.56	3.19	2.81	2.25	18.0727	17.4430	16.6983	15.8297	1
1874	17 24 51.735	-48 21 23.63	0.57	2.35	2.02	1.45	17.2322	16.6500	15.9003	15.0093	1
1877	17 24 51.566	-48 22 12.10	0.70	3.71	3.15	2.45	18.5927	17.7729	16.8981	15.9881	1
