# Pal2 E(B-V)=1.24, m-M = 17.17
# BlueFlag Note: if (V-I)0 > 0.331 + 1.444 * (B-V)0 then BlueFlag = 0
# 	RA		Dec		(B-V)_0	M_u	M_B	M_V	u	B	V	I	BlueFlag
65	04 46 09.793	+31 27 43.02	1.25	-1.93	-2.87	-4.12	21.6902	19.1721	16.9789	14.1815	1
70	04 45 44.556	+31 21 54.96	0.19	-3.36	-3.71	-3.89	20.2742	18.5400	17.2855	15.6432	1
132	04 46 11.638	+31 27 30.41	1.06	-1.02	-1.84	-2.91	22.6016	20.2329	18.2059	15.6009	1
135	04 46 07.193	+31 24 02.30	1.55	76.39	-0.90	-2.44	99.9999	21.0855	18.6355	15.6171	1
157	04 45 40.104	+31 22 32.14	0.79	-1.33	-2.15	-2.94	22.2944	19.9737	18.1909	15.9872	1
174	04 46 25.181	+31 21 00.96	0.32	-2.17	-2.57	-2.88	21.4583	19.6532	18.2830	16.4512	1
182	04 46 00.149	+31 19 07.38	0.61	-1.76	-2.17	-2.78	21.8677	19.9893	18.3610	16.3154	1
196	04 46 11.372	+31 23 37.08	1.15	-0.10	-1.18	-2.33	23.5193	20.8748	18.7752	16.1257	1
198	04 46 03.520	+31 23 21.89	1.39	76.39	-0.68	-2.06	99.9999	21.3367	19.0273	16.1053	1
201	04 45 43.747	+31 19 46.18	1.00	-1.23	-1.47	-2.47	22.3861	20.6163	18.6481	15.5973	1
206	04 46 01.638	+31 20 04.75	0.73	-1.16	-1.91	-2.64	22.4612	20.2305	18.4973	16.3961	1
213	04 45 57.137	+31 25 05.15	1.41	76.39	-1.15	-2.56	99.9999	20.8596	18.5251	99.9999	1
217	04 46 05.397	+31 22 51.78	1.44	76.39	-0.55	-1.99	99.9999	21.4495	19.0949	16.2195	1
223	04 46 02.966	+31 23 09.21	1.73	76.39	0.11	-1.61	99.9999	22.0594	19.4499	16.1581	1
224	04 46 15.296	+31 22 50.35	0.82	-0.63	-1.52	-2.33	22.9901	20.6072	18.7976	16.4810	1
233	04 46 06.234	+31 22 52.47	1.12	76.38	-1.06	-2.19	99.9999	20.9987	18.9215	16.2134	1
240	04 46 04.840	+31 22 34.31	1.37	76.39	-0.45	-1.82	99.9999	21.5656	19.2703	16.3839	1
241	04 46 08.586	+31 22 38.75	1.04	-0.09	-1.05	-2.09	23.5344	21.0261	19.0205	16.5067	1
244	04 46 24.371	+31 19 02.17	0.21	-1.99	-2.26	-2.48	21.6483	19.9782	18.6993	16.9846	1
252	04 46 07.519	+31 23 08.78	1.15	76.38	-0.72	-1.87	99.9999	21.3360	19.2371	16.5186	1
256	04 45 51.494	+31 23 18.99	0.35	-1.60	-1.95	-2.30	22.0297	20.2624	18.8607	17.0292	1
258	04 45 46.903	+31 24 38.84	1.12	0.30	-0.70	-1.82	23.9171	21.3637	19.2881	16.6919	1
260	04 46 07.943	+31 22 33.72	1.09	76.38	-0.82	-1.91	99.9999	21.2514	19.2008	16.6741	1
269	04 46 07.278	+31 23 47.88	1.00	76.38	-0.89	-1.89	99.9999	21.1964	19.2253	16.6743	1
274	04 46 12.899	+31 21 04.71	0.09	-1.71	-2.25	-2.33	21.9257	20.0173	18.8512	17.2767	1
288	04 46 01.802	+31 22 27.32	1.32	76.38	-0.07	-1.39	99.9999	21.9583	19.7056	16.7106	1
301	04 46 12.448	+31 20 51.39	0.63	-0.86	-1.48	-2.11	22.7666	20.6749	19.0319	16.9627	1
302	04 46 09.550	+31 24 14.89	1.16	76.38	-0.43	-1.59	99.9999	21.6283	19.5128	16.8021	1
305	04 46 06.092	+31 22 55.17	1.19	76.38	-0.43	-1.62	99.9999	21.6199	19.4848	16.7469	1
309	04 46 05.960	+31 23 04.24	1.10	76.38	-0.55	-1.65	99.9999	21.5197	19.4630	16.7542	1
315	04 46 04.330	+31 22 43.27	1.37	76.39	0.10	-1.27	99.9999	22.1134	19.8198	16.8703	1
321	04 46 09.363	+31 23 37.43	0.39	-0.90	-1.69	-2.08	22.7280	20.5148	19.0802	17.1691	1
324	04 46 05.030	+31 23 01.63	1.16	76.38	-0.34	-1.50	99.9999	21.7122	19.6034	16.7934	1
327	04 46 08.795	+31 21 05.68	0.98	76.38	-0.66	-1.64	99.9999	21.4324	19.4765	16.9805	1
331	04 46 14.542	+31 20 20.49	1.13	76.38	-0.48	-1.60	99.9999	21.5867	19.5039	16.7385	1
333	04 46 26.714	+31 25 21.71	1.13	76.38	-0.19	-1.32	99.9999	21.8717	19.7912	16.8683	1
343	04 46 07.504	+31 22 21.23	0.87	76.38	-0.76	-1.63	99.9999	21.3563	19.4962	16.9523	1
347	04 45 53.714	+31 22 43.51	0.93	76.38	-0.87	-1.79	99.9999	21.2330	19.3279	16.9499	1
355	04 46 06.710	+31 22 36.78	1.13	76.38	-0.24	-1.36	99.9999	21.8259	19.7450	17.0541	1
356	04 46 05.005	+31 22 52.93	1.26	76.38	0.19	-1.08	99.9999	22.2239	20.0207	16.9626	1
365	04 46 21.601	+31 19 08.37	0.45	-1.03	-1.41	-1.86	22.6017	20.7860	19.2956	17.3085	1
370	04 46 04.396	+31 22 59.80	1.36	76.39	0.28	-1.08	99.9999	22.2992	20.0121	17.0024	1
379	04 46 05.774	+31 22 55.02	1.15	76.38	-0.14	-1.29	99.9999	21.9140	19.8114	16.9601	1
381	04 46 11.204	+31 21 16.30	0.84	76.38	-0.80	-1.64	99.9999	21.3179	19.4839	17.2602	1
382	04 46 03.656	+31 21 41.07	0.45	-0.59	-1.26	-1.71	23.0367	20.9304	19.4432	17.3191	1
387	04 45 52.294	+31 23 19.04	0.41	-0.99	-1.43	-1.83	22.6371	20.7773	19.3275	17.4461	1
389	04 45 58.709	+31 18 22.74	0.19	-1.30	-1.63	-1.82	22.3309	20.6160	19.3612	17.6095	1
390	04 46 08.768	+31 19 48.17	0.79	76.38	-0.82	-1.61	99.9999	21.3073	19.5210	17.2743	1
391	04 46 05.611	+31 22 54.17	1.14	76.38	-0.22	-1.37	99.9999	21.8372	19.7400	17.0134	1
393	04 46 21.118	+31 22 24.09	0.29	-1.11	-1.52	-1.80	22.5210	20.7098	19.3657	17.5287	1
395	04 46 06.595	+31 19 17.75	0.72	-0.25	-0.98	-1.70	23.3731	21.1644	19.4378	17.2506	1
396	04 46 06.981	+31 28 19.71	0.66	-0.40	-1.04	-1.70	23.2307	21.1087	19.4379	17.3114	1
399	04 46 03.546	+31 23 03.66	1.17	76.38	0.25	-0.92	99.9999	22.3035	20.1849	17.1958	1
400	04 46 12.899	+31 23 36.90	0.42	-1.02	-1.38	-1.79	22.6081	20.8215	19.3652	17.4276	1
417	04 46 06.483	+31 22 55.65	0.89	76.38	-0.47	-1.36	99.9999	21.6386	19.7637	17.2019	1
420	04 45 58.033	+31 19 07.78	0.38	-0.96	-1.35	-1.73	22.6693	20.8556	19.4297	17.5253	1
421	04 46 07.921	+31 23 15.86	1.10	76.38	-0.03	-1.13	99.9999	22.0370	19.9785	17.3042	1
431	04 46 01.147	+31 25 58.90	1.22	76.38	1.10	-0.12	99.9999	23.1457	20.9837	17.2816	0
444	04 45 42.040	+31 21 52.89	0.81	76.38	-0.69	-1.50	99.9999	21.4318	19.6315	17.3775	1
447	04 46 05.209	+31 22 55.60	1.13	76.38	-0.11	-1.25	99.9999	21.9474	19.8612	17.2095	1
448	04 46 05.454	+31 22 17.17	1.34	76.39	0.25	-1.09	99.9999	22.2696	20.0042	17.3532	1
454	04 46 09.449	+31 19 14.08	0.23	-0.75	-1.44	-1.67	22.8840	20.7940	19.5047	17.7824	1
466	04 46 05.614	+31 22 56.89	0.82	76.38	-0.42	-1.24	99.9999	21.7005	19.8921	17.3119	1
468	04 46 23.335	+31 23 54.00	0.56	-0.45	-0.93	-1.49	23.1781	21.2410	19.6558	17.5586	1
469	04 46 08.926	+31 22 31.50	0.96	76.38	-0.36	-1.32	99.9999	21.7371	19.8021	17.4919	1
474	04 46 06.294	+31 22 39.56	0.78	76.38	-0.31	-1.09	99.9999	21.8171	20.0408	17.3679	1
475	04 46 06.868	+31 23 18.16	1.04	76.38	0.03	-1.00	99.9999	22.1138	20.1103	17.4263	1
484	04 46 11.395	+31 22 02.11	0.76	-0.31	-0.60	-1.36	23.3149	21.5384	19.7775	17.5458	1
489	04 46 05.804	+31 23 35.23	1.06	76.38	0.21	-0.84	99.9999	22.2903	20.2697	17.5505	1
493	04 46 07.889	+31 24 24.39	0.72	76.37	-0.56	-1.28	99.9999	21.5800	19.8595	17.5818	1
494	04 46 01.352	+31 17 31.71	0.27	-1.11	-1.26	-1.53	22.5273	20.9665	19.6405	17.9051	1
496	04 46 10.609	+31 23 18.22	1.00	76.38	-0.00	-1.00	99.9999	22.0863	20.1169	17.5780	1
498	04 46 00.656	+31 21 41.63	0.97	76.38	0.13	-0.84	99.9999	22.2199	20.2742	17.5044	1
510	04 46 03.983	+31 23 49.21	1.06	76.38	0.09	-0.97	99.9999	22.1638	20.1392	17.5804	1
514	04 46 06.399	+31 23 09.85	0.93	76.38	0.02	-0.91	99.9999	22.1184	20.2133	17.5718	1
515	04 46 03.727	+31 24 47.45	0.64	76.37	-0.60	-1.24	99.9999	21.5594	19.9035	17.6185	1
520	04 46 06.237	+31 22 48.76	0.59	76.37	-0.37	-0.95	99.9999	21.8000	20.1932	17.6057	1
522	04 46 23.404	+31 23 14.30	0.50	-0.58	-0.86	-1.36	23.0540	21.3251	19.7926	17.7930	1
525	04 46 05.628	+31 23 02.39	0.94	76.38	0.19	-0.75	99.9999	22.2848	20.3673	17.4773	1
526	04 45 55.385	+31 19 36.62	0.30	-0.67	-1.11	-1.41	22.9590	21.1125	19.7547	17.9131	1
528	04 46 05.790	+31 22 18.35	1.07	76.38	0.16	-0.91	99.9999	22.2321	20.2042	17.6140	1
535	04 46 06.471	+31 22 13.54	0.95	76.38	-0.05	-1.00	99.9999	22.0430	20.1166	17.5364	1
540	04 45 44.563	+31 20 17.80	0.71	76.37	-0.48	-1.20	99.9999	21.6597	19.9399	17.7557	1
543	04 46 04.908	+31 23 17.56	1.06	76.38	0.38	-0.67	99.9999	22.4567	20.4374	17.6494	1
546	04 46 05.385	+31 22 50.23	1.05	76.38	0.22	-0.83	99.9999	22.2956	20.2799	17.6331	1
547	04 46 05.862	+31 23 19.31	1.05	76.38	0.44	-0.62	99.9999	22.5136	20.4964	17.6750	1
548	04 45 53.906	+31 18 27.79	0.34	-0.59	-1.02	-1.37	23.0370	21.1925	19.8002	18.0048	1
559	04 46 10.626	+31 21 13.66	0.66	76.37	-0.51	-1.18	99.9999	21.6407	19.9663	17.8014	1
561	04 45 59.064	+31 21 47.21	0.57	76.37	-0.57	-1.13	99.9999	21.6061	20.0155	17.8071	1
562	04 45 46.475	+31 20 24.40	0.46	-0.31	-0.79	-1.25	23.3159	21.4045	19.9062	17.8910	1
566	04 45 53.501	+31 26 47.07	0.73	76.37	-0.42	-1.16	99.9999	21.7157	19.9796	17.7942	1
567	04 46 07.395	+31 21 25.56	1.07	76.38	0.31	-0.76	99.9999	22.3840	20.3522	17.7215	1
569	04 45 51.108	+31 20 34.18	0.68	76.37	-0.46	-1.14	99.9999	21.6853	19.9988	17.8120	1
572	04 46 05.090	+31 23 13.54	1.30	76.38	0.41	-0.89	99.9999	22.4399	20.2014	17.5054	1
577	04 46 07.593	+31 22 57.83	1.06	76.38	0.27	-0.79	99.9999	22.3438	20.3217	17.7734	1
583	04 46 13.801	+31 23 15.85	0.68	76.37	-0.22	-0.90	99.9999	21.9336	20.2448	17.8451	1
585	04 46 04.973	+31 23 00.97	1.03	76.38	0.38	-0.65	99.9999	22.4621	20.4633	17.6950	1
588	04 46 06.895	+31 23 03.69	0.94	76.38	0.02	-0.91	99.9999	22.1227	20.2079	17.6329	1
593	04 46 05.976	+31 24 03.51	0.72	76.37	-0.19	-0.91	99.9999	21.9505	20.2234	17.8376	1
595	04 45 56.430	+31 22 50.94	0.41	-0.57	-0.80	-1.21	23.0611	21.4034	19.9534	17.9842	1
600	04 45 51.372	+31 24 45.50	0.61	76.37	-0.40	-1.01	99.9999	21.7646	20.1376	17.9320	1
609	04 46 08.362	+31 22 45.34	0.87	76.38	0.13	-0.74	99.9999	22.2431	20.3860	17.8950	1
610	04 46 07.434	+31 22 12.52	0.73	76.37	-0.15	-0.87	99.9999	21.9942	20.2643	17.9219	1
621	04 46 02.703	+31 22 09.68	1.18	76.38	0.68	-0.50	99.9999	22.7337	20.6068	17.9406	1
629	04 46 07.249	+31 22 50.51	0.93	76.38	0.37	-0.57	99.9999	22.4656	20.5542	17.9742	1
639	04 46 01.151	+31 19 44.24	0.73	76.37	-0.28	-1.00	99.9999	21.8645	20.1342	18.0611	1
640	04 46 02.477	+31 20 39.15	0.93	76.38	0.30	-0.63	99.9999	22.4025	20.4939	17.9772	1
641	04 46 08.184	+31 23 43.43	1.02	76.38	0.35	-0.68	99.9999	22.4299	20.4383	17.9330	1
650	04 46 15.659	+31 24 18.62	0.46	76.37	-0.52	-0.99	99.9999	21.6677	20.1679	18.1075	1
651	04 46 15.386	+31 21 11.26	0.94	76.38	0.27	-0.68	99.9999	22.3649	20.4446	18.0044	1
652	04 46 02.037	+31 22 21.96	0.96	76.38	0.78	-0.18	99.9999	22.8712	20.9402	18.0341	1
655	04 46 08.011	+31 23 09.48	1.07	76.38	0.62	-0.45	99.9999	22.6978	20.6633	17.9803	1
661	04 46 17.643	+31 25 17.51	0.86	76.38	0.22	-0.64	99.9999	22.3298	20.4822	18.0624	1
663	04 46 03.005	+31 20 51.18	0.89	76.38	0.27	-0.62	99.9999	22.3746	20.5002	18.0787	1
667	04 46 08.292	+31 22 48.63	0.78	76.38	0.13	-0.65	99.9999	22.2565	20.4825	18.0584	1
674	04 45 49.589	+31 26 27.33	1.09	76.38	0.41	-0.68	99.9999	22.4794	20.4340	18.1127	1
675	04 46 22.304	+31 24 22.53	0.93	76.38	0.31	-0.62	99.9999	22.4146	20.5051	17.9256	1
683	04 46 07.286	+31 22 42.58	0.96	76.38	0.45	-0.51	99.9999	22.5472	20.6135	17.9706	1
684	04 46 05.870	+31 22 59.96	0.71	76.37	0.12	-0.59	99.9999	22.2650	20.5534	17.8930	1
685	04 45 45.164	+31 24 06.51	0.64	-0.30	-0.29	-0.93	23.3281	21.8718	20.2171	18.1828	1
687	04 45 41.193	+31 25 02.80	0.29	-0.35	-0.73	-1.02	23.2798	21.4983	20.1516	18.2783	1
698	04 45 59.221	+31 22 47.98	0.77	76.38	0.35	-0.43	99.9999	22.4767	20.7041	18.0979	1
703	04 46 05.195	+31 22 47.55	0.74	76.37	0.27	-0.47	99.9999	22.4087	20.6700	17.9971	1
704	04 46 07.389	+31 22 52.89	1.24	76.38	0.86	-0.38	99.9999	22.9043	20.7229	18.1428	1
706	04 46 06.077	+31 21 44.25	0.93	76.38	0.53	-0.39	99.9999	22.6345	20.7272	18.1143	1
712	04 46 08.817	+31 23 00.08	0.85	0.87	0.32	-0.53	24.4905	22.4341	20.5972	18.1434	1
723	04 46 01.606	+31 22 12.88	0.73	76.37	0.42	-0.31	99.9999	22.5627	20.8269	18.1464	1
729	04 46 07.076	+31 23 42.36	0.87	76.38	0.37	-0.50	99.9999	22.4819	20.6250	18.1556	1
731	04 46 06.894	+31 27 03.36	0.77	76.38	0.16	-0.61	99.9999	22.2879	20.5238	18.1945	1
739	04 46 01.646	+31 22 57.79	1.03	76.38	0.76	-0.27	99.9999	22.8411	20.8459	18.0572	1
745	04 46 03.635	+31 22 34.04	0.83	76.38	0.63	-0.20	99.9999	22.7481	20.9242	18.1717	1
747	04 46 10.162	+31 23 19.48	0.61	76.37	-0.17	-0.78	99.9999	21.9908	20.3652	18.2688	1
748	04 46 30.571	+31 24 09.69	0.60	76.37	-0.09	-0.70	99.9999	22.0704	20.4486	18.2498	1
767	04 46 26.265	+31 22 02.19	0.48	76.37	-0.31	-0.79	99.9999	21.8764	20.3631	18.3428	1
768	04 46 04.606	+31 22 55.69	0.56	76.37	0.20	-0.36	99.9999	22.3725	20.7849	18.1422	1
769	04 46 15.074	+31 24 11.91	0.52	76.37	-0.22	-0.74	99.9999	21.9624	20.4131	18.3160	1
772	04 46 01.076	+31 22 58.62	0.70	76.37	0.09	-0.61	99.9999	22.2338	20.5299	18.2705	1
775	04 45 44.403	+31 21 33.94	0.56	76.37	-0.24	-0.80	99.9999	21.9312	20.3514	18.3675	1
776	04 46 05.502	+31 22 24.59	0.99	76.38	0.81	-0.17	99.9999	22.9039	20.9462	18.1882	1
782	04 46 04.994	+31 23 41.56	0.86	76.38	0.44	-0.42	99.9999	22.5577	20.7106	18.2789	1
784	04 45 57.964	+31 21 34.87	0.62	76.37	-0.03	-0.66	99.9999	22.1269	20.4893	18.3286	1
785	04 46 08.371	+31 22 51.96	0.78	76.38	0.39	-0.39	99.9999	22.5209	20.7418	18.2749	1
791	04 46 11.090	+31 22 49.85	0.44	76.37	-0.34	-0.78	99.9999	21.8553	20.3790	18.3830	1
794	04 46 08.194	+31 20 57.35	0.74	76.37	0.04	-0.70	99.9999	22.1771	20.4328	18.3505	1
795	04 46 06.005	+31 22 51.85	0.41	76.37	-0.26	-0.68	99.9999	21.9407	20.4851	99.9999	1
799	04 46 07.038	+31 22 51.22	0.83	76.38	0.56	-0.27	99.9999	22.6820	20.8624	18.3035	1
817	04 46 05.283	+31 23 06.58	0.50	76.37	0.04	-0.46	99.9999	22.2268	20.6977	18.3111	1
824	04 46 07.959	+31 25 11.92	0.57	76.37	0.08	-0.49	99.9999	22.2505	20.6624	18.3853	1
836	04 46 23.050	+31 25 53.96	0.90	76.38	0.60	-0.30	99.9999	22.7037	20.8243	18.2795	1
840	04 46 10.814	+31 19 36.96	0.66	76.37	0.23	-0.44	99.9999	22.3780	20.7022	18.3817	1
842	04 46 07.521	+31 22 05.13	0.64	76.37	0.35	-0.29	99.9999	22.5103	20.8574	18.3910	1
850	04 46 01.223	+31 27 55.25	-0.13	76.36	-0.99	-0.86	99.9999	21.3187	20.3422	18.9083	1
855	04 46 05.695	+31 22 41.24	0.93	76.38	0.60	-0.33	99.9999	22.7015	20.7958	18.2560	1
856	04 45 54.398	+31 26 36.82	0.61	76.37	0.06	-0.55	99.9999	22.2246	20.5961	18.4777	1
860	04 45 53.474	+31 27 29.76	0.27	-0.29	-0.46	-0.73	23.3421	21.7692	20.4369	18.5966	1
866	04 46 04.260	+31 23 20.99	0.99	76.38	0.95	-0.04	99.9999	23.0390	21.0791	18.3810	1
875	04 46 16.899	+31 23 20.36	0.57	76.37	-0.04	-0.61	99.9999	22.1342	20.5433	18.5395	1
879	04 46 07.466	+31 23 06.53	0.66	76.37	0.38	-0.28	99.9999	22.5379	20.8657	18.4666	1
881	04 45 49.767	+31 22 43.01	0.24	76.37	-0.47	-0.71	99.9999	21.7654	20.4613	18.6515	1
885	04 45 59.457	+31 24 37.72	0.54	76.37	0.18	-0.36	99.9999	22.3569	20.7873	18.4686	1
891	04 45 59.407	+31 21 26.58	1.06	76.38	0.80	-0.26	99.9999	22.8749	20.8472	18.5143	1
898	04 46 07.478	+31 22 56.62	0.49	76.37	0.03	-0.46	99.9999	22.2125	20.6930	18.5800	1
906	04 45 44.526	+31 23 54.86	0.87	76.38	0.53	-0.34	99.9999	22.6431	20.7850	18.5517	1
908	04 46 15.844	+31 24 07.82	0.32	76.37	-0.19	-0.51	99.9999	22.0295	20.6535	18.6221	1
912	04 46 19.956	+31 26 14.82	0.86	76.38	0.68	-0.18	99.9999	22.7908	20.9446	18.5533	1
921	04 46 06.746	+31 23 25.24	0.77	76.38	0.71	-0.06	99.9999	22.8416	21.0730	18.6024	1
924	04 46 05.932	+31 22 39.22	0.96	76.38	0.56	-0.40	99.9999	22.6523	20.7156	18.5162	1
930	04 46 06.581	+31 23 04.22	0.50	76.37	0.49	-0.01	99.9999	22.6778	21.1484	18.3997	0
938	04 45 43.893	+31 22 20.44	0.34	76.37	-0.21	-0.55	99.9999	22.0078	20.6194	18.7727	1
941	04 46 09.209	+31 23 17.66	0.11	76.36	-0.17	-0.28	99.9999	22.0891	20.8981	99.9999	1
948	04 46 07.294	+31 23 25.26	0.89	76.38	0.81	-0.08	99.9999	22.9215	21.0496	18.6272	1
958	04 46 09.353	+31 22 57.75	0.71	76.37	0.52	-0.19	99.9999	22.6611	20.9439	18.6531	1
960	04 46 13.886	+31 24 56.87	0.83	76.38	0.57	-0.27	99.9999	22.6862	20.8620	18.6775	1
965	04 46 13.415	+31 23 56.69	0.81	76.38	0.66	-0.15	99.9999	22.7827	20.9757	18.6178	1
966	04 46 06.826	+31 22 48.68	0.59	76.37	0.19	-0.40	99.9999	22.3581	20.7471	99.9999	1
967	04 46 06.610	+31 23 00.72	0.77	76.38	0.72	-0.05	99.9999	22.8525	21.0886	18.5785	1
976	04 46 08.138	+31 23 23.22	1.02	76.38	1.04	0.02	99.9999	23.1239	21.1320	18.6615	1
977	04 46 15.349	+31 24 56.87	0.33	76.37	-0.06	-0.39	99.9999	22.1596	20.7803	18.7368	1
981	04 46 09.280	+31 23 10.60	0.75	76.38	0.68	-0.07	99.9999	22.8172	21.0638	18.6188	1
985	04 45 56.751	+31 22 40.20	0.61	76.37	0.50	-0.11	99.9999	22.6626	21.0350	18.6413	1
988	04 46 16.751	+31 21 18.91	0.46	76.37	0.03	-0.43	99.9999	22.2188	20.7264	18.7762	1
989	04 46 10.685	+31 21 53.30	0.60	76.37	0.30	-0.30	99.9999	22.4684	20.8470	18.7089	1
1003	04 45 58.393	+31 21 36.93	0.25	0.38	-0.23	-0.48	24.0184	22.0041	20.6910	18.8056	1
1013	04 46 05.499	+31 22 56.89	0.46	76.37	0.28	-0.18	99.9999	22.4709	20.9742	18.6467	1
1015	04 46 04.948	+31 22 49.09	0.55	76.37	0.36	-0.19	99.9999	22.5362	20.9600	18.6311	1
1024	04 45 52.991	+31 19 34.57	0.85	76.38	0.55	-0.30	99.9999	22.6667	20.8248	18.7631	1
1045	04 45 59.339	+31 22 25.33	0.66	76.37	0.42	-0.24	99.9999	22.5739	20.8997	18.7873	1
1051	04 46 06.528	+31 22 47.27	0.78	76.38	0.71	-0.08	99.9999	22.8379	21.0567	18.6989	1
1054	04 46 25.445	+31 23 56.17	0.49	76.37	0.18	-0.30	99.9999	22.3715	20.8534	18.8394	1
1061	04 46 29.936	+31 20 27.04	0.35	76.37	0.02	-0.33	99.9999	22.2331	20.8361	18.8637	1
